timestamp,latitude,longitude,accuracy,altitude
1664510400002,40.913430362876014,-73.13253502903166,7.233007372612719,44.135047072544694
1664510401002,40.913430362876014,-73.13253502903166,7.054712304953923,44.135047072544694
1664510402002,40.913430362876014,-73.13253502903166,7.079173426109342,44.135047072544694
1664510403002,40.913430362876014,-73.13253502903166,7.183037434288981,44.135047072544694
1664510404002,40.913430362876014,-73.13253502903166,7.224670525314458,44.135047072544694
1664510405002,40.913430362876014,-73.13253502903166,7.269772822761518,44.135047072544694
1664510406002,40.913430362876014,-73.13253502903166,7.345000503966677,44.135047072544694
1664510407002,40.913430362876014,-73.13253502903166,7.4334493407660895,44.135047072544694
1664510408002,40.913430362876014,-73.13253502903166,7.496084432389486,44.135047072544694
1664510409002,40.913430362876014,-73.13253502903166,7.774433301512436,44.135047072544694
1664510410002,40.913430362876014,-73.13253502903166,7.589835454088844,44.135047072544694
1664510411002,40.913430362876014,-73.13253502903166,7.804614848811312,44.135047072544694
1664510412002,40.913430362876014,-73.13253502903166,7.830728323674426,44.135047072544694
1664510413002,40.913430362876014,-73.13253502903166,7.335568856134479,44.135047072544694
1664510414002,40.913430362876014,-73.13253502903166,7.39579774467908,44.135047072544694
1664510415002,40.913430362876014,-73.13253502903166,7.472950768635044,44.135047072544694
1664510416002,40.913430362876014,-73.13253502903166,7.529576828902131,44.135047072544694
1664510417002,40.913430362876014,-73.13253502903166,7.591389521578537,44.135047072544694
1664510418002,40.913430362876014,-73.13253502903166,7.637542173946692,44.135047072544694
1664510419003,40.913430362876014,-73.13253502903166,7.6766711217278,44.135047072544694
1664510420003,40.913430362876014,-73.13253502903166,7.426511099081166,44.135047072544694
1664510421003,40.913430362876014,-73.13253502903166,7.515108996633658,44.135047072544694
1664510422003,40.913430362876014,-73.13253502903166,7.581240649883106,44.135047072544694
1664510423003,40.913430362876014,-73.13253502903166,7.311493317630103,44.135047072544694
1664510424003,40.913430362876014,-73.13253502903166,7.102737755035041,44.135047072544694
1664510425003,40.913430362876014,-73.13253502903166,7.193385188167623,44.135047072544694
1664510426003,40.913430362876014,-73.13253502903166,7.094055823085539,44.135047072544694
1664510427003,40.913430362876014,-73.13253502903166,7.167772048420527,44.135047072544694
1664510428998,40.913430362876014,-73.13253502903166,7.113076440295225,44.135047072544694
1664510429998,40.913430362876014,-73.13253502903166,7.203296200108823,44.135047072544694
1664510430998,40.913430362876014,-73.13253502903166,7.26604294560318,44.135047072544694
1664510431998,40.913430362876014,-73.13253502903166,7.322384210367606,44.135047072544694
1664510432998,40.913430362876014,-73.13253502903166,7.4012906650832475,44.135047072544694
1664510433998,40.913430362876014,-73.13253502903166,7.109693162319909,44.135047072544694
1664510434998,40.913430362876014,-73.13253502903166,6.992369062708388,44.135047072544694
1664510435998,40.913430362876014,-73.13253502903166,6.928236607875838,44.135047072544694
1664510436998,40.913430362876014,-73.13253502903166,6.852617533035287,44.135047072544694
1664510437998,40.913430362876014,-73.13253502903166,6.970227526354571,44.135047072544694
1664510438998,40.913430362876014,-73.13253502903166,6.898339963803091,44.135047072544694
1664510439998,40.913430362876014,-73.13253502903166,6.987017948372748,44.135047072544694
1664510440998,40.913430362876014,-73.13253502903166,7.092858217449288,44.135047072544694
1664510442999,40.913430362876014,-73.13253502903166,7.451990584300234,44.135047072544694
1664510444999,40.913430362876014,-73.13253502903166,6.861616298131575,44.135047072544694
1664510446999,40.913430362876014,-73.13253502903166,6.914402132300085,44.135047072544694
1664510447999,40.913430362876014,-73.13253502903166,6.816791105160251,44.135047072544694
1664510448999,40.913430362876014,-73.13253502903166,6.8803361634342295,44.135047072544694
1664510449999,40.913430362876014,-73.13253502903166,6.709434332096453,44.135047072544694
1664510450999,40.913430362876014,-73.13253502903166,6.8031042318957855,44.135047072544694
1664510451999,40.913430362876014,-73.13253502903166,6.896099154160174,44.135047072544694
1664510452999,40.913430362876014,-73.13253502903166,6.976611449642229,44.135047072544694
1664510453999,40.913430362876014,-73.13253502903166,7.084712158352742,44.135047072544694
1664510454999,40.913430362876014,-73.13253502903166,6.955102828351577,44.135047072544694
1664510455999,40.913430362876014,-73.13253502903166,7.035354809348982,44.135047072544694
1664510456999,40.913430362876014,-73.13253502903166,7.172875318041987,44.135047072544694
1664510457999,40.913430362876014,-73.13253502903166,6.933044989731935,44.135047072544694
1664510458999,40.913430362876014,-73.13253502903166,7.026456911188049,44.135047072544694
1664510460000,40.913430362876014,-73.13253502903166,6.984520811875156,44.135047072544694
1664510461000,40.913430362876014,-73.13253502903166,7.106117671080281,44.135047072544694
1664510462000,40.913430362876014,-73.13253502903166,6.998617423760033,44.135047072544694
1664510463000,40.913430362876014,-73.13253502903166,6.79876116068582,44.135047072544694
1664510464000,40.913430362876014,-73.13253502903166,6.894378194185536,44.135047072544694
1664510465000,40.913430362876014,-73.13253502903166,6.845316181141113,44.135047072544694
1664510466000,40.913430362876014,-73.13253502903166,6.93561523034676,44.135047072544694
1664510467000,40.913430362876014,-73.13253502903166,6.704418577633181,44.135047072544694
1664510468000,40.913430362876014,-73.13253502903166,6.705954287110807,44.135047072544694
1664510469000,40.913430362876014,-73.13253502903166,6.575417349503993,44.135047072544694
1664510470000,40.913430362876014,-73.13253502903166,6.5761083498995365,44.135047072544694
1664510471000,40.913430362876014,-73.13253502903166,6.461113113853175,44.135047072544694
1664510472000,40.913430362876014,-73.13253502903166,6.465793025349456,44.135047072544694
1664510473000,40.913430362876014,-73.13253502903166,6.420967985453165,44.135047072544694
1664510474000,40.913430362876014,-73.13253502903166,6.636859437002268,44.135047072544694
1664510475000,40.913430362876014,-73.13253502903166,6.561579172526499,44.135047072544694
1664510476000,40.913430362876014,-73.13253502903166,6.550998902586805,44.135047072544694
1664510477000,40.913430362876014,-73.13253502903166,6.165620690492005,44.135047072544694
1664510478000,40.913430362876014,-73.13253502903166,6.321488665135008,44.135047072544694
1664510479000,40.913430362876014,-73.13253502903166,6.212990807463883,44.135047072544694
1664510480000,40.913430362876014,-73.13253502903166,6.204074540428484,44.135047072544694
1664510481000,40.913430362876014,-73.13253502903166,6.269410281799123,44.135047072544694
1664510482000,40.913430362876014,-73.13253502903166,6.214950055527439,44.135047072544694
1664510483001,40.913430362876014,-73.13253502903166,6.32280717023009,44.135047072544694
1664510484001,40.913430362876014,-73.13253502903166,6.266872684695311,44.135047072544694
1664510485001,40.913430362876014,-73.13253502903166,6.352311613135683,44.135047072544694
1664510486024,40.913430362876014,-73.13253502903166,6.281005223414414,44.135047072544694
1664510488023,40.913430362876014,-73.13253502903166,6.330613108203348,44.135047072544694
1664510489026,40.913430362876014,-73.13253502903166,5.837234219721407,44.135047072544694
1664510491020,40.913430362876014,-73.13253502903166,5.900148622947494,44.135047072544694
1664510493013,40.913430362876014,-73.13253502903166,6.170771790004315,44.135047072544694
1664510495012,40.913430362876014,-73.13253502903166,6.551769229671928,44.135047072544694
1664510496013,40.913430362876014,-73.13253502903166,6.607763967170756,44.135047072544694
1664510497015,40.913430362876014,-73.13253502903166,6.660843424535501,44.135047072544694
1664510512012,40.91342267630584,-73.13255206856505,14.908254223562345,41.55939483642578
1664510524012,40.91342267630584,-73.13255206856505,14.908254223562345,41.66526412963867
1664510525013,40.91344530127716,-73.1325883097967,8.77347444759905,44.62311013042927
1664510527013,40.91344530127716,-73.1325883097967,9.059168305866205,44.62311013042927
1664510529011,40.91344530127716,-73.1325883097967,9.366974580789845,44.62311013042927
1664510548011,40.91342267630584,-73.13255206856505,14.908254223562345,42.05287551879883
1664510558012,40.91343976907396,-73.13255762989787,10.603083257225398,44.48002792149782
1664510560011,40.91343976907396,-73.13255762989787,11.027006149876629,44.48002792149782
1664510561012,40.91343976907396,-73.13255762989787,9.560493124326875,44.48002792149782
1664510563020,40.91343976907396,-73.13255762989787,9.878532450127453,44.48002792149782
1664510565011,40.91343976907396,-73.13255762989787,10.15164790735497,44.48002792149782
1664510567011,40.91343976907396,-73.13255762989787,10.363011976157928,44.48002792149782
1664510569003,40.91343976907396,-73.13255762989787,10.61865865183927,44.48002792149782
1664510570003,40.91343976907396,-73.13255762989787,10.736969828013915,44.48002792149782
1664510571003,40.91343976907396,-73.13255762989787,10.855813729280698,44.48002792149782
1664510572003,40.91343976907396,-73.13255762989787,10.950452339984645,44.48002792149782
1664510573003,40.91343976907396,-73.13255762989787,10.956462679855894,44.48002792149782
1664510574003,40.91343976907396,-73.13255762989787,9.68978324872068,44.48002792149782
1664510575997,40.91343976907396,-73.13255762989787,9.945461493419415,44.48002792149782
1664510576997,40.91343976907396,-73.13255762989787,10.099189339058203,44.48002792149782
1664510577998,40.91343976907396,-73.13255762989787,10.253771916977572,44.48002792149782
1664510578998,40.91335939712926,-73.13233139931516,161.30364277418562,45.791591678746045
1664510579998,40.91335939712926,-73.13233139931516,135.89427199826275,45.791591678746045
1664510580998,40.91335939712926,-73.13233139931516,130.22741324306415,45.791591678746045
1664510581998,40.91344236932631,-73.13256046297805,8.659587095677397,43.89004072267562
1664510582998,40.91344236932631,-73.13256046297805,7.287247032575791,43.89004072267562
1664510583998,40.91344236932631,-73.13256046297805,6.872499451488488,43.89004072267562
1664510584998,40.91344236932631,-73.13256046297805,6.197455128491982,43.89004072267562
1664510585998,40.91344236932631,-73.13256046297805,5.634294781168877,43.89004072267562
1664510586998,40.91344236932631,-73.13256046297805,5.516640114533662,43.89004072267562
1664510587998,40.91344236932631,-73.13256046297805,5.453457929238662,43.89004072267562
1664510588998,40.91344236932631,-73.13256046297805,5.47162664461341,43.89004072267562
1664510589998,40.91344236932631,-73.13256046297805,5.416466258651636,43.89004072267562
1664510591999,40.91344236932631,-73.13256046297805,5.30452778376518,43.89004072267562
1664510593999,40.91344236932631,-73.13256046297805,5.265949381418529,43.89004072267562
1664510594999,40.91344236932631,-73.13256046297805,5.235525580670551,43.89004072267562
1664510595999,40.91344236932631,-73.13256046297805,5.225426596302642,43.89004072267562
1664510596999,40.91344236932631,-73.13256046297805,5.195074393504567,43.89004072267562
1664510597999,40.91344236932631,-73.13256046297805,5.223527545927115,43.89004072267562
1664510598999,40.91344236932631,-73.13256046297805,5.207059032977509,43.89004072267562
1664510599999,40.91344236932631,-73.13256046297805,5.250133004759927,43.89004072267562
1664510600999,40.91344236932631,-73.13256046297805,5.231405002878347,43.89004072267562
1664510601999,40.91344236932631,-73.13256046297805,5.231906712567264,43.89004072267562
1664510602999,40.91344236932631,-73.13256046297805,5.199256043527408,43.89004072267562
1664510603999,40.91344236932631,-73.13256046297805,5.193133486002974,43.89004072267562
1664510604999,40.91344236932631,-73.13256046297805,5.18550494542087,43.89004072267562
1664510605999,40.91344236932631,-73.13256046297805,5.184854064603034,43.89004072267562
1664510607000,40.91344236932631,-73.13256046297805,5.1970867239850715,43.89004072267562
1664510608000,40.91344236932631,-73.13256046297805,5.192902118016979,43.89004072267562
1664510609000,40.91344236932631,-73.13256046297805,5.177753915956656,43.89004072267562
1664510610000,40.91344236932631,-73.13256046297805,5.1853134456213645,43.89004072267562
1664510611000,40.91344236932631,-73.13256046297805,5.193150403358018,43.89004072267562
1664510612000,40.91344236932631,-73.13256046297805,5.177481265838113,43.89004072267562
1664510613000,40.91344236932631,-73.13256046297805,5.174999643327942,43.89004072267562
1664510614000,40.91344236932631,-73.13256046297805,5.170327665411973,43.89004072267562
1664510615000,40.91344236932631,-73.13256046297805,5.16982390897198,43.89004072267562
1664510616000,40.91344236932631,-73.13256046297805,5.160383218424427,43.89004072267562
1664510617000,40.91344236932631,-73.13256046297805,5.145945499758517,43.89004072267562
1664510618000,40.91344236932631,-73.13256046297805,5.153808264993791,43.89004072267562
1664510619000,40.91344236932631,-73.13256046297805,5.147642385552439,43.89004072267562
1664510620000,40.91344236932631,-73.13256046297805,5.211932661146344,43.89004072267562
1664510621000,40.91344236932631,-73.13256046297805,5.2019873199997235,43.89004072267562
1664510622000,40.91344236932631,-73.13256046297805,5.208720122712791,43.89004072267562
1664510623000,40.91344236932631,-73.13256046297805,5.19353920582191,43.89004072267562
1664510624000,40.91344236932631,-73.13256046297805,5.176137778492925,43.89004072267562
1664510625000,40.91344236932631,-73.13256046297805,5.172447495300487,43.89004072267562
1664510626000,40.91344236932631,-73.13256046297805,5.153996672076992,43.89004072267562
1664510627000,40.91344236932631,-73.13256046297805,5.146549152131721,43.89004072267562
1664510628000,40.91344236932631,-73.13256046297805,5.153447698373667,43.89004072267562
1664510629000,40.91344236932631,-73.13256046297805,5.1312129616006406,43.89004072267562
1664510630000,40.91344236932631,-73.13256046297805,5.132220456128732,43.89004072267562
1664510631001,40.91344236932631,-73.13256046297805,5.124706050897394,43.89004072267562
1664510632001,40.91344236932631,-73.13256046297805,5.126778849082254,43.89004072267562
1664510633001,40.91344236932631,-73.13256046297805,5.116609235016903,43.89004072267562
1664510634001,40.91344236932631,-73.13256046297805,5.108568372636836,43.89004072267562
1664510635001,40.91344236932631,-73.13256046297805,5.153930769359123,43.89004072267562
1664510636001,40.91344236932631,-73.13256046297805,5.120852362303459,43.89004072267562
1664510637001,40.91344236932631,-73.13256046297805,5.128342928383851,43.89004072267562
1664510638001,40.91344236932631,-73.13256046297805,5.113670560409985,43.89004072267562
1664510639001,40.91344236932631,-73.13256046297805,5.142554889350337,43.89004072267562
1664510640001,40.91344236932631,-73.13256046297805,5.14249753641364,43.89004072267562
1664510641001,40.91344236932631,-73.13256046297805,5.14217733983133,43.89004072267562
1664510642001,40.91344236932631,-73.13256046297805,5.138355692186647,43.89004072267562
1664510643001,40.91344236932631,-73.13256046297805,5.139882358359922,43.89004072267562
1664510644001,40.91344236932631,-73.13256046297805,5.125119178849515,43.89004072267562
1664510645001,40.91344236932631,-73.13256046297805,5.131797254855735,43.89004072267562
1664510646001,40.91344236932631,-73.13256046297805,5.117010599521559,43.89004072267562
1664510647001,40.91344236932631,-73.13256046297805,5.125676187228241,43.89004072267562
1664510648001,40.91344236932631,-73.13256046297805,5.169292301131618,43.89004072267562
1664510649001,40.91344236932631,-73.13256046297805,5.169038356646885,43.89004072267562
1664510650001,40.91344236932631,-73.13256046297805,5.143965820727748,43.89004072267562
1664510651001,40.91344236932631,-73.13256046297805,5.141230879498581,43.89004072267562
1664510652001,40.91344236932631,-73.13256046297805,5.135118746663274,43.89004072267562
1664510653001,40.91344236932631,-73.13256046297805,5.123536243571723,43.89004072267562
1664510654001,40.91344236932631,-73.13256046297805,5.1342638065499715,43.89004072267562
1664510655001,40.91344236932631,-73.13256046297805,5.187627348530677,43.89004072267562
1664510656001,40.91344236932631,-73.13256046297805,5.194092541248518,43.89004072267562
1664510657001,40.91344236932631,-73.13256046297805,5.191742803313752,43.89004072267562
1664510658001,40.91344236932631,-73.13256046297805,5.173684121961577,43.89004072267562
1664510659001,40.91344236932631,-73.13256046297805,5.136905700806946,43.89004072267562
1664510660001,40.91344236932631,-73.13256046297805,5.171909399003193,43.89004072267562
1664510661001,40.91344236932631,-73.13256046297805,5.136061829440684,43.89004072267562
1664510662002,40.91344236932631,-73.13256046297805,5.096965433751291,43.89004072267562
1664510663002,40.91344236932631,-73.13256046297805,5.081666287168347,43.89004072267562
1664510664002,40.91344236932631,-73.13256046297805,5.088385883271043,43.89004072267562
1664510665002,40.91344236932631,-73.13256046297805,5.0930913349726445,43.89004072267562
1664510666002,40.91344236932631,-73.13256046297805,5.096363270067245,43.89004072267562
1664510667002,40.91344236932631,-73.13256046297805,5.0969104960642495,43.89004072267562
1664510668002,40.91344236932631,-73.13256046297805,5.0879437060902095,43.89004072267562
1664510669002,40.91344236932631,-73.13256046297805,5.102102268317246,43.89004072267562
1664510670002,40.91344236932631,-73.13256046297805,5.084073065062166,43.89004072267562
1664510671002,40.91344236932631,-73.13256046297805,5.082021079076196,43.89004072267562
1664510672002,40.91344236932631,-73.13256046297805,5.0745060362764285,43.89004072267562
1664510673002,40.91344236932631,-73.13256046297805,5.136257278789843,43.89004072267562
1664510674002,40.91344236932631,-73.13256046297805,5.157739674578137,43.89004072267562
1664510675002,40.91344236932631,-73.13256046297805,5.153118314092821,43.89004072267562
1664510676002,40.91344236932631,-73.13256046297805,5.166493583691879,43.89004072267562
1664510677002,40.91344236932631,-73.13256046297805,5.1375235250735845,43.89004072267562
1664510678002,40.91344236932631,-73.13256046297805,5.141015141318877,43.89004072267562
1664510679002,40.91344236932631,-73.13256046297805,5.1127435126523135,43.89004072267562
1664510680002,40.91344236932631,-73.13256046297805,5.136956630309228,43.89004072267562
1664510681002,40.91344236932631,-73.13256046297805,5.147124710752482,43.89004072267562
1664510682002,40.91344236932631,-73.13256046297805,5.135971276542184,43.89004072267562
1664510683002,40.91344236932631,-73.13256046297805,5.15205094448644,43.89004072267562
1664510684002,40.91344236932631,-73.13256046297805,5.160364241112154,43.89004072267562
1664510685002,40.91344236932631,-73.13256046297805,5.157493932675792,43.89004072267562
1664510686002,40.91344236932631,-73.13256046297805,5.157576174035578,43.89004072267562
1664510687002,40.91344236932631,-73.13256046297805,5.144695567633071,43.89004072267562
1664510688002,40.91344236932631,-73.13256046297805,5.148249632383902,43.89004072267562
1664510689002,40.91344236932631,-73.13256046297805,5.124476911077988,43.89004072267562
1664510690002,40.91344236932631,-73.13256046297805,5.145243531179318,43.89004072267562
1664510691002,40.91344236932631,-73.13256046297805,5.149401830427758,43.89004072267562
1664510692002,40.91344236932631,-73.13256046297805,5.203652523432338,43.89004072267562
1664510693002,40.91344236932631,-73.13256046297805,5.207431253402511,43.89004072267562
1664510694002,40.91344236932631,-73.13256046297805,5.1405196892702225,43.89004072267562
1664510695003,40.91344236932631,-73.13256046297805,5.124839957016471,43.89004072267562
1664510696003,40.91344236932631,-73.13256046297805,5.102424507319024,43.89004072267562
1664510697003,40.91344236932631,-73.13256046297805,5.128783816776452,43.89004072267562
1664510698003,40.91344236932631,-73.13256046297805,5.140937823466054,43.89004072267562
1664510699003,40.91344236932631,-73.13256046297805,5.192495232312894,43.89004072267562
1664510700003,40.91344236932631,-73.13256046297805,5.162539309979371,43.89004072267562
1664510701998,40.91344236932631,-73.13256046297805,5.137045378491874,43.89004072267562
1664510702998,40.91344236932631,-73.13256046297805,5.135714651101868,43.89004072267562
1664510703998,40.91344236932631,-73.13256046297805,5.135376985217902,43.89004072267562
1664510704998,40.91344236932631,-73.13256046297805,5.162540498643724,43.89004072267562
1664510705998,40.91344236932631,-73.13256046297805,5.196313800059927,43.89004072267562
1664510706998,40.91344236932631,-73.13256046297805,5.202198853716619,43.89004072267562
1664510707998,40.91344236932631,-73.13256046297805,5.2100279791959325,43.89004072267562
1664510708998,40.91344236932631,-73.13256046297805,5.205477222090174,43.89004072267562
1664510709998,40.91344236932631,-73.13256046297805,5.245847655412233,43.89004072267562
1664510710998,40.91344236932631,-73.13256046297805,5.250718277474895,43.89004072267562
1664510711998,40.91344236932631,-73.13256046297805,5.228656077558998,43.89004072267562
1664510712998,40.91344236932631,-73.13256046297805,5.181575695774739,43.89004072267562
1664510713998,40.91344236932631,-73.13256046297805,5.178902485480893,43.89004072267562
1664510715026,40.91344236932631,-73.13256046297805,5.146756888462693,43.89004072267562
1664510716999,40.91344236932631,-73.13256046297805,5.1226542860938835,43.89004072267562
1664510717999,40.91344236932631,-73.13256046297805,5.106215157033575,43.89004072267562
1664510719999,40.91344236932631,-73.13256046297805,5.111889556566733,43.89004072267562
1664510721026,40.91344236932631,-73.13256046297805,5.109236711224983,43.89004072267562
1664510723025,40.91344236932631,-73.13256046297805,5.1259057672639825,43.89004072267562
1664510725026,40.91344236932631,-73.13256046297805,5.165940748318353,43.89004072267562
1664510727025,40.91344236932631,-73.13256046297805,5.224493222326462,43.89004072267562
1664510728025,40.91344236932631,-73.13256046297805,5.243295666870652,43.89004072267562
1664510730024,40.91344236932631,-73.13256046297805,5.181799212755585,43.89004072267562
1664510731025,40.91344236932631,-73.13256046297805,5.203504167982012,43.89004072267562
1664510733027,40.91344236932631,-73.13256046297805,5.197422814873163,43.89004072267562
1664510735025,40.91344236932631,-73.13256046297805,5.172116477618981,43.89004072267562
1664510736025,40.91344236932631,-73.13256046297805,5.1623407145644435,43.89004072267562
1664510737026,40.91344236932631,-73.13256046297805,5.160069013985173,43.89004072267562
1664510739026,40.91344236932631,-73.13256046297805,5.179242970109074,43.89004072267562
1664510741013,40.91344236932631,-73.13256046297805,5.134672349200366,43.89004072267562
1664510743012,40.91344236932631,-73.13256046297805,5.548875519302235,43.89004072267562
1664510744014,40.91344236932631,-73.13256046297805,5.689719857146025,43.89004072267562
1664510746011,40.91344236932631,-73.13256046297805,5.78631857671602,43.89004072267562
1664510763020,40.91342267630584,-73.13255206856505,14.908254223562345,41.36512756347656
1664510764014,40.91343718180904,-73.13255788059944,8.767013498371375,44.11855841986835
1664510766012,40.91343718180904,-73.13255788059944,8.307956152281426,44.11855841986835
1664510767012,40.91343718180904,-73.13255788059944,8.45477100475832,44.11855841986835
1664510769012,40.91343718180904,-73.13255788059944,8.725232387658117,44.11855841986835
1664510771001,40.91343718180904,-73.13255788059944,9.040731049488732,44.11855841986835
1664510772012,40.91343718180904,-73.13255788059944,9.197540518108246,44.11855841986835
1664510773012,40.91343718180904,-73.13255788059944,9.320686573202881,44.11855841986835
1664510774013,40.91343718180904,-73.13255788059944,9.505373495444031,44.11855841986835
1664510781012,40.91343701428149,-73.13254509083741,9.46739113393672,44.1885868255049
1664510782012,40.91343701428149,-73.13254509083741,9.643567009123558,44.1885868255049
1664510783040,40.91343701428149,-73.13254509083741,9.755984635920592,44.1885868255049
1664510785011,40.91343701428149,-73.13254509083741,10.03213923395551,44.1885868255049
1664510786012,40.91343701428149,-73.13254509083741,10.030476736764998,44.1885868255049
1664510799012,40.91342267630584,-73.13255206856505,14.908254223562345,44.18011474609375
1664510811011,40.91342267630584,-73.13255206856505,14.908254223562345,41.71045684814453
1664510816104,40.91342267630584,-73.13255206856505,14.908254223562345,42.04442596435547
1664510822202,40.91342267630584,-73.13255206856505,14.908254223562345,42.81871795654297
1664510834011,40.91342267630584,-73.13255206856505,14.908254223562345,43.76338195800781
1664510846010,40.91342267630584,-73.13255206856505,14.908254223562345,46.34090805053711
1664510858010,40.91342267630584,-73.13255206856505,14.908254223562345,46.366920471191406
1664510866011,40.913440685304714,-73.13252414808714,10.242914653547446,46.34296159632504
1664510867011,40.913440685304714,-73.13252414808714,10.338922668657183,46.34296159632504
1664510869011,40.913440685304714,-73.13252414808714,10.592061553269561,46.34296159632504
1664510870011,40.913440685304714,-73.13252414808714,10.73569780706619,46.34296159632504
1664510875011,40.913440685304714,-73.13252414808714,10.092091410498936,46.34296159632504
1664510876012,40.913440685304714,-73.13252414808714,10.190332994317266,46.34296159632504
1664510878011,40.913440685304714,-73.13252414808714,10.408943442592246,46.34296159632504
1664510879012,40.913440685304714,-73.13252414808714,10.556421554404093,46.34296159632504
1664510881012,40.913440685304714,-73.13252414808714,10.78739899342025,46.34296159632504
1664510883037,40.913440685304714,-73.13252414808714,9.522011733928641,46.34296159632504
1664510885010,40.913440685304714,-73.13252414808714,9.773051794860084,46.34296159632504
1664510886012,40.913440685304714,-73.13252414808714,9.89841296487668,46.34296159632504
1664510888012,40.913440685304714,-73.13252414808714,10.16617010669432,46.34296159632504
1664510890011,40.913440685304714,-73.13252414808714,10.437590535065663,46.34296159632504
1664510891011,40.913440685304714,-73.13252414808714,10.76756793100035,46.34296159632504
1664510893012,40.913440685304714,-73.13252414808714,10.980390378586552,46.34296159632504
1664510895012,40.913440685304714,-73.13252414808714,9.627992514005815,46.34296159632504
1664510897011,40.913440685304714,-73.13252414808714,9.931588648611422,46.34296159632504
1664510898012,40.913440685304714,-73.13252414808714,10.03770378713043,46.34296159632504
1664510900011,40.913440685304714,-73.13252414808714,10.303108433356691,46.34296159632504
1664510902010,40.913440685304714,-73.13252414808714,10.529736095486363,46.34296159632504
1664510903011,40.913440685304714,-73.13252414808714,10.632725393341572,46.34296159632504
1664510904011,40.913440685304714,-73.13252414808714,10.759498146538839,46.34296159632504
1664510905011,40.913440685304714,-73.13252414808714,10.889344673224212,46.34296159632504
1664510906012,40.913440685304714,-73.13252414808714,10.995156083516312,46.34296159632504
1664510908011,40.913440685304714,-73.13252414808714,9.709899398868675,46.34296159632504
1664510909011,40.913440685304714,-73.13252414808714,9.850783688721942,46.34296159632504
1664510910012,40.913440685304714,-73.13252414808714,9.98761275617288,46.34296159632504
1664510912010,40.913440685304714,-73.13252414808714,10.443739366722246,46.34296159632504
1664510913011,40.913440685304714,-73.13252414808714,10.528590874191822,46.34296159632504
1664510914011,40.913440685304714,-73.13252414808714,10.656598508284457,46.34296159632504
1664510916012,40.913440685304714,-73.13252414808714,10.872399877071436,46.34296159632504
1664510917012,40.913440685304714,-73.13252414808714,11.008031139859993,46.34296159632504
1664510919012,40.913440685304714,-73.13252414808714,11.102515367779349,46.34296159632504
1664510920012,40.913440685304714,-73.13252414808714,9.745874091535413,46.34296159632504
1664510922011,40.913440685304714,-73.13252414808714,10.026492710708245,46.34296159632504
1664510924011,40.913440685304714,-73.13252414808714,10.278422207184324,46.34296159632504
1664510926011,40.913440685304714,-73.13252414808714,10.524846734306632,46.34296159632504
1664510928011,40.913440685304714,-73.13252414808714,10.776896952123577,46.34296159632504
1664510930010,40.913440685304714,-73.13252414808714,11.017535941720496,46.34296159632504
1664510931012,40.913440685304714,-73.13252414808714,9.555488823218022,46.34296159632504
1664510933011,40.913440685304714,-73.13252414808714,9.827169033515116,46.34296159632504
1664510934011,40.913440685304714,-73.13252414808714,9.954945932714057,46.34296159632504
1664510936011,40.913440685304714,-73.13252414808714,10.396288861127509,46.34296159632504
1664510938009,40.913440685304714,-73.13252414808714,10.69050363390839,46.34296159632504
1664510939010,40.913440685304714,-73.13252414808714,10.77535859807535,46.34296159632504
1664510941009,40.913440685304714,-73.13252414808714,10.967150736412982,46.34296159632504
1664510943011,40.913440685304714,-73.13252414808714,11.095360227230236,46.34296159632504
1664510945010,40.913440685304714,-73.13252414808714,9.909782069357153,46.34296159632504
1664510947010,40.913440685304714,-73.13252414808714,10.140456178675102,46.34296159632504
1664510948010,40.913440685304714,-73.13252414808714,10.28414362047707,46.34296159632504
1664510950010,40.913440685304714,-73.13252414808714,10.541120240021685,46.34296159632504
1664510952008,40.913440685304714,-73.13252414808714,10.781825421811384,46.34296159632504
1664510953008,40.913440685304714,-73.13252414808714,10.909630574639708,46.34296159632504
1664510955010,40.913440685304714,-73.13252414808714,9.58030529018702,46.34296159632504
1664510957007,40.913440685304714,-73.13252414808714,9.830643897117683,46.34296159632504
1664510958008,40.913440685304714,-73.13252414808714,10.198275649645474,46.34296159632504
1664510960008,40.913440685304714,-73.13252414808714,10.417057925366949,46.34296159632504
1664510961009,40.913440685304714,-73.13252414808714,10.489661915832068,46.34296159632504
1664510962010,40.913440685304714,-73.13252414808714,10.612094995579149,46.34296159632504
1664510963015,40.913440685304714,-73.13252414808714,10.716871151892324,46.34296159632504
1664510965009,40.913440685304714,-73.13252414808714,10.960245131582024,46.34296159632504
1664510966009,40.913440685304714,-73.13252414808714,11.073779616838186,46.34296159632504
1664510967010,40.913440685304714,-73.13252414808714,11.083290717049051,46.34296159632504
1664510968010,40.913440685304714,-73.13252414808714,9.756848382054727,46.34296159632504
1664510970009,40.913440685304714,-73.13252414808714,10.008552374324156,46.34296159632504
1664510972009,40.913440685304714,-73.13252414808714,10.265718183851112,46.34296159632504
1664510973010,40.913440685304714,-73.13252414808714,10.40761766251081,46.34296159632504
1664510975009,40.913440685304714,-73.13252414808714,10.86644409007527,46.34296159632504
1664510977009,40.913440685304714,-73.13252414808714,11.07001549648174,46.34296159632504
1664510978009,40.913440685304714,-73.13252414808714,11.186366169583424,46.34296159632504
1664510979011,40.913440685304714,-73.13252414808714,11.156363167052293,46.34296159632504
1664510981009,40.913440685304714,-73.13252414808714,9.976183470956551,46.34296159632504
1664510982009,40.913440685304714,-73.13252414808714,10.089688506391386,46.34296159632504
1664510983036,40.913440685304714,-73.13252414808714,10.219320094548454,46.34296159632504
1664510985009,40.913440685304714,-73.13252414808714,10.45549061663842,46.34296159632504
1664510987010,40.913440685304714,-73.13252414808714,10.73127985599401,46.34296159632504
1664510988011,40.913440685304714,-73.13252414808714,10.8393365427669,46.34296159632504
1664510990010,40.913440685304714,-73.13252414808714,11.086263254531183,46.34296159632504
1664510992008,40.913440685304714,-73.13252414808714,9.972777048469064,46.34296159632504
1664510993008,40.913440685304714,-73.13252414808714,10.021215057378825,46.34296159632504
1664510994008,40.913440685304714,-73.13252414808714,10.191129556109747,46.34296159632504
1664510995008,40.913440685304714,-73.13252414808714,10.312391208858221,46.34296159632504
1664510996008,40.913440685304714,-73.13252414808714,10.424472371894321,46.34296159632504
1664510997996,40.913440685304714,-73.13252414808714,10.672538755269194,46.34296159632504
1664510998996,40.913440685304714,-73.13252414808714,10.759091143410705,46.34296159632504
1664510999996,40.913440685304714,-73.13252414808714,10.892525274253801,46.34296159632504
1664511000996,40.913440685304714,-73.13252414808714,11.037390400838612,46.34296159632504
1664511001996,40.913440685304714,-73.13252414808714,11.146507486214928,46.34296159632504
1664511002997,40.913440685304714,-73.13252414808714,9.663293917448323,46.34296159632504
1664511003997,40.913440685304714,-73.13252414808714,9.79589750731568,46.34296159632504
1664511004997,40.913440685304714,-73.13252414808714,9.935985794230104,46.34296159632504
1664511005997,40.913440685304714,-73.13252414808714,10.060560322223372,46.34296159632504
1664511006997,40.913440685304714,-73.13252414808714,10.21241644492735,46.34296159632504
1664511007997,40.913440685304714,-73.13252414808714,10.533280447693894,46.34296159632504
1664511008997,40.913440685304714,-73.13252414808714,10.605918560033562,46.34296159632504
1664511009998,40.913440685304714,-73.13252414808714,10.731323333222877,46.34296159632504
1664511010998,40.913440685304714,-73.13252414808714,10.835809358178487,46.34296159632504
1664511011998,40.913440685304714,-73.13252414808714,10.98272637064404,46.34296159632504
1664511012998,40.913440685304714,-73.13252414808714,11.104203466460175,46.34296159632504
1664511013998,40.913440685304714,-73.13252414808714,11.220460512176993,46.34296159632504
1664511014998,40.913440685304714,-73.13252414808714,9.688249088411826,46.34296159632504
1664511015998,40.913440685304714,-73.13252414808714,9.856943452818456,46.34296159632504
1664511016998,40.913440685304714,-73.13252414808714,9.97089577142731,46.34296159632504
1664511017998,40.913440685304714,-73.13252414808714,10.10087806453981,46.34296159632504
1664511018999,40.913440685304714,-73.13252414808714,10.223882095977926,46.34296159632504
1664511019999,40.913440685304714,-73.13252414808714,10.381599051196867,46.34296159632504
1664511020999,40.913440685304714,-73.13252414808714,10.497018609461868,46.34296159632504
1664511021999,40.913440685304714,-73.13252414808714,10.60578371210028,46.34296159632504
1664511022999,40.913440685304714,-73.13252414808714,10.705617087533478,46.34296159632504
1664511023999,40.913440685304714,-73.13252414808714,10.807368380938122,46.34296159632504
1664511024999,40.913440685304714,-73.13252414808714,10.950459769197778,46.34296159632504
1664511025999,40.913440685304714,-73.13252414808714,11.077102503950817,46.34296159632504
1664511026999,40.913440685304714,-73.13252414808714,11.18274695156373,46.34296159632504
1664511027999,40.913440685304714,-73.13252414808714,11.31560329121416,46.34296159632504
1664511028999,40.913440685304714,-73.13252414808714,11.437056873796731,46.34296159632504
1664511029999,40.913440685304714,-73.13252414808714,11.58480441177799,46.34296159632504
1664511030999,40.913440696599956,-73.1325242611201,200.0,46.342960357666016
1664511032000,40.91344127831503,-73.13253008241108,200.0,46.34291458129883
1664511033000,40.913440685304714,-73.13252414808714,293.10411079926894,46.34296159632504
1664511034000,40.913440685304714,-73.13252414808714,332.7966152540365,46.34296159632504
1664511035000,40.913440685304714,-73.13252414808714,372.63668755478886,46.34296159632504
1664511036014,40.913440685304714,-73.13252414808714,391.5570713048749,46.34296159632504
1664511042013,40.91343478746493,-73.13251567264757,11.035043033318473,44.03628483880311
1664511044013,40.91343478746493,-73.13251567264757,11.241057599122847,44.03628483880311
1664511046013,40.91343478746493,-73.13251567264757,11.488830802506492,44.03628483880311
1664511060011,40.91342267630584,-73.13255206856505,14.908254223562345,41.462886810302734
1664511072010,40.91342267630584,-73.13255206856505,14.908254223562345,41.613773345947266
1664511077018,40.91342267630584,-73.13255206856505,14.908254223562345,44.195186614990234
1664511083041,40.91342267630584,-73.13255206856505,14.908254223562345,44.17760467529297
1664511093011,40.91343319008602,-73.13252336813322,11.459871824682143,44.63181712664664
1664511094012,40.91343319008602,-73.13252336813322,11.528744707937083,44.63181712664664
1664511096012,40.91343319008602,-73.13252336813322,10.036927394137168,44.63181712664664
1664511098011,40.91343319008602,-73.13252336813322,10.166513138973942,44.63181712664664
1664511100011,40.91343319008602,-73.13252336813322,10.588435393584513,44.63181712664664
1664511102011,40.91343319008602,-73.13252336813322,10.817402878539,44.63181712664664
1664511103013,40.91343319008602,-73.13252336813322,10.94036705768875,44.63181712664664
1664511105012,40.91343319008602,-73.13252336813322,11.168078407693846,44.63181712664664
1664511107012,40.91343319008602,-73.13252336813322,11.385510694656277,44.63181712664664
1664511108013,40.91343319008602,-73.13252336813322,9.853019235708857,44.63181712664664
1664511110012,40.91343319008602,-73.13252336813322,10.11536630167055,44.63181712664664
1664511112011,40.91343319008602,-73.13252336813322,10.541478609036819,44.63181712664664
1664511114011,40.91343319008602,-73.13252336813322,10.770566884135262,44.63181712664664
1664511115012,40.91343319008602,-73.13252336813322,10.907117939574604,44.63181712664664
1664511117011,40.91343319008602,-73.13252336813322,11.107764379580786,44.63181712664664
1664511118011,40.91343319008602,-73.13252336813322,11.224110466421985,44.63181712664664
1664511120012,40.91343319008602,-73.13252336813322,9.780732672430002,44.63181712664664
1664511122011,40.91343319008602,-73.13252336813322,10.01039319417002,44.63181712664664
1664511124011,40.91343319008602,-73.13252336813322,10.3007982434943,44.63181712664664
1664511126011,40.91343319008602,-73.13252336813322,10.529377618934078,44.63181712664664
1664511127011,40.91343319008602,-73.13252336813322,10.6650468144977,44.63181712664664
1664511129010,40.91343319008602,-73.13252336813322,10.947275699320096,44.63181712664664
1664511130011,40.91343319008602,-73.13252336813322,11.057346871651525,44.63181712664664
1664511132013,40.91343319008602,-73.13252336813322,9.774527996581615,44.63181712664664
1664511134010,40.91343319008602,-73.13252336813322,10.065525380017295,44.63181712664664
1664511136009,40.91343319008602,-73.13252336813322,10.321140128264133,44.63181712664664
1664511137010,40.91343319008602,-73.13252336813322,10.443948075090402,44.63181712664664
1664511139011,40.91343319008602,-73.13252336813322,10.684506059104109,44.63181712664664
1664511141011,40.91343319008602,-73.13252336813322,10.915546249432865,44.63181712664664
1664511143011,40.91343319008602,-73.13252336813322,11.141277424024882,44.63181712664664
1664511144012,40.91343319008602,-73.13252336813322,9.662527048602739,44.63181712664664
1664511146011,40.91343319008602,-73.13252336813322,9.942224851752382,44.63181712664664
1664511148010,40.91343319008602,-73.13252336813322,10.200586058312501,44.63181712664664
1664511150012,40.91343319008602,-73.13252336813322,10.56421437776452,44.63181712664664
1664511151012,40.91343319008602,-73.13252336813322,10.727852700506602,44.63181712664664
1664511153010,40.91343319008602,-73.13252336813322,10.945368307811432,44.63181712664664
1664511154011,40.91343319008602,-73.13252336813322,11.05626866678684,44.63181712664664
1664511156012,40.91343319008602,-73.13252336813322,9.714785685144896,44.63181712664664
1664511158010,40.91343319008602,-73.13252336813322,9.98555571709898,44.63181712664664
1664511160010,40.91343319008602,-73.13252336813322,10.248568251649939,44.63181712664664
1664511162010,40.91343319008602,-73.13252336813322,10.474627288156116,44.63181712664664
1664511163017,40.91343319008602,-73.13252336813322,10.619131970458728,44.63181712664664
1664511165009,40.91343319008602,-73.13252336813322,10.878387633860424,44.63181712664664
1664511166010,40.91343319008602,-73.13252336813322,11.001541887153621,44.63181712664664
1664511168013,40.91343319008602,-73.13252336813322,9.678759077170268,44.63181712664664
1664511170011,40.91343319008602,-73.13252336813322,10.071299849638523,44.63181712664664
1664511172010,40.91343319008602,-73.13252336813322,10.343877639108358,44.63181712664664
1664511173011,40.91343319008602,-73.13252336813322,10.456095624165394,44.63181712664664
1664511175011,40.91343319008602,-73.13252336813322,10.699357556295158,44.63181712664664
1664511177011,40.91343319008602,-73.13252336813322,10.921798536256528,44.63181712664664
1664511179011,40.91343319008602,-73.13252336813322,11.163281973891744,44.63181712664664
1664511180012,40.91343319008602,-73.13252336813322,11.168270881019676,44.63181712664664
1664511182010,40.91343319008602,-73.13252336813322,9.954432496474494,44.63181712664664
1664511183035,40.91343319008602,-73.13252336813322,10.101499117156791,44.63181712664664
1664511185010,40.91343319008602,-73.13252336813322,10.493693304495043,44.63181712664664
1664511187012,40.91343319008602,-73.13252336813322,10.682608037974449,44.63181712664664
1664511189011,40.91343319008602,-73.13252336813322,10.952343335340085,44.63181712664664
1664511191010,40.91343319008602,-73.13252336813322,11.181149389966077,44.63181712664664
1664511192013,40.91343319008602,-73.13252336813322,9.691290049972134,44.63181712664664
1664511194010,40.91343319008602,-73.13252336813322,9.95431441453769,44.63181712664664
1664511196009,40.91343319008602,-73.13252336813322,10.211439432926706,44.63181712664664
1664511197010,40.91343319008602,-73.13252336813322,10.332600733988725,44.63181712664664
1664511200009,40.91343319008602,-73.13252336813322,10.889341131515929,44.63181712664664
1664511201009,40.91343319008602,-73.13252336813322,10.9935989877731,44.63181712664664
1664511203010,40.91343319008602,-73.13252336813322,11.209905782369093,44.63181712664664
1664511204010,40.91343319008602,-73.13252336813322,11.18294554503719,44.63181712664664
1664511206009,40.91343319008602,-73.13252336813322,9.960075262525919,44.63181712664664
1664511207009,40.91343319008602,-73.13252336813322,10.090682960552595,44.63181712664664
1664511209009,40.91343319008602,-73.13252336813322,10.344645723002074,44.63181712664664
1664511210009,40.91343319008602,-73.13252336813322,10.484697544809206,44.63181712664664
1664511212009,40.91343319008602,-73.13252336813322,10.734678964530511,44.63181712664664
1664511214009,40.91343319008602,-73.13252336813322,10.978479939075305,44.63181712664664
1664511216010,40.91343319008602,-73.13252336813322,11.244316988069256,44.63181712664664
1664511218009,40.91343319008602,-73.13252336813322,9.993766229023406,44.63181712664664
1664511220009,40.91343319008602,-73.13252336813322,10.294094960126282,44.63181712664664
1664511222009,40.91343319008602,-73.13252336813322,10.534748461921758,44.63181712664664
1664511224009,40.91343319008602,-73.13252336813322,10.73563306757309,44.63181712664664
1664511226009,40.91343319008602,-73.13252336813322,11.01135869250565,44.63181712664664
1664511228010,40.91343319008602,-73.13252336813322,9.653033810226294,44.63181712664664
1664511230009,40.91343319008602,-73.13252336813322,9.919494454408051,44.63181712664664
1664511232009,40.91343319008602,-73.13252336813322,10.178420379722814,44.63181712664664
1664511233010,40.91343319008602,-73.13252336813322,10.310069080032022,44.63181712664664
1664511234011,40.91343319008602,-73.13252336813322,10.454844629712184,44.63181712664664
1664511236011,40.91343319008602,-73.13252336813322,10.879171578507224,44.63181712664664
1664511238010,40.91343319008602,-73.13252336813322,11.093955745376698,44.63181712664664
1664511239011,40.91343319008602,-73.13252336813322,11.200606207757698,44.63181712664664
1664511241009,40.91343319008602,-73.13252336813322,9.783493476075307,44.63181712664664
1664511242009,40.91343319008602,-73.13252336813322,9.941726355715545,44.63181712664664
1664511244009,40.91343319008602,-73.13252336813322,10.18867559933483,44.63181712664664
1664511246009,40.91343319008602,-73.13252336813322,10.658605179790952,44.63181712664664
1664511248009,40.91343319008602,-73.13252336813322,10.870527256229261,44.63181712664664
1664511250009,40.91343319008602,-73.13252336813322,11.122638099614148,44.63181712664664
1664511252010,40.91343319008602,-73.13252336813322,9.698190287271844,44.63181712664664
1664511254008,40.91343319008602,-73.13252336813322,9.951272129706764,44.63181712664664
1664511256009,40.91343319008602,-73.13252336813322,10.246123693956873,44.63181712664664
1664511258009,40.91343319008602,-73.13252336813322,10.487467963789147,44.63181712664664
1664511260009,40.91343319008602,-73.13252336813322,10.756597096454101,44.63181712664664
1664511270011,40.91343236256876,-73.13251863393245,10.518535549944037,44.36201822105795
1664511272011,40.91343236256876,-73.13251863393245,10.73579002326759,44.36201822105795
1664511274010,40.91343236256876,-73.13251863393245,10.988099874679683,44.36201822105795
1664511276011,40.91343236256876,-73.13251863393245,9.65822717612765,44.36201822105795
1664511278009,40.91343236256876,-73.13251863393245,10.08050161404697,44.36201822105795
1664511279011,40.91343236256876,-73.13251863393245,10.06234722990887,44.36201822105795
1664511281010,40.91343236256876,-73.13251863393245,10.432847114289105,44.36201822105795
1664511283036,40.91343236256876,-73.13251863393245,10.714790322268279,44.36201822105795
1664511285011,40.91343236256876,-73.13251863393245,10.967424985430076,44.36201822105795
1664511287010,40.91343236256876,-73.13251863393245,11.147421037255052,44.36201822105795
1664511288011,40.91343236256876,-73.13251863393245,11.165436949108907,44.36201822105795
1664511290011,40.91343236256876,-73.13251863393245,9.964511825423061,44.36201822105795
1664511292010,40.91343236256876,-73.13251863393245,10.213115681066345,44.36201822105795
1664511294008,40.91343236256876,-73.13251863393245,10.493088687639423,44.36201822105795
1664511296007,40.91343236256876,-73.13251863393245,10.707419699771988,44.36201822105795
1664511297009,40.91343236256876,-73.13251863393245,10.837229224074374,44.36201822105795
1664511298011,40.91343236256876,-73.13251863393245,10.991070877964,44.36201822105795
1664511300011,40.91343236256876,-73.13251863393245,9.6760580171328,44.36201822105795
1664511302010,40.91343236256876,-73.13251863393245,10.088384720371328,44.36201822105795
1664511304010,40.91343236256876,-73.13251863393245,10.277400286032787,44.36201822105795
1664511306010,40.91343236256876,-73.13251863393245,10.557124257471528,44.36201822105795
1664511308010,40.91343236256876,-73.13251863393245,10.792069798390974,44.36201822105795
1664511310010,40.91343236256876,-73.13251863393245,11.041775310029127,44.36201822105795
1664511312011,40.91343236256876,-73.13251863393245,9.69962500698835,44.36201822105795
1664511314011,40.91343236256876,-73.13251863393245,9.962846811075563,44.36201822105795
1664511316010,40.91343236256876,-73.13251863393245,10.214449951237158,44.36201822105795
1664511317010,40.91343236256876,-73.13251863393245,10.486353105360442,44.36201822105795
1664511318011,40.91343236256876,-73.13251863393245,10.654318499922175,44.36201822105795
1664511320010,40.91343236256876,-73.13251863393245,10.852280984761776,44.36201822105795
1664511322010,40.91343236256876,-73.13251863393245,11.05461650264272,44.36201822105795
1664511323010,40.91343236256876,-73.13251863393245,11.190560111868397,44.36201822105795
1664511324010,40.91343236256876,-73.13251863393245,9.696541626276437,44.36201822105795
1664511326009,40.91343236256876,-73.13251863393245,9.964945124183867,44.36201822105795
1664511327010,40.91343236256876,-73.13251863393245,10.107386594512926,44.36201822105795
1664511329009,40.91343236256876,-73.13251863393245,10.357605687756033,44.36201822105795
1664511331009,40.91343236256876,-73.13251863393245,10.606527344894516,44.36201822105795
1664511332009,40.91343236256876,-73.13251863393245,10.717380347883877,44.36201822105795
1664511333010,40.91343236256876,-73.13251863393245,10.847546873096142,44.36201822105795
1664511335009,40.91343236256876,-73.13251863393245,11.288710004567756,44.36201822105795
1664511336010,40.91343236256876,-73.13251863393245,9.732173248387896,44.36201822105795
1664511338009,40.91343236256876,-73.13251863393245,10.003909671090135,44.36201822105795
1664511340009,40.91343236256876,-73.13251863393245,10.241411062999845,44.36201822105795
1664511341009,40.91343236256876,-73.13251863393245,10.405129371295953,44.36201822105795
1664511343009,40.91343236256876,-73.13251863393245,10.60886527450747,44.36201822105795
1664511344009,40.91343236256876,-73.13251863393245,10.757083168710711,44.36201822105795
1664511346009,40.91343236256876,-73.13251863393245,10.99444214106194,44.36201822105795
1664511348010,40.91343236256876,-73.13251863393245,11.094621593392773,44.36201822105795
1664511350010,40.91343236256876,-73.13251863393245,9.904600009824232,44.36201822105795
1664511352009,40.91343236256876,-73.13251863393245,10.165973773977763,44.36201822105795
1664511353009,40.91343236256876,-73.13251863393245,10.297318993218147,44.36201822105795
1664511355008,40.91343236256876,-73.13251863393245,10.736593805301997,44.36201822105795
1664511356010,40.91343236256876,-73.13251863393245,10.826926980373084,44.36201822105795
1664511358009,40.91343236256876,-73.13251863393245,11.052211690714984,44.36201822105795
1664511360008,40.91343236256876,-73.13251863393245,11.159925352144404,44.36201822105795
1664511361008,40.91343236256876,-73.13251863393245,9.819516934891373,44.36201822105795
1664511362009,40.91343236256876,-73.13251863393245,9.959176398732431,44.36201822105795
1664511363014,40.91343236256876,-73.13251863393245,10.07004461211854,44.36201822105795
1664511365009,40.91343236256876,-73.13251863393245,10.294557311399481,44.36201822105795
1664511366010,40.91343236256876,-73.13251863393245,10.442824050576895,44.36201822105795
1664511368009,40.91343236256876,-73.13251863393245,10.715840111312263,44.36201822105795
1664511369009,40.91343236256876,-73.13251863393245,10.842211574771369,44.36201822105795
1664511370009,40.91343236256876,-73.13251863393245,10.965838289883978,44.36201822105795
1664511372009,40.91343236256876,-73.13251863393245,9.7190979505782,44.36201822105795
1664511374009,40.91343236256876,-73.13251863393245,10.005225647470443,44.36201822105795
1664511375009,40.91343236256876,-73.13251863393245,10.091014998274222,44.36201822105795
1664511376995,40.91343236256876,-73.13251863393245,10.382212428869723,44.36201822105795
1664511377995,40.91343236256876,-73.13251863393245,10.453205680153685,44.36201822105795
1664511378995,40.91343236256876,-73.13251863393245,10.5719249988605,44.36201822105795
1664511379996,40.91343236256876,-73.13251863393245,10.729705105626344,44.36201822105795
1664511380996,40.91343236256876,-73.13251863393245,10.866975992516272,44.36201822105795
1664511381996,40.91343236256876,-73.13251863393245,10.997351323583736,44.36201822105795
1664511382996,40.91343236256876,-73.13251863393245,11.115090571901575,44.36201822105795
1664511383996,40.91343236256876,-73.13251863393245,9.633768990986583,44.36201822105795
1664511384997,40.91343236256876,-73.13251863393245,9.745598000782337,44.36201822105795
1664511385997,40.91343236256876,-73.13251863393245,9.890887477234177,44.36201822105795
1664511386997,40.91343236256876,-73.13251863393245,10.01743004014065,44.36201822105795
1664511387997,40.91343236256876,-73.13251863393245,10.334976553200852,44.36201822105795
1664511388997,40.91343236256876,-73.13251863393245,10.283905307048578,44.36201822105795
1664511389997,40.91343236256876,-73.13251863393245,10.509570726804384,44.36201822105795
1664511390998,40.91343236256876,-73.13251863393245,10.659606189605553,44.36201822105795
1664511391998,40.91343236256876,-73.13251863393245,10.7699386768607,44.36201822105795
1664511392998,40.91343236256876,-73.13251863393245,10.89522585651313,44.36201822105795
1664511393998,40.91343236256876,-73.13251863393245,11.02302711186117,44.36201822105795
1664511394998,40.91343236256876,-73.13251863393245,11.102428113353763,44.36201822105795
1664511395998,40.91343236256876,-73.13251863393245,11.108309617800376,44.36201822105795
1664511396998,40.91343236256876,-73.13251863393245,9.760235527999816,44.36201822105795
1664511397998,40.91343236256876,-73.13251863393245,9.907543046723749,44.36201822105795
1664511398998,40.91343236256876,-73.13251863393245,10.001616440586163,44.36201822105795
1664511399999,40.91343236256876,-73.13251863393245,10.134396541326538,44.36201822105795
1664511400999,40.91343236256876,-73.13251863393245,10.255087090094491,44.36201822105795
1664511401999,40.91343236256876,-73.13251863393245,10.393979842800102,44.36201822105795
1664511402999,40.91343236256876,-73.13251863393245,10.545493232718222,44.36201822105795
1664511403999,40.91343236256876,-73.13251863393245,10.668879820871641,44.36201822105795
1664511404999,40.91343236256876,-73.13251863393245,10.956829034849699,44.36201822105795
1664511405999,40.91343236256876,-73.13251863393245,10.93167817213843,44.36201822105795
1664511406999,40.91343236256876,-73.13251863393245,11.172055523337509,44.36201822105795
1664511407999,40.91343236256876,-73.13251863393245,11.306448743512563,44.36201822105795
1664511408999,40.91343236256876,-73.13251863393245,11.412062778716136,44.36201822105795
1664511409999,40.91343236256876,-73.13251863393245,11.50692112820682,44.36201822105795
1664511411000,40.91343236256876,-73.13251863393245,11.64320388004317,44.36201822105795
1664511412000,40.91343236256876,-73.13251863393245,11.73613291886866,44.36201822105795
1664511413000,40.91343236256876,-73.13251863393245,11.817293391725782,44.36201822105795
1664511414000,40.91343236256876,-73.13251863393245,11.959264033977401,44.36201822105795
1664511415000,40.91343236256876,-73.13251863393245,12.055841106185524,44.36201822105795
1664511416000,40.91343236256876,-73.13251863393245,12.17915906428006,44.36201822105795
1664511417000,40.91343236256876,-73.13251863393245,12.269747727624358,44.36201822105795
1664511418000,40.91343236256876,-73.13251863393245,12.368406845250286,44.36201822105795
1664511419000,40.91343236256876,-73.13251863393245,12.490608218809559,44.36201822105795
1664511420000,40.91343236256876,-73.13251863393245,12.591737075876544,44.36201822105795
1664511421000,40.91343236256876,-73.13251863393245,12.702973976961253,44.36201822105795
1664511422000,40.91343236256876,-73.13251863393245,12.805250512620443,44.36201822105795
1664511423000,40.91343236256876,-73.13251863393245,13.06454061540906,44.36201822105795
1664511424000,40.91343236256876,-73.13251863393245,13.024501222840005,44.36201822105795
1664511425000,40.91343236256876,-73.13251863393245,13.220527960914934,44.36201822105795
1664511426000,40.91343236256876,-73.13251863393245,13.31798635528,44.36201822105795
1664511427000,40.91343236256876,-73.13251863393245,13.431902015681521,44.36201822105795
1664511428000,40.91343236256876,-73.13251863393245,13.498490439252585,44.36201822105795
1664511429000,40.91343236256876,-73.13251863393245,11.166076127442091,44.36201822105795
1664511430000,40.91343236256876,-73.13251863393245,11.291586542821344,44.36201822105795
1664511431001,40.91343236256876,-73.13251863393245,11.401360002976654,44.36201822105795
1664511432001,40.91343236256876,-73.13251863393245,11.514323021961532,44.36201822105795
1664511433001,40.91343236256876,-73.13251863393245,11.61024258258207,44.36201822105795
1664511434001,40.91343236256876,-73.13251863393245,11.736428119451377,44.36201822105795
1664511435001,40.91343236256876,-73.13251863393245,11.850053451706318,44.36201822105795
1664511436001,40.91343236256876,-73.13251863393245,11.957700566847363,44.36201822105795
1664511437001,40.91343236256876,-73.13251863393245,12.069921952733539,44.36201822105795
1664511438001,40.91343236256876,-73.13251863393245,12.18774702567365,44.36201822105795
1664511439001,40.91343236256876,-73.13251863393245,12.301203933056943,44.36201822105795
1664511440001,40.91343236256876,-73.13251863393245,12.550964863420983,44.36201822105795
1664511441001,40.91343236256876,-73.13251863393245,12.51815958177752,44.36201822105795
1664511442001,40.91343236256876,-73.13251863393245,12.706815504641948,44.36201822105795
1664511443001,40.91343236256876,-73.13251863393245,12.833057327787369,44.36201822105795
1664511444001,40.91343236256876,-73.13251863393245,12.913746347395517,44.36201822105795
1664511445001,40.91343236256876,-73.13251863393245,13.024926440422318,44.36201822105795
1664511446001,40.91343236256876,-73.13251863393245,13.12192574973347,44.36201822105795
1664511447001,40.91343236256876,-73.13251863393245,13.199040173764873,44.36201822105795
1664511448001,40.91343236256876,-73.13251863393245,13.30132700373625,44.36201822105795
1664511449001,40.91343236256876,-73.13251863393245,13.39029363508116,44.36201822105795
1664511450001,40.91343236256876,-73.13251863393245,13.49082253832949,44.36201822105795
1664511451001,40.91343236256876,-73.13251863393245,13.592831973001458,44.36201822105795
1664511452001,40.91343236256876,-73.13251863393245,13.673311720202488,44.36201822105795
1664511453001,40.91343236256876,-73.13251863393245,13.772235297288619,44.36201822105795
1664511454001,40.91343236256876,-73.13251863393245,13.85826591187782,44.36201822105795
1664511455001,40.91343236256876,-73.13251863393245,13.970057244583458,44.36201822105795
1664511456001,40.91343236256876,-73.13251863393245,14.047757121520824,44.36201822105795
1664511457001,40.91343236256876,-73.13251863393245,14.147814142063957,44.36201822105795
1664511458001,40.91343236256876,-73.13251863393245,14.241713938409287,44.36201822105795
1664511459002,40.91343236256876,-73.13251863393245,14.343935973908348,44.36201822105795
1664511460002,40.91343236256876,-73.13251863393245,14.523749445970244,44.36201822105795
1664511461002,40.91343236256876,-73.13251863393245,11.758421543358361,44.36201822105795
1664511462002,40.91343236256876,-73.13251863393245,11.84966782101658,44.36201822105795
1664511463002,40.91343236256876,-73.13251863393245,11.973275166649415,44.36201822105795
1664511464002,40.91343236256876,-73.13251863393245,12.049608970780158,44.36201822105795
1664511465002,40.91343236256876,-73.13251863393245,12.172565523893462,44.36201822105795
1664511466002,40.91343236256876,-73.13251863393245,12.264791466843086,44.36201822105795
1664511467002,40.91343236256876,-73.13251863393245,12.372790960084284,44.36201822105795
1664511468002,40.91343236256876,-73.13251863393245,12.47628591345247,44.36201822105795
1664511469002,40.91343236256876,-73.13251863393245,12.591834342867239,44.36201822105795
1664511470002,40.91343236256876,-73.13251863393245,12.688650594358405,44.36201822105795
1664511471002,40.91343236256876,-73.13251863393245,12.809619783659276,44.36201822105795
1664511472002,40.91343236256876,-73.13251863393245,13.024942428202737,44.36201822105795
1664511473002,40.91343236256876,-73.13251863393245,13.130504551366242,44.36201822105795
1664511474002,40.91343236256876,-73.13251863393245,13.205537491027927,44.36201822105795
1664511475002,40.91343236256876,-73.13251863393245,13.335175490674365,44.36201822105795
1664511476013,40.91343236256876,-73.13251863393245,13.417112242996371,44.36201822105795
1664511478014,40.91343236256876,-73.13251863393245,11.096968721551299,44.36201822105795
1664511480014,40.91343236256876,-73.13251863393245,11.325724611213051,44.36201822105795
1664511482014,40.91343236256876,-73.13251863393245,11.546573144143427,44.36201822105795
1664511483040,40.91343236256876,-73.13251863393245,11.677450438112714,44.36201822105795
1664511485014,40.91343236256876,-73.13251863393245,11.889954385891539,44.36201822105795
1664511487013,40.91343236256876,-73.13251863393245,12.10826112242046,44.36201822105795
1664511488013,40.91343236256876,-73.13251863393245,12.236102260773846,44.36201822105795
1664511489015,40.91343236256876,-73.13251863393245,10.315817213630766,44.36201822105795
1664511491013,40.91343236256876,-73.13251863393245,10.70775977879954,44.36201822105795
1664511492014,40.91343236256876,-73.13251863393245,10.8280152290499,44.36201822105795
1664511494013,40.91343236256876,-73.13251863393245,11.02534872038096,44.36201822105795
1664511496013,40.91343236256876,-73.13251863393245,11.21965610807343,44.36201822105795
1664511497014,40.91343236256876,-73.13251863393245,11.36755910665944,44.36201822105795
1664511499014,40.91343236256876,-73.13251863393245,11.574973525722598,44.36201822105795
1664511501015,40.91343236256876,-73.13251863393245,10.017475954553461,44.36201822105795
1664511503014,40.91343236256876,-73.13251863393245,10.268155777247715,44.36201822105795
1664511505003,40.91343236256876,-73.13251863393245,10.662966067868826,44.36201822105795
1664511506003,40.91343236256876,-73.13251863393245,10.805034990045401,44.36201822105795
1664511507003,40.91343236256876,-73.13251863393245,10.91750842194899,44.36201822105795
1664511508013,40.91343236256876,-73.13251863393245,10.994305641655327,44.36201822105795
1664511509013,40.91343236256876,-73.13251863393245,11.154078627195794,44.36201822105795
1664511511012,40.91343236256876,-73.13251863393245,11.36722719766202,44.36201822105795
1664511512013,40.91343236256876,-73.13251863393245,11.466066543201089,44.36201822105795
1664511513014,40.91343236256876,-73.13251863393245,11.437055383243372,44.36201822105795
1664511515013,40.91343236256876,-73.13251863393245,10.106787534263503,44.36201822105795
1664511516014,40.91343236256876,-73.13251863393245,10.23887332436801,44.36201822105795
1664511518013,40.91343236256876,-73.13251863393245,10.493680410012734,44.36201822105795
1664511520014,40.91343236256876,-73.13251863393245,10.760023153087618,44.36201822105795
1664511522013,40.91343236256876,-73.13251863393245,11.179837982918993,44.36201822105795
1664511523014,40.91343236256876,-73.13251863393245,11.26926390332186,44.36201822105795
1664511525004,40.91343236256876,-73.13251863393245,9.750630272582695,44.36201822105795
1664511526004,40.91343236256876,-73.13251863393245,10.019728649062731,44.36201822105795
1664511527012,40.91343236256876,-73.13251863393245,10.010505559048681,44.36201822105795
1664511529012,40.91343236256876,-73.13251863393245,10.381834531280578,44.36201822105795
1664511531012,40.91343236256876,-73.13251863393245,10.626426249896944,44.36201822105795
1664511532012,40.91343236256876,-73.13251863393245,10.730001170475274,44.36201822105795
1664511534013,40.91343236256876,-73.13251863393245,10.949476916469305,44.36201822105795
1664511536013,40.91343236256876,-73.13251863393245,11.219678008294977,44.36201822105795
1664511537014,40.91343236256876,-73.13251863393245,9.742684680772737,44.36201822105795
1664511539013,40.91343236256876,-73.13251863393245,9.986158511553779,44.36201822105795
1664511540013,40.91343236256876,-73.13251863393245,10.116287909691916,44.36201822105795
1664511542013,40.91343236256876,-73.13251863393245,10.379350110968037,44.36201822105795
1664511544013,40.91343236256876,-73.13251863393245,10.631871858784155,44.36201822105795
1664511545014,40.91343236256876,-73.13251863393245,10.760831969976529,44.36201822105795
1664511547012,40.91343236256876,-73.13251863393245,11.197108359552892,44.36201822105795
1664511548013,40.91343236256876,-73.13251863393245,11.29697345025833,44.36201822105795
1664511549014,40.91343236256876,-73.13251863393245,9.769154349780484,44.36201822105795
1664511551014,40.91343236256876,-73.13251863393245,10.048277093870988,44.36201822105795
1664511553013,40.91343236256876,-73.13251863393245,10.2410698808345,44.36201822105795
1664511555013,40.91343236256876,-73.13251863393245,10.492644577328221,44.36201822105795
1664511556013,40.91343236256876,-73.13251863393245,10.658125561761024,44.36201822105795
1664511557014,40.91343236256876,-73.13251863393245,10.749569582463312,44.36201822105795
1664511559013,40.91343236256876,-73.13251863393245,10.989638338419972,44.36201822105795
1664511561014,40.91343236256876,-73.13251863393245,9.645785602969646,44.36201822105795
1664511563019,40.91343236256876,-73.13251863393245,9.890072688763654,44.36201822105795
1664511565013,40.91343236256876,-73.13251863393245,10.153050518638919,44.36201822105795
1664511566013,40.91343236256876,-73.13251863393245,10.300437738363945,44.36201822105795
1664511567013,40.91343236256876,-73.13251863393245,10.611312265006877,44.36201822105795
1664511568014,40.91343236256876,-73.13251863393245,10.718988865220554,44.36201822105795
1664511570013,40.91343236256876,-73.13251863393245,10.893407724727416,44.36201822105795
1664511571013,40.91343236256876,-73.13251863393245,11.050166216834779,44.36201822105795
1664511573014,40.91343236256876,-73.13251863393245,9.658048478965734,44.36201822105795
1664511575012,40.91343236256876,-73.13251863393245,9.930918026944214,44.36201822105795
1664511576013,40.91343236256876,-73.13251863393245,10.056232931310038,44.36201822105795
1664511578012,40.91343236256876,-73.13251863393245,10.309292788990545,44.36201822105795
1664511579014,40.91343236256876,-73.13251863393245,10.455179024396966,44.36201822105795
1664511581013,40.91343236256876,-73.13251863393245,10.883779670653402,44.36201822105795
1664511582013,40.91343236256876,-73.13251863393245,10.93765243692473,44.36201822105795
1664511583040,40.91343236256876,-73.13251863393245,11.090642364383301,44.36201822105795
1664511585014,40.91343236256876,-73.13251863393245,11.165045078119618,44.36201822105795
1664511587013,40.91343236256876,-73.13251863393245,9.914841025670869,44.36201822105795
1664511588014,40.91343236256876,-73.13251863393245,10.079329669257936,44.36201822105795
1664511590012,40.91343236256876,-73.13251863393245,10.324453601468422,44.36201822105795
1664511591013,40.91343236256876,-73.13251863393245,10.479468433636649,44.36201822105795
1664511592013,40.91343236256876,-73.13251863393245,10.773144691994041,44.36201822105795
1664511594012,40.91343236256876,-73.13251863393245,11.001929462959813,44.36201822105795
1664511595013,40.91343236256876,-73.13251863393245,11.125659231181539,44.36201822105795
1664511597012,40.91343236256876,-73.13251863393245,9.740247574844442,44.36201822105795
1664511598012,40.91343236256876,-73.13251863393245,9.854715259948893,44.36201822105795
1664511600011,40.91343236256876,-73.13251863393245,10.114708135870393,44.36201822105795
1664511602011,40.91343236256876,-73.13251863393245,10.363531659165293,44.36201822105795
1664511604011,40.91343236256876,-73.13251863393245,10.638828628862548,44.36201822105795
1664511606010,40.91343236256876,-73.13251863393245,10.880813570880067,44.36201822105795
1664511608012,40.91343236256876,-73.13251863393245,11.128818533772922,44.36201822105795
1664511609014,40.91343236256876,-73.13251863393245,11.135979153594178,44.36201822105795
1664511611013,40.91343236256876,-73.13251863393245,9.939066715661287,44.36201822105795
1664511613011,40.91343236256876,-73.13251863393245,10.183401170228759,44.36201822105795
1664511614013,40.91343236256876,-73.13251863393245,10.338669879412908,44.36201822105795
1664511616012,40.91343236256876,-73.13251863393245,10.576666535791812,44.36201822105795
1664511617013,40.91343236256876,-73.13251863393245,10.875825201747297,44.36201822105795
1664511619012,40.91343236256876,-73.13251863393245,11.076681971925701,44.36201822105795
1664511621012,40.91343236256876,-73.13251863393245,11.194351274828335,44.36201822105795
1664511623011,40.91343236256876,-73.13251863393245,9.937568806386173,44.36201822105795
1664511624011,40.91343236256876,-73.13251863393245,10.098557590893433,44.36201822105795
1664511625012,40.91343236256876,-73.13251863393245,10.196440930693855,44.36201822105795
1664511626014,40.91343236256876,-73.13251863393245,10.338980859985915,44.36201822105795
1664511628013,40.91343236256876,-73.13251863393245,10.595669403082901,44.36201822105795
1664511630013,40.91343236256876,-73.13251863393245,10.848392574199462,44.36201822105795
1664511632012,40.91343236256876,-73.13251863393245,11.083866486146022,44.36201822105795
1664511633014,40.91343236256876,-73.13251863393245,9.63200191519289,44.36201822105795
1664511635013,40.91343236256876,-73.13251863393245,10.030721008216132,44.36201822105795
1664511637003,40.91343236256876,-73.13251863393245,10.32235920775914,44.36201822105795
1664511638003,40.91343236256876,-73.13251863393245,10.45041837287002,44.36201822105795
1664511639003,40.91343236256876,-73.13251863393245,10.55000466571221,44.36201822105795
1664511640003,40.91343236256876,-73.13251863393245,10.659569929417996,44.36201822105795
1664511641003,40.91343236256876,-73.13251863393245,10.790945089773608,44.36201822105795
1664511642003,40.91343236256876,-73.13251863393245,10.897829639644467,44.36201822105795
1664511643003,40.91343236256876,-73.13251863393245,11.003362883934663,44.36201822105795
1664511644003,40.91343236256876,-73.13251863393245,11.12600629994113,44.36201822105795
1664511645003,40.91343236256876,-73.13251863393245,9.67391809584347,44.36201822105795
1664511646003,40.91343236256876,-73.13251863393245,9.821938636838413,44.36201822105795
1664511647003,40.91343236256876,-73.13251863393245,9.94331961220769,44.36201822105795
1664511648003,40.91343236256876,-73.13251863393245,10.06684085062461,44.36201822105795
1664511649003,40.91343236256876,-73.13251863393245,10.202635141248017,44.36201822105795
1664511650003,40.91343236256876,-73.13251863393245,10.321370654230048,44.36201822105795
1664511651003,40.91343236256876,-73.13251863393245,10.481084606991672,44.36201822105795
1664511652003,40.91343236256876,-73.13251863393245,10.755065972252446,44.36201822105795
1664511654013,40.91343236256876,-73.13251863393245,10.986034287323815,44.36201822105795
1664511655998,40.91343236256876,-73.13251863393245,11.21291295603337,44.36201822105795
1664511656998,40.91343236256876,-73.13251863393245,11.21443121431234,44.36201822105795
1664511657999,40.91343236256876,-73.13251863393245,9.88179659575377,44.36201822105795
1664511658999,40.91343236256876,-73.13251863393245,10.015165177878382,44.36201822105795
1664511660013,40.91343236256876,-73.13251863393245,10.13512078976805,44.36201822105795
1664511661014,40.91343236256876,-73.13251863393245,10.276614081525928,44.36201822105795
1664511663018,40.91343236256876,-73.13251863393245,10.524847740326468,44.36201822105795
1664511665013,40.91343236256876,-73.13251863393245,10.758880366586144,44.36201822105795
1664511666014,40.91343236256876,-73.13251863393245,10.864302377846824,44.36201822105795
1664511668013,40.91343236256876,-73.13251863393245,11.123793528356806,44.36201822105795
1664511669013,40.91343236256876,-73.13251863393245,9.667987675220834,44.36201822105795
1664511670014,40.91343236256876,-73.13251863393245,9.791325852824121,44.36201822105795
1664511672013,40.91343236256876,-73.13251863393245,10.224850374934924,44.36201822105795
1664511673015,40.91343236256876,-73.13251863393245,10.358904627576512,44.36201822105795
1664511675014,40.91343236256876,-73.13251863393245,10.544976230745604,44.36201822105795
1664511677013,40.91343236256876,-73.13251863393245,10.819774952361858,44.36201822105795
1664511679014,40.91343236256876,-73.13251863393245,11.036924843852702,44.36201822105795
1664511681015,40.91343236256876,-73.13251863393245,11.144622298221835,44.36201822105795
1664511683039,40.91343236256876,-73.13251863393245,9.955591013579578,44.36201822105795
1664511685013,40.91343236256876,-73.13251863393245,10.205281590518918,44.36201822105795
1664511687014,40.91343236256876,-73.13251863393245,10.478478302159486,44.36201822105795
1664511689013,40.91343236256876,-73.13251863393245,10.864993306733929,44.36201822105795
1664511691012,40.91343236256876,-73.13251863393245,11.118993344385983,44.36201822105795
1664511693013,40.91343236256876,-73.13251863393245,11.18226901724035,44.36201822105795
1664511694014,40.91343236256876,-73.13251863393245,9.883968661690995,44.36201822105795
1664511696013,40.91343236256876,-73.13251863393245,10.131556430425928,44.36201822105795
1664511698013,40.91343236256876,-73.13251863393245,10.372199290632754,44.36201822105795
1664511700014,40.91343236256876,-73.13251863393245,10.641343135704943,44.36201822105795
1664511701015,40.91343236256876,-73.13251863393245,10.771103560933529,44.36201822105795
1664511703012,40.91343236256876,-73.13251863393245,11.013083359738978,44.36201822105795
1664511704013,40.91343236256876,-73.13251863393245,11.141981990025233,44.36201822105795
1664511705015,40.91343236256876,-73.13251863393245,9.68284593003943,44.36201822105795
1664511707013,40.91343236256876,-73.13251863393245,10.076033575985413,44.36201822105795
1664511709012,40.91343236256876,-73.13251863393245,10.339324214370187,44.36201822105795
1664511710014,40.91343236256876,-73.13251863393245,10.45796448516297,44.36201822105795
1664511711014,40.91343236256876,-73.13251863393245,10.564023895625786,44.36201822105795
1664511713014,40.91343236256876,-73.13251863393245,10.782271830784884,44.36201822105795
1664511715014,40.91343236256876,-73.13251863393245,11.05393572060891,44.36201822105795
1664511717015,40.91343236256876,-73.13251863393245,9.678278029931644,44.36201822105795
1664511719013,40.91343236256876,-73.13251863393245,9.931831103835226,44.36201822105795
1664511720013,40.91343236256876,-73.13251863393245,10.072533942801236,44.36201822105795
1664511722012,40.91343236256876,-73.13251863393245,10.322203316446842,44.36201822105795
1664511724012,40.91343236256876,-73.13251863393245,10.75530620291896,44.36201822105795
1664511726013,40.91343236256876,-73.13251863393245,10.954155966550994,44.36201822105795
1664511728012,40.91343236256876,-73.13251863393245,11.200489608507498,44.36201822105795
1664511729012,40.91343236256876,-73.13251863393245,9.693570235445984,44.36201822105795
1664511730012,40.91343236256876,-73.13251863393245,9.800963340851695,44.36201822105795
1664511731013,40.91343236256876,-73.13251863393245,9.989140592168217,44.36201822105795
1664511733012,40.91343236256876,-73.13251863393245,10.221794425960265,44.36201822105795
1664511734012,40.91343236256876,-73.13251863393245,10.346128341214968,44.36201822105795
1664511736011,40.91343236256876,-73.13251863393245,10.612945168877799,44.36201822105795
1664511738011,40.91343236256876,-73.13251863393245,10.836623860264508,44.36201822105795
1664511740011,40.91343236256876,-73.13251863393245,11.101968095416865,44.36201822105795
1664511741012,40.91343236256876,-73.13251863393245,9.6344578481574,44.36201822105795
1664511743011,40.91343236256876,-73.13251863393245,10.05473437374642,44.36201822105795
1664511744012,40.91343236256876,-73.13251863393245,10.163867581972223,44.36201822105795
1664511745013,40.91343236256876,-73.13251863393245,10.28418576859477,44.36201822105795
1664511747012,40.91343236256876,-73.13251863393245,10.487377632444533,44.36201822105795
1664511749011,40.91343236256876,-73.13251863393245,10.752618186729823,44.36201822105795
1664511750013,40.91343236256876,-73.13251863393245,10.860396529611725,44.36201822105795
1664511752012,40.91343236256876,-73.13251863393245,11.103366601801847,44.36201822105795
1664511753013,40.91343236256876,-73.13251863393245,11.122053311520805,44.36201822105795
1664511755013,40.91343236256876,-73.13251863393245,9.911132597518268,44.36201822105795
1664511757010,40.91343236256876,-73.13251863393245,10.36786025290288,44.36201822105795
1664511758011,40.91343236256876,-73.13251863393245,10.439874957603791,44.36201822105795
1664511760013,40.91343236256876,-73.13251863393245,10.725658307558735,44.36201822105795
1664511762012,40.91343236256876,-73.13251863393245,10.944294096969214,44.36201822105795
1664511763018,40.91343236256876,-73.13251863393245,11.035217787142159,44.36201822105795
1664511765013,40.91343236256876,-73.13251863393245,9.65878404847363,44.36201822105795
1664511767011,40.91343236256876,-73.13251863393245,9.914469704103078,44.36201822105795
1664511768012,40.91343236256876,-73.13251863393245,10.066003942474117,44.36201822105795
1664511770011,40.91343236256876,-73.13251863393245,10.324378149987718,44.36201822105795
1664511772011,40.91343236256876,-73.13251863393245,10.558656187047847,44.36201822105795
1664511773013,40.91343236256876,-73.13251863393245,10.865046447614132,44.36201822105795
1664511775012,40.91343236256876,-73.13251863393245,11.092779147310694,44.36201822105795
1664511776012,40.91343236256876,-73.13251863393245,11.2010582126045,44.36201822105795
1664511777013,40.91343236256876,-73.13251863393245,11.187052116807374,44.36201822105795
1664511779011,40.91343236256876,-73.13251863393245,9.953070515964628,44.36201822105795
1664511781010,40.91343236256876,-73.13251863393245,10.195643927930627,44.36201822105795
1664511782012,40.91343236256876,-73.13251863393245,10.335104537146572,44.36201822105795
1664511783038,40.91343236256876,-73.13251863393245,10.498197523985944,44.36201822105795
1664511785011,40.91343236256876,-73.13251863393245,10.717359262194424,44.36201822105795
1664511787010,40.91343236256876,-73.13251863393245,10.983306944817146,44.36201822105795
1664511788011,40.91343236256876,-73.13251863393245,11.084124590315245,44.36201822105795
1664511789011,40.91343236256876,-73.13251863393245,11.082753968375792,44.36201822105795
1664511790013,40.91343236256876,-73.13251863393245,9.7303608389824,44.36201822105795
1664511792011,40.91343236256876,-73.13251863393245,10.023450512648113,44.36201822105795
1664511793012,40.91343236256876,-73.13251863393245,10.348507233480792,44.36201822105795
1664511795012,40.91343236256876,-73.13251863393245,10.580576752643521,44.36201822105795
1664511796012,40.91343236256876,-73.13251863393245,10.668501026289153,44.36201822105795
1664511798011,40.91343236256876,-73.13251863393245,10.910111045801749,44.36201822105795
1664511800010,40.91343236256876,-73.13251863393245,11.12827441843885,44.36201822105795
1664511801011,40.91343236256876,-73.13251863393245,11.13188378140073,44.36201822105795
1664511802012,40.91343236256876,-73.13251863393245,11.242345485135663,44.36201822105795
1664511804010,40.91343236256876,-73.13251863393245,11.452604641081615,44.36201822105795
1664511805010,40.91343236256876,-73.13251863393245,11.627742607541052,44.36201822105795
1664511807012,40.91343984615499,-73.13253908587409,12.042553810920044,44.074001477099955
1664511808009,40.91343970010717,-73.13253926316553,12.088594438796909,44.05817650910467
1664511809012,40.91343970010717,-73.13253926316553,12.192358307873382,44.05817650910467
1664511811010,40.91343970010717,-73.13253926316553,12.401541791523867,44.05817650910467
1664511812011,40.91343970010717,-73.13253926316553,12.552511859123014,44.05817650910467
1664511824011,40.91342267630584,-73.13255206856505,14.908254223562345,41.47647476196289
1664511836011,40.91342267630584,-73.13255206856505,14.908254223562345,41.58070755004883
1664511842039,40.91342267630584,-73.13255206856505,14.908254223562345,44.16847229003906
1664511844010,40.91343102516234,-73.13252794401268,9.496297181447853,44.70106110908091
1664511845011,40.91343102516234,-73.13252794401268,9.84570277797221,44.70106110908091
1664511847010,40.91343102516234,-73.13252794401268,10.04219253042959,44.70106110908091
1664511849010,40.91343102516234,-73.13252794401268,10.139882852610347,44.70106110908091
1664511858010,40.91343546718921,-73.13253602963991,9.961501619827084,44.2618263065815
1664511860010,40.91343546718921,-73.13253602963991,10.200438637314116,44.2618263065815
1664511862010,40.91343546718921,-73.13253602963991,10.479131483427464,44.2618263065815
1664511863013,40.91343546718921,-73.13253602963991,10.579311347624248,44.2618263065815
1664511868011,40.91343102257866,-73.13252761823522,9.83951055831663,44.09670122526586
1664511870010,40.91343102257866,-73.13252761823522,10.083872344605146,44.09670122526586
1664511872010,40.91343102257866,-73.13252761823522,10.329949353615055,44.09670122526586
1664511876010,40.91343102257866,-73.13252761823522,10.84379837867338,44.09670122526586
1664511877010,40.91343102257866,-73.13252761823522,10.961768532569009,44.09670122526586
1664511879011,40.91343102257866,-73.13252761823522,11.081492327040403,44.09670122526586
1664511881011,40.91343102257866,-73.13252761823522,9.896116612859569,44.09670122526586
1664511883039,40.91343102257866,-73.13252761823522,10.169022041317001,44.09670122526586
1664511885012,40.91343102257866,-73.13252761823522,10.569870054247074,44.09670122526586
1664511887011,40.91343102257866,-73.13252761823522,10.828582594229685,44.09670122526586
1664511888011,40.91343102257866,-73.13252761823522,10.944546045540108,44.09670122526586
1664511890012,40.91343102257866,-73.13252761823522,11.173605283751169,44.09670122526586
1664511892010,40.91343102257866,-73.13252761823522,9.816995143380773,44.09670122526586
1664511893010,40.91343102257866,-73.13252761823522,9.94648965365646,44.09670122526586
1664511895009,40.91343102257866,-73.13252761823522,10.199813162074038,44.09670122526586
1664511896010,40.91343102257866,-73.13252761823522,10.305858255138654,44.09670122526586
1664511897013,40.91343102257866,-73.13252761823522,10.424018456324116,44.09670122526586
1664511899011,40.91343102257866,-73.13252761823522,10.686478823274104,44.09670122526586
1664511900011,40.91343102257866,-73.13252761823522,10.793829634712704,44.09670122526586
1664511901012,40.91343102257866,-73.13252761823522,10.948803661740548,44.09670122526586
1664511902012,40.91343102257866,-73.13252761823522,11.091192889041281,44.09670122526586
1664511905013,40.91343102257866,-73.13252761823522,10.018538905769281,44.09670122526586
1664511907011,40.91343102257866,-73.13252761823522,10.249296981856004,44.09670122526586
1664511909011,40.91343102257866,-73.13252761823522,10.49184638326417,44.09670122526586
1664511911011,40.91343102257866,-73.13252761823522,10.753325375352325,44.09670122526586
1664511913009,40.91343102257866,-73.13252761823522,10.993735981310609,44.09670122526586
1664511914012,40.91343102257866,-73.13252761823522,11.119237297127684,44.09670122526586
1664511915013,40.91343102257866,-73.13252761823522,11.113449583095777,44.09670122526586
1664511917010,40.91343102257866,-73.13252761823522,9.892649462581746,44.09670122526586
1664511918011,40.91343102257866,-73.13252761823522,10.17707571974656,44.09670122526586
1664511920010,40.91343102257866,-73.13252761823522,10.42764338318403,44.09670122526586
1664511922011,40.91343102257866,-73.13252761823522,10.670199648691568,44.09670122526586
1664511924009,40.91343102257866,-73.13252761823522,10.913293431161094,44.09670122526586
1664511925010,40.91343102257866,-73.13252761823522,11.02347916130895,44.09670122526586
1664511926011,40.91343102257866,-73.13252761823522,11.136367987479986,44.09670122526586
1664511928010,40.91343102257866,-73.13252761823522,9.760545721217174,44.09670122526586
1664511930010,40.91343102257866,-73.13252761823522,10.0426566241944,44.09670122526586
1664511938010,40.91343258785511,-73.132531088297,11.201901615983003,44.212558628991246
1664511939011,40.91343258785511,-73.132531088297,11.167979981934444,44.212558628991246
1664511941011,40.91343258785511,-73.132531088297,9.938376292204763,44.212558628991246
1664511950010,40.91343286481508,-73.13253131090119,11.232516200351684,44.21793232578784
1664511951012,40.91343286481508,-73.13253131090119,9.702355447187337,44.21793232578784
1664511953010,40.91343286481508,-73.13253131090119,9.972492183315794,44.21793232578784
1664511955010,40.91343286481508,-73.13253131090119,10.227206148506461,44.21793232578784
1664511957010,40.91343286481508,-73.13253131090119,10.473851811838266,44.21793232578784
1664511959010,40.91343286481508,-73.13253131090119,10.736162136525056,44.21793232578784
1664511960010,40.91343286481508,-73.13253131090119,10.822226702047635,44.21793232578784
1664511962011,40.91343286481508,-73.13253131090119,11.087778203025039,44.21793232578784
1664511963016,40.91343286481508,-73.13253131090119,11.079915124880662,44.21793232578784
1664511965010,40.91343286481508,-73.13253131090119,11.335753402370065,44.21793232578784
1664511966011,40.91343286481508,-73.13253131090119,11.610885117591577,44.21793232578784
1664511967011,40.91343286481508,-73.13253131090119,11.689550540260766,44.21793232578784
1664511972010,40.91343286481508,-73.13253131090119,12.232088855811595,44.21793232578784
1664511973011,40.91343286481508,-73.13253131090119,12.335524883584831,44.21793232578784
1664511975011,40.91343286481508,-73.13253131090119,10.509411551533567,44.21793232578784
1664511977009,40.91343286481508,-73.13253131090119,10.739897844426826,44.21793232578784
1664511978009,40.91343286481508,-73.13253131090119,10.855649576234173,44.21793232578784
1664511979009,40.91343286481508,-73.13253131090119,10.986070556204204,44.21793232578784
1664511980009,40.91343286481508,-73.13253131090119,11.103724268652206,44.21793232578784
1664511981009,40.91343286481508,-73.13253131090119,11.232044568146769,44.21793232578784
1664511982997,40.91343286481508,-73.13253131090119,11.472448619878193,44.21793232578784
1664511983997,40.91343286481508,-73.13253131090119,11.742183806608965,44.21793232578784
1664511984997,40.91343286481508,-73.13253131090119,11.707436323513672,44.21793232578784
1664511985997,40.91343286481508,-73.13253131090119,11.929340248836674,44.21793232578784
1664511986997,40.91343286481508,-73.13253131090119,11.881423381254033,44.21793232578784
1664511987997,40.91343286481508,-73.13253131090119,10.299173537831107,44.21793232578784
1664511988998,40.91343286481508,-73.13253131090119,10.391132639940958,44.21793232578784
1664511989998,40.91343286481508,-73.13253131090119,10.497418946113683,44.21793232578784
1664511990998,40.91343286481508,-73.13253131090119,10.61722112973591,44.21793232578784
1664511991998,40.91343286481508,-73.13253131090119,10.708337255339876,44.21793232578784
1664511992998,40.91343286481508,-73.13253131090119,10.879834410986534,44.21793232578784
1664511993998,40.91343286481508,-73.13253131090119,10.977844036712247,44.21793232578784
1664511994998,40.91343286481508,-73.13253131090119,11.096190406582574,44.21793232578784
1664511995998,40.91343286481508,-73.13253131090119,11.215215496295858,44.21793232578784
1664511996998,40.91343286481508,-73.13253131090119,11.356224435682163,44.21793232578784
1664511997998,40.91343286481508,-73.13253131090119,11.47532937206854,44.21793232578784
1664511998999,40.91343286481508,-73.13253131090119,9.85562063392303,44.21793232578784
1664511999999,40.91343286481508,-73.13253131090119,9.979883239796125,44.21793232578784
1664512000999,40.91343286481508,-73.13253131090119,10.113106474275746,44.21793232578784
1664512001999,40.91343286481508,-73.13253131090119,8.633508462714582,44.21793232578784
1664512002999,40.91343286481508,-73.13253131090119,7.538893466748683,44.21793232578784
1664512003999,40.91343286481508,-73.13253131090119,6.8666707781303575,44.21793232578784
1664512004999,40.91343286481508,-73.13253131090119,6.7839913304948025,44.21793232578784
1664512005999,40.91343286481508,-73.13253131090119,6.441408074391732,44.21793232578784
1664512006999,40.91343286481508,-73.13253131090119,6.375391993024594,44.21793232578784
1664512007999,40.91343286481508,-73.13253131090119,6.303413536527037,44.21793232578784
1664512008999,40.91343286481508,-73.13253131090119,6.237706661437367,44.21793232578784
1664512009999,40.91343286481508,-73.13253131090119,6.207945751867293,44.21793232578784
1664512010999,40.91343286481508,-73.13253131090119,6.158693863329103,44.21793232578784
1664512011999,40.91343286481508,-73.13253131090119,6.167444814588029,44.21793232578784
1664512012999,40.91343286481508,-73.13253131090119,5.908244444103693,44.21793232578784
1664512014000,40.91343286481508,-73.13253131090119,5.918496539656041,44.21793232578784
1664512015000,40.91343286481508,-73.13253131090119,5.723659496986361,44.21793232578784
1664512016000,40.91343286481508,-73.13253131090119,5.75640540472977,44.21793232578784
1664512017000,40.91343286481508,-73.13253131090119,5.636789559599886,44.21793232578784
1664512018000,40.91343286481508,-73.13253131090119,5.707721583374018,44.21793232578784
1664512019000,40.91343286481508,-73.13253131090119,5.588184727567413,44.21793232578784
1664512020000,40.91343286481508,-73.13253131090119,5.643450135768448,44.21793232578784
1664512021000,40.91343286481508,-73.13253131090119,5.679931595228009,44.21793232578784
1664512022000,40.91343286481508,-73.13253131090119,5.703980418990304,44.21793232578784
1664512023000,40.91343286481508,-73.13253131090119,5.740589848505246,44.21793232578784
1664512024000,40.91343286481508,-73.13253131090119,5.914934058057046,44.21793232578784
1664512025000,40.91343286481508,-73.13253131090119,5.7600975253906945,44.21793232578784
1664512026000,40.91343286481508,-73.13253131090119,5.787578180253819,44.21793232578784
1664512027000,40.91343286481508,-73.13253131090119,5.6571280558484425,44.21793232578784
1664512028000,40.91343286481508,-73.13253131090119,5.687292331640448,44.21793232578784
1664512029000,40.91343286481508,-73.13253131090119,5.6977845102225695,44.21793232578784
1664512030000,40.91343286481508,-73.13253131090119,5.749097274140898,44.21793232578784
1664512031000,40.91343286481508,-73.13253131090119,5.777443968067538,44.21793232578784
1664512032000,40.91343286481508,-73.13253131090119,5.55773513828995,44.21793232578784
1664512033000,40.91343286481508,-73.13253131090119,5.5930594883848865,44.21793232578784
1664512034000,40.91343286481508,-73.13253131090119,5.524827169026812,44.21793232578784
1664512035000,40.91343286481508,-73.13253131090119,5.47557223349773,44.21793232578784
1664512036001,40.91343286481508,-73.13253131090119,5.442491501618727,44.21793232578784
1664512037001,40.91343286481508,-73.13253131090119,5.47904993380982,44.21793232578784
1664512038001,40.91343286481508,-73.13253131090119,5.5225742759157965,44.21793232578784
1664512039001,40.91343286481508,-73.13253131090119,5.557120821382539,44.21793232578784
1664512040001,40.91343286481508,-73.13253131090119,5.66113797731676,44.21793232578784
1664512041001,40.91343286481508,-73.13253131090119,5.559970269910295,44.21793232578784
1664512042001,40.91343286481508,-73.13253131090119,5.682390296180854,44.21793232578784
1664512043001,40.91343286481508,-73.13253131090119,5.57358258064751,44.21793232578784
1664512044001,40.91343286481508,-73.13253131090119,5.551703543292219,44.21793232578784
1664512045001,40.91343286481508,-73.13253131090119,5.584259559975672,44.21793232578784
1664512046001,40.91343286481508,-73.13253131090119,5.554130847153383,44.21793232578784
1664512047001,40.91343286481508,-73.13253131090119,5.577741405743782,44.21793232578784
1664512048001,40.91343286481508,-73.13253131090119,5.549947119727285,44.21793232578784
1664512049001,40.91343286481508,-73.13253131090119,5.588447994664134,44.21793232578784
1664512050001,40.91343286481508,-73.13253131090119,5.607950422737586,44.21793232578784
1664512051001,40.91343286481508,-73.13253131090119,5.6342722125572,44.21793232578784
1664512052001,40.91343286481508,-73.13253131090119,5.695677905093502,44.21793232578784
1664512053001,40.91343286481508,-73.13253131090119,5.598299970943166,44.21793232578784
1664512054001,40.91343286481508,-73.13253131090119,5.634984147136633,44.21793232578784
1664512055001,40.91343286481508,-73.13253131090119,5.567937389592399,44.21793232578784
1664512056001,40.91343286481508,-73.13253131090119,5.5175591694373365,44.21793232578784
1664512057001,40.91343286481508,-73.13253131090119,5.536432302412931,44.21793232578784
1664512058001,40.91343286481508,-73.13253131090119,5.519537965135476,44.21793232578784
1664512059001,40.91343286481508,-73.13253131090119,5.479168968443094,44.21793232578784
1664512060001,40.91343286481508,-73.13253131090119,5.5267650983428265,44.21793232578784
1664512061001,40.91343286481508,-73.13253131090119,5.463414120680475,44.21793232578784
1664512062001,40.91343286481508,-73.13253131090119,5.422236543072303,44.21793232578784
1664512063001,40.91343286481508,-73.13253131090119,5.429766924983172,44.21793232578784
1664512064001,40.91343286481508,-73.13253131090119,5.48057796798178,44.21793232578784
1664512065001,40.91343286481508,-73.13253131090119,5.524489824694481,44.21793232578784
1664512066001,40.91343286481508,-73.13253131090119,5.566377137326678,44.21793232578784
1664512067002,40.91343286481508,-73.13253131090119,5.526769070173907,44.21793232578784
1664512068002,40.91343286481508,-73.13253131090119,5.533572121829846,44.21793232578784
1664512069002,40.91343286481508,-73.13253131090119,5.515043081804699,44.21793232578784
1664512070002,40.91343286481508,-73.13253131090119,5.502772392432268,44.21793232578784
1664512071002,40.91343286481508,-73.13253131090119,5.5493382217797,44.21793232578784
1664512072002,40.91343286481508,-73.13253131090119,5.51443000967961,44.21793232578784
1664512073002,40.91343286481508,-73.13253131090119,5.540569899283291,44.21793232578784
1664512074002,40.91343286481508,-73.13253131090119,5.571239616739261,44.21793232578784
1664512075002,40.91343286481508,-73.13253131090119,5.753002325645901,44.21793232578784
1664512076002,40.91343286481508,-73.13253131090119,5.7502611826151995,44.21793232578784
1664512077002,40.91343286481508,-73.13253131090119,5.562113287640871,44.21793232578784
1664512078002,40.91343286481508,-73.13253131090119,5.701002479380234,44.21793232578784
1664512079002,40.91343286481508,-73.13253131090119,5.939800855593849,44.21793232578784
1664512080002,40.91343286481508,-73.13253131090119,5.858241734512852,44.21793232578784
1664512081002,40.91343286481508,-73.13253131090119,5.843425836528922,44.21793232578784
1664512082002,40.91343286481508,-73.13253131090119,5.754684905666268,44.21793232578784
1664512083002,40.91343286481508,-73.13253131090119,5.839282094568542,44.21793232578784
1664512084002,40.91343286481508,-73.13253131090119,5.812090091410412,44.21793232578784
1664512085002,40.91343286481508,-73.13253131090119,5.8147054409082335,44.21793232578784
1664512086002,40.91343286481508,-73.13253131090119,5.849331667860805,44.21793232578784
1664512087002,40.91343286481508,-73.13253131090119,5.813831927649433,44.21793232578784
1664512088002,40.91343286481508,-73.13253131090119,5.779369838476092,44.21793232578784
1664512089002,40.91343286481508,-73.13253131090119,5.699139622535202,44.21793232578784
1664512090002,40.91343286481508,-73.13253131090119,5.681834587711652,44.21793232578784
1664512091002,40.91343286481508,-73.13253131090119,5.669358642606156,44.21793232578784
1664512092002,40.91343286481508,-73.13253131090119,5.839286040235053,44.21793232578784
1664512093002,40.91343286481508,-73.13253131090119,5.901786633944158,44.21793232578784
1664512094002,40.91343286481508,-73.13253131090119,5.958721229005863,44.21793232578784
1664512095002,40.91343286481508,-73.13253131090119,5.780311516352109,44.21793232578784
1664512096002,40.91343286481508,-73.13253131090119,5.750243246391296,44.21793232578784
1664512097002,40.91343286481508,-73.13253131090119,5.711983724089713,44.21793232578784
1664512098002,40.91343286481508,-73.13253131090119,5.689493925180019,44.21793232578784
1664512099002,40.91343286481508,-73.13253131090119,5.622468583151433,44.21793232578784
1664512100003,40.91343286481508,-73.13253131090119,5.682202596217598,44.21793232578784
1664512101003,40.91343286481508,-73.13253131090119,5.661043134794407,44.21793232578784
1664512102003,40.91343286481508,-73.13253131090119,5.668529156170151,44.21793232578784
1664512103003,40.91343286481508,-73.13253131090119,5.80730367594866,44.21793232578784
1664512104003,40.91343286481508,-73.13253131090119,5.777343616208305,44.21793232578784
1664512105003,40.91343286481508,-73.13253131090119,5.905171125396311,44.21793232578784
1664512106003,40.91343286481508,-73.13253131090119,5.871402321926844,44.21793232578784
1664512107003,40.91343286481508,-73.13253131090119,5.769570531283889,44.21793232578784
1664512108998,40.91343286481508,-73.13253131090119,5.7857312937007155,44.21793232578784
1664512109998,40.91343286481508,-73.13253131090119,5.83603823018849,44.21793232578784
1664512110999,40.91343286481508,-73.13253131090119,5.859569134453544,44.21793232578784
1664512111999,40.91343286481508,-73.13253131090119,5.8901448715021365,44.21793232578784
1664512112999,40.91343286481508,-73.13253131090119,5.91762892276831,44.21793232578784
1664512113999,40.91343286481508,-73.13253131090119,5.8325097777401895,44.21793232578784
1664512114999,40.91343286481508,-73.13253131090119,5.938346255070571,44.21793232578784
1664512115999,40.91343286481508,-73.13253131090119,5.86339731345335,44.21793232578784
1664512116999,40.91343286481508,-73.13253131090119,5.978368489552002,44.21793232578784
1664512118999,40.91343286481508,-73.13253131090119,6.030353940273271,44.21793232578784
1664512120999,40.91343286481508,-73.13253131090119,5.907289287358419,44.21793232578784
1664512122999,40.91343286481508,-73.13253131090119,5.889814018574358,44.21793232578784
1664512124999,40.91343286481508,-73.13253131090119,5.914928663741197,44.21793232578784
1664512126999,40.91343286481508,-73.13253131090119,5.759917825513693,44.21793232578784
1664512127999,40.91343286481508,-73.13253131090119,5.812549970505337,44.21793232578784
1664512128999,40.91343286481508,-73.13253131090119,5.7029357710955875,44.21793232578784
1664512129999,40.91343286481508,-73.13253131090119,5.769188084034609,44.21793232578784
1664512130999,40.91343286481508,-73.13253131090119,5.8136981963979935,44.21793232578784
1664512131999,40.91343286481508,-73.13253131090119,5.847543083736405,44.21793232578784
1664512132999,40.91343286481508,-73.13253131090119,5.924783489860108,44.21793232578784
1664512133999,40.91343286481508,-73.13253131090119,6.012862971560506,44.21793232578784
1664512135000,40.91343286481508,-73.13253131090119,5.940688424916845,44.21793232578784
1664512136000,40.91343286481508,-73.13253131090119,5.714023557722671,44.21793232578784
1664512137000,40.91343286481508,-73.13253131090119,5.710416040254331,44.21793232578784
1664512138000,40.91343286481508,-73.13253131090119,5.776594922615554,44.21793232578784
1664512139000,40.91343286481508,-73.13253131090119,5.741026247050386,44.21793232578784
1664512140000,40.91343286481508,-73.13253131090119,5.9048523373399,44.21793232578784
1664512141000,40.91343286481508,-73.13253131090119,5.734750975519102,44.21793232578784
1664512142000,40.91343286481508,-73.13253131090119,5.731855773060923,44.21793232578784
1664512143000,40.91343286481508,-73.13253131090119,5.6204495915470085,44.21793232578784
1664512144000,40.91343286481508,-73.13253131090119,5.695713056980656,44.21793232578784
1664512145000,40.91343286481508,-73.13253131090119,5.772666322817448,44.21793232578784
1664512146000,40.91343286481508,-73.13253131090119,5.857331718584761,44.21793232578784
1664512147000,40.91343286481508,-73.13253131090119,5.856852711074823,44.21793232578784
1664512148000,40.91343286481508,-73.13253131090119,5.846773613572076,44.21793232578784
1664512149000,40.91343286481508,-73.13253131090119,5.723742387211973,44.21793232578784
1664512150000,40.91343286481508,-73.13253131090119,5.804698501328203,44.21793232578784
1664512151000,40.91343286481508,-73.13253131090119,5.679775990215842,44.21793232578784
1664512152000,40.91343286481508,-73.13253131090119,5.738602648555456,44.21793232578784
1664512153000,40.91343286481508,-73.13253131090119,5.91981482000826,44.21793232578784
1664512154000,40.91343286481508,-73.13253131090119,6.069335286644847,44.21793232578784
1664512155000,40.91343286481508,-73.13253131090119,6.241866653179034,44.21793232578784
1664512156000,40.91343286481508,-73.13253131090119,6.240045469157975,44.21793232578784
1664512157000,40.91343286481508,-73.13253131090119,6.4117699987021535,44.21793232578784
1664512158000,40.91343286481508,-73.13253131090119,6.483250789875663,44.21793232578784
1664512159000,40.91343286481508,-73.13253131090119,6.647173051055629,44.21793232578784
1664512160000,40.91343286481508,-73.13253131090119,6.402229917081272,44.21793232578784
1664512161000,40.91343286481508,-73.13253131090119,6.43619434145957,44.21793232578784
1664512162001,40.91343286481508,-73.13253131090119,6.396826456124774,44.21793232578784
1664512163001,40.91343286481508,-73.13253131090119,6.454065886120159,44.21793232578784
1664512164001,40.91343286481508,-73.13253131090119,6.080385101279536,44.21793232578784
1664512165025,40.91343286481508,-73.13253131090119,5.828270113603233,44.21793232578784
1664512167024,40.91343286481508,-73.13253131090119,5.978414121619801,44.21793232578784
1664512168024,40.91343286481508,-73.13253131090119,6.015362187612459,44.21793232578784
1664512170024,40.91343286481508,-73.13253131090119,6.117849415799591,44.21793232578784
1664512171025,40.91343286481508,-73.13253131090119,6.178502195510895,44.21793232578784
1664512173023,40.91343286481508,-73.13253131090119,5.827756594655383,44.21793232578784
1664512174024,40.91343286481508,-73.13253131090119,5.901370972132517,44.21793232578784
1664512175025,40.91343286481508,-73.13253131090119,5.888871304322761,44.21793232578784
1664512177023,40.91343286481508,-73.13253131090119,5.82732287448287,44.21793232578784
1664512178024,40.91343286481508,-73.13253131090119,5.67532557233506,44.21793232578784
1664512180013,40.91343286481508,-73.13253131090119,5.610799308523276,44.21793232578784
1664512181013,40.91343286481508,-73.13253131090119,5.803022595746194,44.21793232578784
1664512182013,40.91343286481508,-73.13253131090119,5.962406451170571,44.21793232578784
1664512183039,40.91343286481508,-73.13253131090119,6.120496232162708,44.21793232578784
1664512185013,40.91343286481508,-73.13253131090119,6.421961391706662,44.21793232578784
1664512187012,40.91343286481508,-73.13253131090119,6.79979607201874,44.21793232578784
1664512189011,40.91343286481508,-73.13253131090119,7.216980474600975,44.21793232578784
1664512191012,40.91343286481508,-73.13253131090119,7.805578349560223,44.21793232578784
1664512193012,40.91343286481508,-73.13253131090119,8.073778074127134,44.21793232578784
1664512194012,40.91343286481508,-73.13253131090119,8.203816337357999,44.21793232578784
1664512195015,40.91343286481508,-73.13253131090119,8.383010223878221,44.21793232578784
1664512197014,40.91343286481508,-73.13253131090119,8.046378169360265,44.21793232578784
1664512199013,40.91343286481508,-73.13253131090119,8.378572375006922,44.21793232578784
1664512200013,40.91343286481508,-73.13253131090119,8.531437204804357,44.21793232578784
1664512201013,40.91343286481508,-73.13253131090119,8.700953799432881,44.21793232578784
1664512202013,40.91343286481508,-73.13253131090119,8.826306957897126,44.21793232578784
1664512204012,40.91343286481508,-73.13253131090119,9.34684577885283,44.21793232578784
1664512205013,40.91343286481508,-73.13253131090119,9.469489548132415,44.21793232578784
1664512207014,40.91343286481508,-73.13253131090119,8.603368301536348,44.21793232578784
1664512209013,40.91343286481508,-73.13253131090119,8.90666323089561,44.21793232578784
1664512211011,40.91343286481508,-73.13253131090119,9.190058216333847,44.21793232578784
1664512212013,40.91343286481508,-73.13253131090119,9.334881134165427,44.21793232578784
1664512214013,40.91343286481508,-73.13253131090119,9.655362950151046,44.21793232578784
1664512216013,40.91343286481508,-73.13253131090119,10.064019381233337,44.21793232578784
1664512217013,40.91343286481508,-73.13253131090119,10.211826757530373,44.21793232578784
1664512219014,40.91343286481508,-73.13253131090119,9.130139208526801,44.21793232578784
1664512221013,40.91343286481508,-73.13253131090119,9.401790950205074,44.21793232578784
1664512222013,40.91343286481508,-73.13253131090119,9.53543743355192,44.21793232578784
1664512224013,40.91343286481508,-73.13253131090119,9.777428797810773,44.21793232578784
1664512225013,40.91343286481508,-73.13253131090119,9.925942198614406,44.21793232578784
1664512226014,40.91343286481508,-73.13253131090119,10.084075673723556,44.21793232578784
1664512228012,40.91343286481508,-73.13253131090119,10.345286881951196,44.21793232578784
1664512229013,40.91343286481508,-73.13253131090119,10.48371412288227,44.21793232578784
1664512230013,40.91343286481508,-73.13253131090119,10.778304042622162,44.21793232578784
1664512231015,40.91343286481508,-73.13253131090119,10.798496430169912,44.21793232578784
1664512233013,40.91343286481508,-73.13253131090119,9.704066662536547,44.21793232578784
1664512234013,40.91343286481508,-73.13253131090119,9.84287690043975,44.21793232578784
1664512235013,40.91343286481508,-73.13253131090119,9.923683336433868,44.21793232578784
1664512237013,40.91343286481508,-73.13253131090119,10.197878063581404,44.21793232578784
1664512238013,40.91343286481508,-73.13253131090119,10.333611761378718,44.21793232578784
1664512240013,40.91343286481508,-73.13253131090119,10.575113529645817,44.21793232578784
1664512242013,40.91343286481508,-73.13253131090119,10.808604684446722,44.21793232578784
1664512243013,40.91343286481508,-73.13253131090119,9.426570072097684,44.21793232578784
1664512245012,40.91343286481508,-73.13253131090119,9.667874525167784,44.21793232578784
1664512246013,40.91343286481508,-73.13253131090119,9.83899784259752,44.21793232578784
1664512248013,40.91343286481508,-73.13253131090119,10.114502995376276,44.21793232578784
1664512250012,40.91343286481508,-73.13253131090119,10.565951815823944,44.21793232578784
1664512252013,40.91343286481508,-73.13253131090119,10.742781294365297,44.21793232578784
1664512254013,40.91343286481508,-73.13253131090119,11.008477880222745,44.21793232578784
1664512255014,40.91343286481508,-73.13253131090119,11.007769608366859,44.21793232578784
1664512257012,40.91343286481508,-73.13253131090119,9.798743101019792,44.21793232578784
1664512259012,40.91343286481508,-73.13253131090119,10.079900394280202,44.21793232578784
1664512261012,40.91343286481508,-73.13253131090119,10.337195618699074,44.21793232578784
1664512262012,40.91343286481508,-73.13253131090119,10.462879584092835,44.21793232578784
1664512263017,40.91343286481508,-73.13253131090119,10.586079555986544,44.21793232578784
1664512265013,40.91343286481508,-73.13253131090119,10.853146568951713,44.21793232578784
1664512267015,40.91343286481508,-73.13253131090119,9.656976097214764,44.21793232578784
1664512269013,40.91343286481508,-73.13253131090119,9.923077435544005,44.21793232578784
1664512271012,40.91343286481508,-73.13253131090119,10.147980959618517,44.21793232578784
1664512273013,40.91343286481508,-73.13253131090119,10.423516113620153,44.21793232578784
1664512275013,40.91343286481508,-73.13253131090119,10.64972768926296,44.21793232578784
1664512277012,40.91343286481508,-73.13253131090119,10.903326477586873,44.21793232578784
1664512278013,40.91343286481508,-73.13253131090119,10.989345524880367,44.21793232578784
1664512280012,40.91343286481508,-73.13253131090119,9.675142833387463,44.21793232578784
1664512282012,40.91343286481508,-73.13253131090119,9.94496012657417,44.21793232578784
1664512283038,40.91343286481508,-73.13253131090119,10.086755269727439,44.21793232578784
1664512285013,40.91343286481508,-73.13253131090119,10.359508839982617,44.21793232578784
1664512287012,40.91343286481508,-73.13253131090119,10.752167073905772,44.21793232578784
1664512289012,40.91343286481508,-73.13253131090119,11.017487968724074,44.21793232578784
1664512290012,40.91343286481508,-73.13253131090119,11.120554320108496,44.21793232578784
1664512291014,40.91343286481508,-73.13253131090119,9.632225514326144,44.21793232578784
1664512293011,40.91343286481508,-73.13253131090119,9.893136831814802,44.21793232578784
1664512294012,40.91343286481508,-73.13253131090119,9.994880085338334,44.21793232578784
1664512296012,40.91343286481508,-73.13253131090119,10.28448384431877,44.21793232578784
1664512297012,40.91343286481508,-73.13253131090119,10.409850976460202,44.21793232578784
1664512299012,40.91343286481508,-73.13253131090119,10.663343203465155,44.21793232578784
1664512301011,40.91343286481508,-73.13253131090119,10.92541226124225,44.21793232578784
1664512302011,40.91343286481508,-73.13253131090119,11.034787791103968,44.21793232578784
1664512303014,40.91343286481508,-73.13253131090119,9.576526775212361,44.21793232578784
1664512305012,40.91343286481508,-73.13253131090119,10.005464469229107,44.21793232578784
1664512306013,40.91343286481508,-73.13253131090119,10.11677930466143,44.21793232578784
1664512308012,40.91343286481508,-73.13253131090119,10.313161021923937,44.21793232578784
1664512310011,40.91343286481508,-73.13253131090119,10.585316128899573,44.21793232578784
1664512312011,40.91343286481508,-73.13253131090119,10.826993673158215,44.21793232578784
1664512314012,40.91343286481508,-73.13253131090119,11.13448933581579,44.21793232578784
1664512316010,40.91343286481508,-73.13253131090119,9.708242138421932,44.21793232578784
1664512317011,40.91343286481508,-73.13253131090119,9.850925127135557,44.21793232578784
1664512319011,40.91343286481508,-73.13253131090119,10.140248007133858,44.21793232578784
1664512321011,40.91343286481508,-73.13253131090119,10.568393872341167,44.21793232578784
1664512323012,40.91343286481508,-73.13253131090119,10.760757576493063,44.21793232578784
1664512332011,40.91343304417769,-73.13252970150535,10.28577945231693,44.20471928361803
1664512334010,40.91343304417769,-73.13252970150535,10.527746821490457,44.20471928361803
1664512335011,40.91343304417769,-73.13252970150535,10.661800396276112,44.20471928361803
1664512336012,40.91343304417769,-73.13252970150535,10.997003894214426,44.20471928361803
1664512338012,40.91343304417769,-73.13252970150535,11.072057180778637,44.20471928361803
1664512349011,40.913433268990396,-73.1325302221749,10.948349894357138,44.26610617619008
1664512350011,40.913433268990396,-73.1325302221749,11.066306073494076,44.26610617619008
1664512351012,40.913433268990396,-73.1325302221749,9.611885153235812,44.26610617619008
1664512353011,40.913433268990396,-73.1325302221749,9.864635565493169,44.26610617619008
1664512355011,40.913433268990396,-73.1325302221749,10.135170856372067,44.26610617619008
1664512357009,40.913433268990396,-73.1325302221749,10.583630113222478,44.26610617619008
1664512359009,40.913433268990396,-73.1325302221749,10.628838496498568,44.26610617619008
1664512374010,40.91342267630584,-73.13255206856505,14.908254223562345,41.69102096557617
1664512380010,40.913432868005025,-73.13253131408696,10.373989187100523,44.51322894357145
1664512381011,40.913432868005025,-73.13253131408696,10.488881792901328,44.51322894357145
1664512383038,40.913432868005025,-73.13253131408696,10.72324475297275,44.51322894357145
1664512385010,40.913432868005025,-73.13253131408696,10.978842971987802,44.51322894357145
1664512390011,40.913433029371404,-73.13253194280497,9.997839508780487,44.121917301788926
1664512392010,40.913433029371404,-73.13253194280497,10.433261449369567,44.121917301788926
1664512393011,40.913433029371404,-73.13253194280497,10.535747749754455,44.121917301788926
1664512395011,40.913433029371404,-73.13253194280497,10.771036387888852,44.121917301788926
1664512397012,40.913433029371404,-73.13253194280497,11.017824580894123,44.121917301788926
1664512399012,40.913433029371404,-73.13253194280497,11.105127485402148,44.121917301788926
1664512401010,40.913433029371404,-73.13253194280497,9.933363759641326,44.121917301788926
1664512403010,40.913433029371404,-73.13253194280497,10.21738688541338,44.121917301788926
1664512405011,40.913433029371404,-73.13253194280497,10.470298786390211,44.121917301788926
1664512407010,40.913433029371404,-73.13253194280497,10.878695493274531,44.121917301788926
1664512408010,40.913433029371404,-73.13253194280497,10.809807424288248,44.121917301788926
1664512413010,40.913431680610024,-73.13253252066639,9.986269285678972,44.35130803193897
1664512414010,40.913431680610024,-73.13253252066639,10.11452795830713,44.35130803193897
1664512416011,40.913431680610024,-73.13253252066639,10.389550533213084,44.35130803193897
1664512418011,40.913431680610024,-73.13253252066639,10.618633563665009,44.35130803193897
1664512434010,40.91342267630584,-73.13255206856505,14.908254223562345,41.77671432495117
1664512435011,40.91343153969427,-73.13253181138121,11.128995643574466,44.207374496385455
1664512437010,40.91343153969427,-73.13253181138121,10.057857312832569,44.207374496385455
1664512439008,40.91343153969427,-73.13253181138121,10.161394502308077,44.207374496385455
1664512440011,40.91343153969427,-73.13253181138121,10.271715678073589,44.207374496385455
1664512447012,40.91343142386414,-73.132532120228,11.15607332266361,43.97291050944477
1664512449011,40.91343142386414,-73.132532120228,9.94506435324465,43.97291050944477
1664512451010,40.91343142386414,-73.132532120228,10.199161029172778,43.97291050944477
1664512452010,40.91343142386414,-73.132532120228,10.363587962006672,43.97291050944477
1664512470009,40.91342267630584,-73.13255206856505,14.908254223562345,41.40003967285156
1664512481011,40.91342267630584,-73.13255206856505,14.908254223562345,43.99190139770508
1664512482046,40.91342267630584,-73.13255206856505,14.908254223562345,41.72572326660156
1664512484010,40.913430537160764,-73.13252979475241,10.768517603819712,44.504980474710464
1664512486009,40.913430537160764,-73.13252979475241,10.994260581867353,44.504980474710464
1664512487011,40.913430537160764,-73.13252979475241,11.094883545669987,44.504980474710464
1664512489010,40.913430537160764,-73.13252979475241,11.196410701326725,44.504980474710464
1664512505009,40.91342267630584,-73.13255206856505,14.908254223562345,41.93437957763672
1664512517008,40.91342267630584,-73.13255206856505,14.908254223562345,42.088626861572266
1664512519068,40.91342267630584,-73.13255206856505,14.908254223562345,44.677398681640625
1664512523026,40.91342267630584,-73.13255206856505,14.908254223562345,42.15430450439453
1664512535006,40.91342267630584,-73.13255206856505,14.908254223562345,42.48579788208008
1664512547007,40.91342267630584,-73.13255206856505,14.908254223562345,42.6136360168457
1664512559008,40.91342267630584,-73.13255206856505,14.908254223562345,42.74721145629883
1664512571007,40.91342267630584,-73.13255206856505,14.908254223562345,42.870182037353516
1664512583032,40.91342267630584,-73.13255206856505,14.908254223562345,42.98604965209961
1664512595008,40.91342267630584,-73.13255206856505,14.908254223562345,43.105106353759766
1664512607007,40.91342267630584,-73.13255206856505,14.908254223562345,43.21958923339844
1664512619007,40.91342267630584,-73.13255206856505,14.908254223562345,43.33122253417969
1664512631006,40.91342267630584,-73.13255206856505,14.908254223562345,43.43894577026367
1664512643007,40.91342267630584,-73.13255206856505,14.908254223562345,43.54332733154297
1664512655007,40.91342267630584,-73.13255206856505,14.908254223562345,43.6432991027832
1664512667007,40.91342267630584,-73.13255206856505,14.908254223562345,43.740474700927734
1664512679007,40.91342267630584,-73.13255206856505,14.908254223562345,43.826786041259766
1664512685007,40.91342342044725,-73.13252988866525,10.41597311126528,48.37640117760748
1664512687006,40.91342342044725,-73.13252988866525,10.627901839176923,48.37640117760748
1664512688007,40.91342342044725,-73.13252988866525,10.794117336344025,48.37640117760748
1664512703006,40.91342267630584,-73.13255206856505,14.908254223562345,45.79003143310547
1664512715006,40.91342267630584,-73.13255206856505,14.908254223562345,48.345699310302734
1664512719030,40.91342267630584,-73.13255206856505,14.908254223562345,45.91714859008789
1664512725140,40.91342267630584,-73.13255206856505,14.908254223562345,46.155517578125
1664512737005,40.91342267630584,-73.13255206856505,14.908254223562345,46.1668815612793
1664512743079,40.91342267630584,-73.13255206856505,14.908254223562345,46.21583938598633
1664512755006,40.91342267630584,-73.13255206856505,14.908254223562345,46.39040756225586
1664512767005,40.91342267630584,-73.13255206856505,14.908254223562345,46.44798278808594
1664512779006,40.91342267630584,-73.13255206856505,14.908254223562345,46.49717330932617
1664512791004,40.91342267630584,-73.13255206856505,14.908254223562345,46.542930603027344
1664512803005,40.91342267630584,-73.13255206856505,14.908254223562345,46.58702850341797
1664512815005,40.91342267630584,-73.13255206856505,14.908254223562345,46.62972640991211
1664512827005,40.91342267630584,-73.13255206856505,14.908254223562345,46.67110061645508
1664512839005,40.91342267630584,-73.13255206856505,14.908254223562345,46.70905303955078
1664512851005,40.91342267630584,-73.13255206856505,14.908254223562345,46.747989654541016
1664512863012,40.91342267630584,-73.13255206856505,14.908254223562345,46.78523635864258
1664512875005,40.91342267630584,-73.13255206856505,14.908254223562345,46.82208251953125
1664512885005,40.91342307237336,-73.13253413057681,10.930093034912653,48.170825032517314
1664512887004,40.91342307237336,-73.13253413057681,11.099131574866558,48.170825032517314
1664512888006,40.91342307237336,-73.13253413057681,9.646958629792833,48.170825032517314
1664512889008,40.91342307237336,-73.13253413057681,9.78113390761322,48.170825032517314
1664512891006,40.91342307237336,-73.13253413057681,10.066060538314682,48.170825032517314
1664512893005,40.91342307237336,-73.13253413057681,10.318468461727935,48.170825032517314
1664512895005,40.91342307237336,-73.13253413057681,10.551489759473586,48.170825032517314
1664512899007,40.91342307237336,-73.13253413057681,11.057897139847475,48.170825032517314
1664512901005,40.91342307237336,-73.13253413057681,9.73195608117355,48.170825032517314
1664512902006,40.91342307237336,-73.13253413057681,10.00815226496752,48.170825032517314
1664512904005,40.91342307237336,-73.13253413057681,10.29520938787346,48.170825032517314
1664512906003,40.91342307237336,-73.13253413057681,10.498910562240251,48.170825032517314
1664512908004,40.91342307237336,-73.13253413057681,10.733276018306977,48.170825032517314
1664512910005,40.91342307237336,-73.13253413057681,10.966319223506455,48.170825032517314
1664512912006,40.91342307237336,-73.13253413057681,11.085947781707493,48.170825032517314
1664512914006,40.91342307237336,-73.13253413057681,9.900663476758735,48.170825032517314
1664512916006,40.91342307237336,-73.13253413057681,10.203762946208172,48.170825032517314
1664512919003,40.91342307237336,-73.13253413057681,10.583668772064266,48.170825032517314
1664512920004,40.91342307237336,-73.13253413057681,10.850867505807194,48.170825032517314
1664512922007,40.91342307237336,-73.13253413057681,11.092082592830616,48.170825032517314
1664512924006,40.91342307237336,-73.13253413057681,11.237595612109143,48.170825032517314
1664512926005,40.91342307237336,-73.13253413057681,11.434092887036716,48.170825032517314
1664512928004,40.91342307237336,-73.13253413057681,11.71337280098159,48.170825032517314
1664512933004,40.913432486959834,-73.1325373243599,12.235571854018032,44.17434241157025
1664512935004,40.913432486959834,-73.1325373243599,12.460885814936903,44.17434241157025
1664512936005,40.913432486959834,-73.1325373243599,10.606003211258708,44.17434241157025
1664512938003,40.913432486959834,-73.1325373243599,10.861056263599266,44.17434241157025
1664512939004,40.913432486959834,-73.1325373243599,10.971217875143848,44.17434241157025
1664512941004,40.913432486959834,-73.1325373243599,11.218301324856757,44.17434241157025
1664512942004,40.913432486959834,-73.1325373243599,11.304618133675966,44.17434241157025
1664512943004,40.913432486959834,-73.1325373243599,11.431654295913741,44.17434241157025
1664512945004,40.913432486959834,-73.1325373243599,11.673579361408478,44.17434241157025
1664512947004,40.913432486959834,-73.1325373243599,11.900316450979634,44.17434241157025
1664512948004,40.913432486959834,-73.1325373243599,12.045512009521952,44.17434241157025
1664512950004,40.913432486959834,-73.1325373243599,10.332355433237996,44.17434241157025
1664512955003,40.913430047154336,-73.13253629905793,11.117089223904687,44.01751164160669
1664512956004,40.913430047154336,-73.13253629905793,11.221561365443034,44.01751164160669
1664512958004,40.913430047154336,-73.13253629905793,11.42534357577918,44.01751164160669
1664512960005,40.913430047154336,-73.13253629905793,9.936794590653484,44.01751164160669
1664512962004,40.913430047154336,-73.13253629905793,10.206930909186758,44.01751164160669
1664512963011,40.913430047154336,-73.13253629905793,10.31580873734108,44.01751164160669
1664512965003,40.913430047154336,-73.13253629905793,10.587669155552575,44.01751164160669
1664512966004,40.913430047154336,-73.13253629905793,10.715186825048029,44.01751164160669
1664512968004,40.913430047154336,-73.13253629905793,11.103767220161092,44.01751164160669
1664512970003,40.913430047154336,-73.13253629905793,11.31945201674133,44.01751164160669
1664512971004,40.913430047154336,-73.13253629905793,11.452943527728266,44.01751164160669
1664512972005,40.913430047154336,-73.13253629905793,9.874423521997032,44.01751164160669
1664512974004,40.913430047154336,-73.13253629905793,10.029241724206882,44.01751164160669
1664512985004,40.91343055815719,-73.13253784414209,10.06840862735381,44.33248001430184
1664512986004,40.91343055815719,-73.13253784414209,10.179957128408603,44.33248001430184
1664512988004,40.91343055815719,-73.13253784414209,10.442897204932702,44.33248001430184
1664512990004,40.91343055815719,-73.13253784414209,10.636113577545085,44.33248001430184
1664512992004,40.91343055815719,-73.13253784414209,10.873381304375568,44.33248001430184
1664512994004,40.91343055815719,-73.13253784414209,11.10999422401932,44.33248001430184
1664512998004,40.91343055815719,-73.13253784414209,10.00633238927926,44.33248001430184
1664513000004,40.91343055815719,-73.13253784414209,10.283154318752445,44.33248001430184
1664513001012,40.91343055815719,-73.13253784414209,10.408771115470216,44.33248001430184
1664513003004,40.91343055815719,-73.13253784414209,10.669393756560742,44.33248001430184
1664513004004,40.91343055815719,-73.13253784414209,10.77391756945546,44.33248001430184
1664513007003,40.91343055815719,-73.13253784414209,11.316109835698732,44.33248001430184
1664513008005,40.91343055815719,-73.13253784414209,11.318196247019614,44.33248001430184
1664513010003,40.91343055815719,-73.13253784414209,10.01164496512592,44.33248001430184
1664513011003,40.91343055815719,-73.13253784414209,10.1384723478143,44.33248001430184
1664513031003,40.91342267630584,-73.13255206856505,14.908254223562345,41.759395599365234
1664513042087,40.91342267630584,-73.13255206856505,14.908254223562345,44.34187698364258
1664513054003,40.91342267630584,-73.13255206856505,14.908254223562345,41.82883071899414
1664513066003,40.91342267630584,-73.13255206856505,14.908254223562345,41.963802337646484
1664513078003,40.91342267630584,-73.13255206856505,14.908254223562345,42.1033935546875
1664513090003,40.91342267630584,-73.13255206856505,14.908254223562345,44.684940338134766
1664513102002,40.91342267630584,-73.13255206856505,14.908254223562345,42.17685317993164
1664513114002,40.91342267630584,-73.13255206856505,14.908254223562345,42.29830551147461
1664513120018,40.91342267630584,-73.13255206856505,14.908254223562345,42.402034759521484
1664513132002,40.91342267630584,-73.13255206856505,14.908254223562345,42.786678314208984
1664513144001,40.91342267630584,-73.13255206856505,14.908254223562345,42.91245651245117
1664513150386,40.91342267630584,-73.13255206856505,14.908254223562345,43.00250244140625
1664513162002,40.91342267630584,-73.13255206856505,14.908254223562345,43.33453369140625
1664513168091,40.91342267630584,-73.13255206856505,14.908254223562345,43.425907135009766
1664513180002,40.91342267630584,-73.13255206856505,14.908254223562345,43.74100875854492
1664513192002,40.91342267630584,-73.13255206856505,14.908254223562345,43.83336639404297
1664513204002,40.91342267630584,-73.13255206856505,14.908254223562345,46.412147521972656
1664513216002,40.91342267630584,-73.13255206856505,14.908254223562345,43.864933013916016
1664513228002,40.91342267630584,-73.13255206856505,14.908254223562345,43.93577575683594
1664513234107,40.91342267630584,-73.13255206856505,14.908254223562345,43.995853424072266
1664513246001,40.91342267630584,-73.13255206856505,14.908254223562345,44.2225341796875
1664513258002,40.91342267630584,-73.13255206856505,14.908254223562345,46.80141830444336
1664513270001,40.91342267630584,-73.13255206856505,14.908254223562345,44.247413635253906
1664513282001,40.91342267630584,-73.13255206856505,14.908254223562345,44.30733871459961
1664513294001,40.91342267630584,-73.13255206856505,14.908254223562345,44.369842529296875
1664513306001,40.91342267630584,-73.13255206856505,14.908254223562345,44.4323844909668
1664513318000,40.91342267630584,-73.13255206856505,14.908254223562345,44.494258880615234
1664513324362,40.91342267630584,-73.13255206856505,14.908254223562345,44.54460906982422
1664513336868,40.91342267630584,-73.13255206856505,14.908254223562345,44.73464584350586
1664513348866,40.91342267630584,-73.13255206856505,14.908254223562345,44.79689407348633
1664513360865,40.91342267630584,-73.13255206856505,14.908254223562345,44.851417541503906
1664513372864,40.91342267630584,-73.13255206856505,14.908254223562345,44.90420913696289
1664513384863,40.91342267630584,-73.13255206856505,14.908254223562345,47.483131408691406
1664513396863,40.91342267630584,-73.13255206856505,14.908254223562345,44.91929626464844
1664513408861,40.91342267630584,-73.13255206856505,14.908254223562345,44.96833801269531
1664513420860,40.91342267630584,-73.13255206856505,14.908254223562345,45.01923751831055
1664513432859,40.91342267630584,-73.13255206856505,14.908254223562345,45.07072448730469
1664513444857,40.91342267630584,-73.13255206856505,14.908254223562345,46.94432067871094
1664513456857,40.91342267630584,-73.13255206856505,14.908254223562345,48.46379089355469
1664513468856,40.91342267630584,-73.13255206856505,14.908254223562345,48.76338195800781
1664513480854,40.91342267630584,-73.13255206856505,14.908254223562345,48.84963607788086
1664513492853,40.91342267630584,-73.13255206856505,14.908254223562345,48.95923614501953
1664513504851,40.91342267630584,-73.13255206856505,14.908254223562345,49.02620315551758
1664513516850,40.91342267630584,-73.13255206856505,14.908254223562345,49.07388687133789
1664513523040,40.91342267630584,-73.13255206856505,14.908254223562345,49.10631561279297
1664513534849,40.91342267630584,-73.13255206856505,14.908254223562345,49.177345275878906
1664513546847,40.91342267630584,-73.13255206856505,14.908254223562345,49.191856384277344
1664513558844,40.91342267630584,-73.13255206856505,14.908254223562345,49.198673248291016
1664513570845,40.91342267630584,-73.13255206856505,14.908254223562345,49.20451736450195
1664513582869,40.91342267630584,-73.13255206856505,14.908254223562345,49.21268081665039
1664513594843,40.91342267630584,-73.13255206856505,14.908254223562345,49.217262268066406
1664513606842,40.91342267630584,-73.13255206856505,14.908254223562345,49.21746826171875
1664513618840,40.91342267630584,-73.13255206856505,14.908254223562345,49.224449157714844
1664513630839,40.91342267630584,-73.13255206856505,14.908254223562345,49.22439193725586
1664513640838,40.91342092444505,-73.13252392866097,10.874094979888905,49.20233603101224
1664513641839,40.91342092444505,-73.13252392866097,10.99292460924576,49.20233603101224
1664513643839,40.91342092444505,-73.13252392866097,9.632795047219764,49.20233603101224
1664513645838,40.91342092444505,-73.13252392866097,9.814464829872419,49.20233603101224
1664513666836,40.91342267630584,-73.13255206856505,14.908254223562345,46.61036682128906
1664513675885,40.91342267630584,-73.13255206856505,14.908254223562345,46.65473937988281
1664513687177,40.91342267630584,-73.13255206856505,14.908254223562345,49.279850006103516
1664513688243,40.91342267630584,-73.13255206856505,14.908254223562345,46.7003059387207
1664513697251,40.91342267630584,-73.13255206856505,14.908254223562345,49.282108306884766
1664513699833,40.91342267630584,-73.13255206856505,14.908254223562345,46.6723518371582
1664513711831,40.91342267630584,-73.13255206856505,14.908254223562345,46.710975646972656
1664513717836,40.91342267630584,-73.13255206856505,14.908254223562345,46.742210388183594
1664513729829,40.91342267630584,-73.13255206856505,14.908254223562345,46.85774230957031
1664513741828,40.91342267630584,-73.13255206856505,14.908254223562345,46.89873504638672
1664513753827,40.91342267630584,-73.13255206856505,14.908254223562345,46.92982482910156
1664513765825,40.91342267630584,-73.13255206856505,14.908254223562345,46.96244430541992
1664513777824,40.91342267630584,-73.13255206856505,14.908254223562345,46.994483947753906
1664513789825,40.91342267630584,-73.13255206856505,14.908254223562345,47.02678680419922
1664513801823,40.91342267630584,-73.13255206856505,14.908254223562345,47.05752182006836
1664513813821,40.91342267630584,-73.13255206856505,14.908254223562345,47.08709716796875
1664513825820,40.91342267630584,-73.13255206856505,14.908254223562345,47.115482330322266
1664513837819,40.91342267630584,-73.13255206856505,14.908254223562345,47.14378356933594
1664513847820,40.91342422868136,-73.1325214982744,10.986189365094068,48.778486674651504
1664513849820,40.91342422868136,-73.1325214982744,11.183372286881545,48.778486674651504
1664513850820,40.91342422868136,-73.1325214982744,11.196950860670787,48.778486674651504
1664513852819,40.91342422868136,-73.1325214982744,9.961479372375324,48.778486674651504
1664513873816,40.91342267630584,-73.13255206856505,14.908254223562345,46.19277572631836
1664513882888,40.91342267630584,-73.13255206856505,14.908254223562345,48.76587677001953
1664513894815,40.91342267630584,-73.13255206856505,14.908254223562345,46.200355529785156
1664513899814,40.91342981797907,-73.13252681822205,10.524588084405035,44.91017344035208
1664513901813,40.91342981797907,-73.13252681822205,10.777219106446315,44.91017344035208
1664513902813,40.91342981797907,-73.13252681822205,10.903156490214219,44.91017344035208
1664513904813,40.91342981797907,-73.13252681822205,11.167910343213194,44.91017344035208
1664513914812,40.91343100700445,-73.1325271146175,10.772879632159803,44.32816686388105
1664513916812,40.91343100700445,-73.1325271146175,11.019121591953027,44.32816686388105
1664513917813,40.91343100700445,-73.1325271146175,11.135189648640356,44.32816686388105
1664513919813,40.91343100700445,-73.1325271146175,9.727521561935513,44.32816686388105
1664513921812,40.91343100700445,-73.1325271146175,9.98320047059156,44.32816686388105
1664513922812,40.91343100700445,-73.1325271146175,10.107799061869017,44.32816686388105
1664513924811,40.91343100700445,-73.1325271146175,10.36028086320406,44.32816686388105
1664513937811,40.91343191669564,-73.13252856412068,10.491129785483373,44.306185194291174
1664513939810,40.91343191669564,-73.13252856412068,10.891837014923109,44.306185194291174
1664513941811,40.91343191669564,-73.13252856412068,11.152443945739641,44.306185194291174
1664513943810,40.91343191669564,-73.13252856412068,11.19060110836906,44.306185194291174
1664513945810,40.91343191669564,-73.13252856412068,9.991873928173456,44.306185194291174
1664513946810,40.91343191669564,-73.13252856412068,10.102216818163718,44.306185194291174
1664513948809,40.91343191669564,-73.13252856412068,10.355502667530905,44.306185194291174
1664513949809,40.91343191669564,-73.13252856412068,10.481791321431244,44.306185194291174
1664513950999,40.91343191669564,-73.13252856412068,10.62079412406434,44.306185194291174
1664513951999,40.91343191669564,-73.13252856412068,10.734851383706213,44.306185194291174
1664513953999,40.91343191669564,-73.13252856412068,11.139310089471861,44.306185194291174
1664513955999,40.91343191669564,-73.13252856412068,9.630845406998782,44.306185194291174
1664513957999,40.91343191669564,-73.13252856412068,10.051466200928342,44.306185194291174
1664513959999,40.91343191669564,-73.13252856412068,10.283240029607258,44.306185194291174
1664513961999,40.91343191669564,-73.13252856412068,10.52224607512215,44.306185194291174
1664513964014,40.91343191669564,-73.13252856412068,10.759033195916187,44.306185194291174
1664513965999,40.91343191669564,-73.13252856412068,11.064000278398865,44.306185194291174
1664513967999,40.91343938895948,-73.13255367359648,296.801380336401,44.33231735229492
1664513968999,40.91343191669564,-73.13252856412068,296.8013803364161,44.306185194291174
1664513969999,40.91343191669564,-73.13252856412068,296.5438546624377,44.306185194291174
1664513970999,40.91343191669564,-73.13252856412068,286.49557492560086,44.306185194291174
1664513971999,40.913436827409996,-73.13254506587518,286.4957403873556,44.33231735229492
1664513972999,40.913439825703804,-73.13255514121342,286.49587935257824,46.11996078491211
1664513974014,40.91343191669564,-73.13252856412068,393.4078069550384,44.306185194291174
1664513983040,40.91343316080113,-73.13252622579746,10.092001089329312,44.3346505574882
1664513985013,40.91343316080113,-73.13252622579746,10.31328113451125,44.3346505574882
1664513987013,40.91343316080113,-73.13252622579746,10.579267131983034,44.3346505574882
1664513997013,40.91343324465816,-73.1325280062759,10.405789674020289,44.18134307023138
1664513999013,40.91343324465816,-73.1325280062759,10.639251880210162,44.18134307023138
1664514001014,40.91343324465816,-73.1325280062759,10.872142096993919,44.18134307023138
1664514003013,40.91343324465816,-73.1325280062759,11.088650141489236,44.18134307023138
1664514004014,40.91343324465816,-73.1325280062759,11.09224959373712,44.18134307023138
1664514006013,40.91343324465816,-73.1325280062759,9.865633744646649,44.18134307023138
1664514008012,40.91343324465816,-73.1325280062759,10.113340407520155,44.18134307023138
1664514009013,40.91343324465816,-73.1325280062759,10.253997228206808,44.18134307023138
1664514010014,40.91343324465816,-73.1325280062759,10.395159917157,44.18134307023138
1664514012012,40.91343324465816,-73.1325280062759,10.653410106870167,44.18134307023138
1664514013013,40.91343324465816,-73.1325280062759,10.789811509946471,44.18134307023138
1664514027011,40.91342267630584,-73.13255206856505,14.908254223562345,41.60581970214844
1664514032012,40.913434558780736,-73.13252311003252,10.331034566486945,44.3055543191731
1664514034011,40.913434558780736,-73.13252311003252,10.565129026799823,44.3055543191731
1664514035011,40.913434558780736,-73.13252311003252,10.63464592105509,44.3055543191731
1664514037011,40.913434558780736,-73.13252311003252,10.913573639939335,44.3055543191731
1664514039010,40.913434558780736,-73.13252311003252,11.149487232766345,44.3055543191731
1664514040014,40.913434558780736,-73.13252311003252,11.170495149876295,44.3055543191731
1664514042014,40.913434558780736,-73.13252311003252,9.945804801195315,44.3055543191731
1664514044013,40.913434558780736,-73.13252311003252,10.212074897704035,44.3055543191731
1664514046013,40.913434558780736,-73.13252311003252,10.442920809629303,44.3055543191731
1664514048011,40.913434558780736,-73.13252311003252,10.899205538642365,44.3055543191731
1664514050011,40.913434558780736,-73.13252311003252,11.086155616367275,44.3055543191731
1664514052014,40.913434558780736,-73.13252311003252,11.193916908572257,44.3055543191731
1664514054013,40.913434558780736,-73.13252311003252,9.973124816149635,44.3055543191731
1664514055014,40.913434558780736,-73.13252311003252,10.084148341380342,44.3055543191731
1664514057012,40.913434558780736,-73.13252311003252,10.314069685413015,44.3055543191731
1664514058013,40.913434558780736,-73.13252311003252,10.44224107078365,44.3055543191731
1664514059013,40.913434558780736,-73.13252311003252,10.578673926158704,44.3055543191731
1664514061013,40.913434558780736,-73.13252311003252,10.809255033558967,44.3055543191731
1664514063018,40.913434558780736,-73.13252311003252,11.063759330553596,44.3055543191731
1664514065012,40.913434558780736,-73.13252311003252,9.887992328815846,44.3055543191731
1664514066013,40.913434558780736,-73.13252311003252,9.98122996614587,44.3055543191731
1664514067013,40.913434558780736,-73.13252311003252,10.102956254701011,44.3055543191731
1664514069013,40.913434558780736,-73.13252311003252,10.312387599693984,44.3055543191731
1664514070013,40.913434558780736,-73.13252311003252,10.486943939983602,44.3055543191731
1664514072012,40.913434558780736,-73.13252311003252,10.671394168300726,44.3055543191731
1664514073012,40.913434558780736,-73.13252311003252,10.79735807073213,44.3055543191731
1664514074013,40.913434558780736,-73.13252311003252,10.938790310026954,44.3055543191731
1664514076015,40.913434558780736,-73.13252311003252,9.586652654961433,44.3055543191731
1664514078003,40.913434558780736,-73.13252311003252,9.82282336567234,44.3055543191731
1664514079003,40.913434558780736,-73.13252311003252,9.961326531650847,44.3055543191731
1664514080003,40.913434558780736,-73.13252311003252,10.094224445513136,44.3055543191731
1664514081003,40.913434558780736,-73.13252311003252,10.22967130139968,44.3055543191731
1664514082003,40.913434558780736,-73.13252311003252,10.468143594425712,44.3055543191731
1664514083003,40.913434558780736,-73.13252311003252,10.576906346228201,44.3055543191731
1664514084998,40.913434558780736,-73.13252311003252,10.824212572965322,44.3055543191731
1664514085998,40.913434558780736,-73.13252311003252,10.934147529317592,44.3055543191731
1664514086998,40.913434558780736,-73.13252311003252,11.044416592927217,44.3055543191731
1664514087998,40.913434558780736,-73.13252311003252,11.025318294682302,44.3055543191731
1664514088998,40.913434558780736,-73.13252311003252,9.712625189040784,44.3055543191731
1664514089998,40.913434558780736,-73.13252311003252,9.824377895775873,44.3055543191731
1664514090998,40.913434558780736,-73.13252311003252,9.943344404219712,44.3055543191731
1664514091998,40.913434558780736,-73.13252311003252,10.092768272369185,44.3055543191731
1664514092998,40.913434558780736,-73.13252311003252,10.19343810379877,44.3055543191731
1664514093998,40.913434558780736,-73.13252311003252,10.324195791745963,44.3055543191731
1664514094999,40.913434558780736,-73.13252311003252,10.459391346853625,44.3055543191731
1664514096999,40.913434558780736,-73.13252311003252,10.702953734496084,44.3055543191731
1664514098999,40.913434558780736,-73.13252311003252,10.937241287883081,44.3055543191731
1664514100999,40.913434558780736,-73.13252311003252,9.761071642405938,44.3055543191731
1664514102999,40.913434558780736,-73.13252311003252,9.953227604120203,44.3055543191731
1664514103999,40.913434558780736,-73.13252311003252,10.082025181652234,44.3055543191731
1664514104999,40.913434558780736,-73.13252311003252,10.170665453850432,44.3055543191731
1664514105999,40.913434558780736,-73.13252311003252,10.296847166333787,44.3055543191731
1664514106999,40.913434558780736,-73.13252311003252,10.418484240414353,44.3055543191731
1664514107999,40.913434558780736,-73.13252311003252,10.56383129423457,44.3055543191731
1664514108999,40.913434558780736,-73.13252311003252,10.672648266748254,44.3055543191731
1664514109999,40.913434558780736,-73.13252311003252,10.783779493134464,44.3055543191731
1664514110999,40.913434558780736,-73.13252311003252,11.055867376580185,44.3055543191731
1664514111999,40.913434558780736,-73.13252311003252,11.120313602506693,44.3055543191731
1664514112999,40.913434558780736,-73.13252311003252,11.21056304089428,44.3055543191731
1664514113999,40.913434558780736,-73.13252311003252,11.285355357319864,44.3055543191731
1664514115000,40.913434558780736,-73.13252311003252,11.369499424570083,44.3055543191731
1664514116000,40.913434558780736,-73.13252311003252,11.45567387849596,44.3055543191731
1664514117000,40.913434558780736,-73.13252311003252,11.513652437244252,44.3055543191731
1664514118000,40.913434558780736,-73.13252311003252,11.636472490989608,44.3055543191731
1664514119000,40.913434558780736,-73.13252311003252,11.734421705818745,44.3055543191731
1664514120000,40.913434558780736,-73.13252311003252,11.802121513517491,44.3055543191731
1664514121000,40.913434558780736,-73.13252311003252,11.900984121912062,44.3055543191731
1664514122000,40.913434558780736,-73.13252311003252,11.99016997059894,44.3055543191731
1664514123000,40.913434558780736,-73.13252311003252,12.07402935553371,44.3055543191731
1664514124000,40.913434558780736,-73.13252311003252,12.182232334576826,44.3055543191731
1664514125000,40.913434558780736,-73.13252311003252,12.394701525379624,44.3055543191731
1664514126000,40.913434558780736,-73.13252311003252,12.439815112791052,44.3055543191731
1664514127000,40.913434558780736,-73.13252311003252,12.513303257988118,44.3055543191731
1664514128000,40.913434558780736,-73.13252311003252,12.557229940504591,44.3055543191731
1664514129000,40.913434558780736,-73.13252311003252,12.647442101854343,44.3055543191731
1664514130000,40.913434558780736,-73.13252311003252,12.693789622495498,44.3055543191731
1664514131000,40.913434558780736,-73.13252311003252,12.773588943080336,44.3055543191731
1664514132000,40.913434558780736,-73.13252311003252,12.83562477364646,44.3055543191731
1664514133000,40.913434558780736,-73.13252311003252,10.816021564641533,44.3055543191731
1664514134000,40.913434558780736,-73.13252311003252,10.941908122642396,44.3055543191731
1664514135000,40.913434558780736,-73.13252311003252,11.0584407713603,44.3055543191731
1664514136000,40.913434558780736,-73.13252311003252,11.155285413975498,44.3055543191731
1664514137000,40.913434558780736,-73.13252311003252,11.253193669835218,44.3055543191731
1664514138000,40.913434558780736,-73.13252311003252,11.330982994614143,44.3055543191731
1664514139000,40.913434558780736,-73.13252311003252,11.429612111890162,44.3055543191731
1664514140000,40.913434558780736,-73.13252311003252,11.5456363975574,44.3055543191731
1664514141001,40.913434558780736,-73.13252311003252,11.630595183215716,44.3055543191731
1664514142001,40.913434558780736,-73.13252311003252,11.723468144236483,44.3055543191731
1664514143001,40.913434558780736,-73.13252311003252,11.954579325958106,44.3055543191731
1664514144001,40.913434558780736,-73.13252311003252,12.046176018850309,44.3055543191731
1664514145001,40.913434558780736,-73.13252311003252,12.094625455828938,44.3055543191731
1664514146001,40.913434558780736,-73.13252311003252,12.186925222879855,44.3055543191731
1664514147001,40.913434558780736,-73.13252311003252,12.2742918554138,44.3055543191731
1664514148001,40.913434558780736,-73.13252311003252,12.365792761203497,44.3055543191731
1664514149001,40.913434558780736,-73.13252311003252,12.442210223582718,44.3055543191731
1664514150001,40.913434558780736,-73.13252311003252,12.519863148711215,44.3055543191731
1664514151001,40.913434558780736,-73.13252311003252,12.620773492903416,44.3055543191731
1664514152001,40.913434558780736,-73.13252311003252,12.704566324907024,44.3055543191731
1664514153001,40.913434558780736,-73.13252311003252,12.815548021425904,44.3055543191731
1664514154001,40.913434558780736,-73.13252311003252,13.068211358521669,44.3055543191731
1664514155001,40.913434558780736,-73.13252311003252,13.140602301765844,44.3055543191731
1664514156001,40.913434558780736,-73.13252311003252,13.185546232252841,44.3055543191731
1664514157001,40.913434558780736,-73.13252311003252,13.278903572648995,44.3055543191731
1664514158001,40.913434558780736,-73.13252311003252,13.379126292203116,44.3055543191731
1664514159001,40.913434558780736,-73.13252311003252,13.45171201382273,44.3055543191731
1664514160001,40.913434558780736,-73.13252311003252,13.569490905092678,44.3055543191731
1664514161001,40.913434558780736,-73.13252311003252,13.639661012778173,44.3055543191731
1664514162001,40.913434558780736,-73.13252311003252,13.681761001190049,44.3055543191731
1664514163001,40.913434558780736,-73.13252311003252,13.771261915936359,44.3055543191731
1664514164001,40.913434558780736,-73.13252311003252,11.307500600053164,44.3055543191731
1664514165001,40.913434558780736,-73.13252311003252,11.40642430097379,44.3055543191731
1664514166001,40.913434558780736,-73.13252311003252,11.492696780377731,44.3055543191731
1664514167001,40.913434558780736,-73.13252311003252,11.62975538725145,44.3055543191731
1664514168001,40.913434558780736,-73.13252311003252,11.692854377925393,44.3055543191731
1664514169001,40.913434558780736,-73.13252311003252,11.82568083764226,44.3055543191731
1664514170001,40.913434558780736,-73.13252311003252,12.121939679802834,44.3055543191731
1664514171001,40.913434558780736,-73.13252311003252,12.072308361092233,44.3055543191731
1664514172002,40.913434558780736,-73.13252311003252,12.16223049468014,44.3055543191731
1664514173002,40.913434558780736,-73.13252311003252,12.384479689623266,44.3055543191731
1664514174002,40.913434558780736,-73.13252311003252,12.492461884834949,44.3055543191731
1664514175002,40.913434558780736,-73.13252311003252,12.546737730901206,44.3055543191731
1664514176002,40.913434558780736,-73.13252311003252,12.659804276722191,44.3055543191731
1664514177002,40.913434558780736,-73.13252311003252,12.754255619912389,44.3055543191731
1664514178002,40.913434558780736,-73.13252311003252,12.825698514141234,44.3055543191731
1664514179002,40.913434558780736,-73.13252311003252,12.933843839004926,44.3055543191731
1664514180002,40.913434558780736,-73.13252311003252,13.03205407152747,44.3055543191731
1664514181002,40.913434558780736,-73.13252311003252,13.12370841705402,44.3055543191731
1664514182002,40.913434558780736,-73.13252311003252,13.198423716946856,44.3055543191731
1664514183002,40.913434558780736,-73.13252311003252,13.305772978215911,44.3055543191731
1664514184002,40.913434558780736,-73.13252311003252,13.40109450541016,44.3055543191731
1664514185002,40.913434558780736,-73.13252311003252,13.474795154469303,44.3055543191731
1664514186002,40.913434558780736,-73.13252311003252,13.736691790342888,44.3055543191731
1664514187002,40.913434558780736,-73.13252311003252,13.812930524023853,44.3055543191731
1664514188002,40.913434558780736,-73.13252311003252,13.897327761568175,44.3055543191731
1664514189002,40.913434558780736,-73.13252311003252,13.97549350679454,44.3055543191731
1664514190002,40.913434558780736,-73.13252311003252,14.029347940593551,44.3055543191731
1664514191002,40.913434558780736,-73.13252311003252,14.14653303437749,44.3055543191731
1664514192002,40.913434558780736,-73.13252311003252,14.222389697656894,44.3055543191731
1664514193002,40.913434558780736,-73.13252311003252,14.2958127486197,44.3055543191731
1664514194002,40.913434558780736,-73.13252311003252,14.392004188239737,44.3055543191731
1664514195002,40.913434558780736,-73.13252311003252,14.457542613235596,44.3055543191731
1664514196002,40.913434558780736,-73.13252311003252,14.53936017184556,44.3055543191731
1664514197002,40.913434558780736,-73.13252311003252,11.739925135089335,44.3055543191731
1664514198002,40.913434558780736,-73.13252311003252,11.867368386398763,44.3055543191731
1664514199002,40.913434558780736,-73.13252311003252,11.975579194046395,44.3055543191731
1664514200002,40.913434558780736,-73.13252311003252,12.068980458762159,44.3055543191731
1664514201002,40.913434558780736,-73.13252311003252,12.198399937088444,44.3055543191731
1664514202002,40.913434558780736,-73.13252311003252,12.291733504524512,44.3055543191731
1664514203002,40.913434558780736,-73.13252311003252,12.591175104257621,44.3055543191731
1664514204002,40.913434558780736,-73.13252311003252,12.664330822455028,44.3055543191731
1664514205003,40.913434558780736,-73.13252311003252,12.766987283367643,44.3055543191731
1664514206003,40.913434558780736,-73.13252311003252,12.852252024835312,44.3055543191731
1664514207003,40.913434558780736,-73.13252311003252,12.935016525852667,44.3055543191731
1664514208003,40.913434558780736,-73.13252311003252,13.02977701659403,44.3055543191731
1664514209003,40.913434558780736,-73.13252311003252,13.143896674948472,44.3055543191731
1664514210998,40.913434558780736,-73.13252311003252,13.30850159648153,44.3055543191731
1664514211998,40.913434558780736,-73.13252311003252,13.411934453040299,44.3055543191731
1664514212998,40.913434558780736,-73.13252311003252,13.496791992282159,44.3055543191731
1664514213998,40.913434558780736,-73.13252311003252,13.594313845590008,44.3055543191731
1664514214998,40.913434558780736,-73.13252311003252,13.711951496683088,44.3055543191731
1664514215998,40.913434558780736,-73.13252311003252,13.804821894630134,44.3055543191731
1664514216998,40.913434558780736,-73.13252311003252,13.902342214780623,44.3055543191731
1664514217998,40.913434558780736,-73.13252311003252,13.990048462311478,44.3055543191731
1664514218998,40.913434558780736,-73.13252311003252,14.229072517588486,44.3055543191731
1664514219998,40.913434558780736,-73.13252311003252,14.342703701409961,44.3055543191731
1664514220998,40.913434558780736,-73.13252311003252,14.427679636014158,44.3055543191731
1664514222999,40.913434558780736,-73.13252311003252,14.555201956051379,44.3055543191731
1664514224999,40.913434558780736,-73.13252311003252,14.732100625071716,44.3055543191731
1664514226999,40.913434558780736,-73.13252311003252,14.91047310685783,44.3055543191731
1664514228999,40.913434558780736,-73.13252311003252,11.980951902258683,44.3055543191731
1664514229999,40.913434558780736,-73.13252311003252,12.088841268300136,44.3055543191731
1664514230999,40.913434558780736,-73.13252311003252,12.204323153170824,44.3055543191731
1664514231999,40.913434558780736,-73.13252311003252,12.296195351605526,44.3055543191731
1664514232999,40.913434558780736,-73.13252311003252,12.409464279281218,44.3055543191731
1664514233999,40.913434558780736,-73.13252311003252,12.522990636755265,44.3055543191731
1664514234999,40.913434558780736,-73.13252311003252,12.612918445430113,44.3055543191731
1664514235999,40.913434558780736,-73.13252311003252,12.706701914408209,44.3055543191731
1664514236999,40.913434558780736,-73.13252311003252,12.821525764419121,44.3055543191731
1664514237999,40.913434558780736,-73.13252311003252,12.920065790226069,44.3055543191731
1664514238999,40.913434558780736,-73.13252311003252,13.180245392474413,44.3055543191731
1664514239999,40.913434558780736,-73.13252311003252,13.269587339838761,44.3055543191731
1664514240999,40.913434558780736,-73.13252311003252,13.236358881444417,44.3055543191731
1664514242000,40.913434558780736,-73.13252311003252,13.45631762231438,44.3055543191731
1664514243000,40.913434558780736,-73.13252311003252,13.513903774438193,44.3055543191731
1664514244000,40.913434558780736,-73.13252311003252,13.634833538533412,44.3055543191731
1664514245000,40.913434558780736,-73.13252311003252,13.728007121548943,44.3055543191731
1664514246000,40.913434558780736,-73.13252311003252,13.798209830962211,44.3055543191731
1664514247000,40.913434558780736,-73.13252311003252,13.885538306230181,44.3055543191731
1664514248000,40.913434558780736,-73.13252311003252,14.002158624212052,44.3055543191731
1664514249000,40.913434558780736,-73.13252311003252,14.078389422567776,44.3055543191731
1664514250000,40.913434558780736,-73.13252311003252,14.15863738481293,44.3055543191731
1664514251000,40.913434558780736,-73.13252311003252,14.269208615890546,44.3055543191731
1664514252000,40.913434558780736,-73.13252311003252,14.35281795139358,44.3055543191731
1664514253000,40.913434558780736,-73.13252311003252,14.447615841002195,44.3055543191731
1664514254000,40.913434558780736,-73.13252311003252,14.547342375893994,44.3055543191731
1664514255000,40.913434558780736,-73.13252311003252,14.63439773171157,44.3055543191731
1664514256000,40.913434558780736,-73.13252311003252,14.838303394601992,44.3055543191731
1664514257000,40.913434558780736,-73.13252311003252,14.915253930922686,44.3055543191731
1664514258000,40.913434558780736,-73.13252311003252,15.001722251899649,44.3055543191731
1664514259000,40.913434558780736,-73.13252311003252,15.097328901742788,44.3055543191731
1664514260000,40.913434558780736,-73.13252311003252,11.97174880601085,44.3055543191731
1664514261000,40.913434558780736,-73.13252311003252,12.075034202307227,44.3055543191731
1664514262000,40.913434558780736,-73.13252311003252,12.150682456995709,44.3055543191731
1664514263000,40.913434558780736,-73.13252311003252,12.288065794448835,44.3055543191731
1664514264000,40.913434558780736,-73.13252311003252,12.38459994903675,44.3055543191731
1664514265000,40.913434558780736,-73.13252311003252,12.470789047991872,44.3055543191731
1664514266001,40.913434558780736,-73.13252311003252,12.580400166941885,44.3055543191731
1664514267001,40.913434558780736,-73.13252311003252,12.703158343862853,44.3055543191731
1664514268001,40.913434558780736,-73.13252311003252,12.808680957536673,44.3055543191731
1664514269001,40.913434558780736,-73.13252311003252,12.928603239050954,44.3055543191731
1664514270001,40.913434558780736,-73.13252311003252,13.00776040223824,44.3055543191731
1664514271001,40.913434558780736,-73.13252311003252,13.12097640683198,44.3055543191731
1664514272001,40.913434558780736,-73.13252311003252,13.333903127393793,44.3055543191731
1664514273001,40.913434558780736,-73.13252311003252,13.442856912131589,44.3055543191731
1664514274001,40.913434558780736,-73.13252311003252,13.507561046578706,44.3055543191731
1664514275001,40.913434558780736,-73.13252311003252,13.595033395891399,44.3055543191731
1664514276001,40.913434558780736,-73.13252311003252,13.691388012012178,44.3055543191731
1664514277001,40.913434558780736,-73.13252311003252,13.80864844173651,44.3055543191731
1664514278001,40.913434558780736,-73.13252311003252,13.911405739111073,44.3055543191731
1664514279001,40.913434558780736,-73.13252311003252,13.968905610623489,44.3055543191731
1664514280001,40.913434558780736,-73.13252311003252,14.064696330282443,44.3055543191731
1664514281001,40.913434558780736,-73.13252311003252,14.179597117855037,44.3055543191731
1664514282001,40.913434558780736,-73.13252311003252,14.267543000830306,44.3055543191731
1664514283001,40.913434558780736,-73.13252311003252,14.36026432413885,44.3055543191731
1664514284001,40.913434558780736,-73.13252311003252,14.460194938603196,44.3055543191731
1664514285001,40.913434558780736,-73.13252311003252,14.552800461307845,44.3055543191731
1664514286001,40.913434558780736,-73.13252311003252,14.795563982098841,44.3055543191731
1664514287001,40.913434558780736,-73.13252311003252,14.833811917384768,44.3055543191731
1664514288001,40.913434558780736,-73.13252311003252,14.948534075574758,44.3055543191731
1664514289011,40.913434558780736,-73.13252311003252,14.996615447329908,44.3055543191731
1664514290012,40.913434558780736,-73.13252311003252,11.93927698557813,44.3055543191731
1664514292012,40.913434558780736,-73.13252311003252,12.14754121923843,44.3055543191731
1664514294012,40.913434558780736,-73.13252311003252,12.365375208013583,44.3055543191731
1664514296012,40.913434558780736,-73.13252311003252,12.560632673816373,44.3055543191731
1664514298012,40.913434558780736,-73.13252311003252,12.788532278823268,44.3055543191731
1664514300011,40.913434558780736,-73.13252311003252,12.993211911869821,44.3055543191731
1664514301013,40.913434558780736,-73.13252311003252,13.100322063777371,44.3055543191731
1664514302013,40.913434558780736,-73.13252311003252,13.027113090343503,44.3055543191731
1664514304012,40.913434558780736,-73.13252311003252,11.166124943305208,44.3055543191731
1664514306012,40.913434558780736,-73.13252311003252,11.420159425026144,44.3055543191731
1664514308012,40.913434558780736,-73.13252311003252,11.629248826098596,44.3055543191731
1664514309012,40.913434558780736,-73.13252311003252,11.61468567549099,44.3055543191731
1664514320011,40.913427627271886,-73.13252401114768,11.049192280842894,44.172968997620046
1664514322012,40.913427627271886,-73.13252401114768,11.287451829060338,44.172968997620046
1664514324012,40.913427627271886,-73.13252401114768,11.640287671598388,44.172968997620046
1664514325012,40.913427627271886,-73.13252401114768,11.623385684833577,44.172968997620046
1664514330011,40.91342906107799,-73.13252540374982,10.580850640924943,44.10276348516345
1664514331011,40.91342906107799,-73.13252540374982,10.69999557655505,44.10276348516345
1664514332011,40.91342906107799,-73.13252540374982,10.798155876810982,44.10276348516345
1664514334011,40.91342906107799,-73.13252540374982,11.04362890878329,44.10276348516345
1664514335011,40.91342906107799,-73.13252540374982,11.16154315262176,44.10276348516345
1664514337011,40.91342906107799,-73.13252540374982,11.382880630290954,44.10276348516345
1664514339010,40.91342906107799,-73.13252540374982,9.944752853104877,44.10276348516345
1664514340012,40.91342906107799,-73.13252540374982,10.057556663215534,44.10276348516345
1664514355011,40.91343068119038,-73.13252736157501,10.43049818135944,44.28068279474974
1664514357010,40.91343068119038,-73.13252736157501,10.674914908829113,44.28068279474974
1664514358012,40.91343068119038,-73.13252736157501,10.79471927198232,44.28068279474974
1664514360011,40.91343068119038,-73.13252736157501,11.035281435835433,44.28068279474974
1664514362013,40.91343068119038,-73.13252736157501,9.7995123470715,44.28068279474974
1664514363017,40.91343068119038,-73.13252736157501,9.94932629451,44.28068279474974
1664514365011,40.91343068119038,-73.13252736157501,10.037512791137692,44.28068279474974
1664514370011,40.9134309607936,-73.13252883936941,10.77753442048895,44.20891141798347
1664514372011,40.9134309607936,-73.13252883936941,11.017251561883235,44.20891141798347
1664514374013,40.9134309607936,-73.13252883936941,9.671829241050819,44.20891141798347
1664514376011,40.9134309607936,-73.13252883936941,9.93962282715962,44.20891141798347
1664514377011,40.9134309607936,-73.13252883936941,10.277685979183047,44.20891141798347
1664514397011,40.91342267630584,-73.13255206856505,14.908254223562345,41.635066986083984
1664514399005,40.91342457120779,-73.13252122574808,200.0,44.3430061340332
1664514400005,40.913334377148296,-73.1326644961472,393.0067151397351,48.76058581843972
1664514401005,40.913334377148296,-73.1326644961472,378.926302119192,48.76058581843972
1664514402005,40.913334377148296,-73.1326644961472,10.277385210152588,48.76058581843972
1664514403005,40.913334377148296,-73.1326644961472,10.354760325851096,48.76058581843972
1664514404005,40.913334377148296,-73.1326644961472,10.508398415697613,48.76058581843972
1664514405011,40.913334377148296,-73.1326644961472,10.606169400872503,48.76058581843972
1664514406011,40.913334377148296,-73.1326644961472,10.735301350750959,48.76058581843972
1664514408010,40.913334377148296,-73.1326644961472,10.989802663538386,48.76058581843972
1664514409011,40.913334377148296,-73.1326644961472,11.102978112224177,48.76058581843972
1664514410012,40.913334377148296,-73.1326644961472,9.622349019318895,48.76058581843972
1664514411012,40.913334377148296,-73.1326644961472,9.76237273895386,48.76058581843972
1664514412998,40.913334377148296,-73.1326644961472,10.028439688371192,48.76058581843972
1664514414012,40.913334377148296,-73.1326644961472,10.164806830482814,48.76058581843972
1664514416012,40.913334377148296,-73.1326644961472,10.63078392490619,48.76058581843972
1664514417999,40.913334377148296,-73.1326644961472,10.823016425353666,48.76058581843972
1664514419012,40.913334377148296,-73.1326644961472,10.961038368819267,48.76058581843972
1664514422999,40.913334371052706,-73.13266449243683,200.0,48.76058578491211
1664514423999,40.913334377148296,-73.1326644961472,392.5273090496454,48.76058581843972
1664514424999,40.913334377148296,-73.1326644961472,339.5410281015821,48.76058581843972
1664514425999,40.913334377148296,-73.1326644961472,302.19536667800486,48.76058581843972
1664514426999,40.913334377148296,-73.1326644961472,339.025973527988,48.76058581843972
1664514427999,40.913330982964034,-73.13266243012202,339.0261133628383,48.75812911987305
1664514429012,40.913334377148296,-73.1326644961472,382.35329134610384,48.76058581843972
1664514434000,40.91333791556858,-73.13267279313298,323.8531806348966,47.210548400878906
1664514435000,40.91333907658391,-73.13267551551382,323.85330317324724,46.870296478271484
1664514436000,40.91334045402809,-73.13267874538259,352.750675178686,46.33864978235215
1664514437000,40.91334045402799,-73.13267874538256,352.7508095672227,46.33864974975586
1664514438013,40.91334045402809,-73.13267874538259,389.39417401574457,46.33864978235215
1664514439000,40.913340454027974,-73.13267874538256,373.3799886840423,46.33864974975586
1664514440000,40.91334045402809,-73.13267874538259,373.37998868404225,46.33864978235215
1664514441013,40.91334045402809,-73.13267874538259,397.07848212964296,46.33864978235215
1664514443000,40.913340454027974,-73.13267874538256,391.34720812613017,46.33864974975586
1664514444000,40.913340454027924,-73.13267874538256,328.55126605462857,46.33864974975586
1664514445000,40.91334045402809,-73.13267874538259,328.5512660546285,46.33864978235215
1664514446001,40.91334045402796,-73.13267874538256,248.87570305372842,46.33864974975586
1664514447001,40.91334045402809,-73.13267874538259,248.8757030537284,46.33864978235215
1664514448001,40.91334045402809,-73.13267874538259,189.0090626851187,46.33864978235215
1664514449001,40.91334045402797,-73.13267874538256,200.0,46.33864974975586
1664514450001,40.91334045402809,-73.13267874538259,160.1025850835271,46.33864978235215
1664514451001,40.91334045402801,-73.13267874538256,200.0,46.33864974975586
1664514452001,40.91334045402797,-73.13267874538256,200.0,46.33864974975586
1664514453001,40.91334045402809,-73.13267874538259,231.15511198277298,46.33864978235215
1664514454001,40.913340454028,-73.13267874538256,231.15531705722543,46.33864974975586
1664514455001,40.91334045402809,-73.13267874538259,293.4610839118996,46.33864978235215
1664514456001,40.91334045402809,-73.13267874538259,317.5751740525305,46.33864978235215
1664514457001,40.91334045402809,-73.13267874538259,308.74175266888847,46.33864978235215
1664514458001,40.91334045402809,-73.13267874538259,337.5673633385462,46.33864978235215
1664514459001,40.91334045402809,-73.13267874538259,357.74117379260497,46.33864978235215
1664514460001,40.91334045402809,-73.13267874538259,349.7147957714093,46.33864978235215
1664514461001,40.91334045402809,-73.13267874538259,376.2760746146688,46.33864978235215
1664514462001,40.91334045402798,-73.13267874538256,376.2762005959712,46.33864974975586
1664514463018,40.91334045402809,-73.13267874538259,385.96092035221074,46.33864978235215
1664514464001,40.91334045402798,-73.13267874538256,385.96103916580086,46.33864974975586
1664514465013,40.91334045402809,-73.13267874538259,397.096016760185,46.33864978235215
1664514468013,40.91334045402809,-73.13267874538259,11.061872999817526,46.33864978235215
1664514470013,40.91334045402809,-73.13267874538259,11.171593771416374,46.33864978235215
1664514471013,40.91334045402809,-73.13267874538259,9.793129069202553,46.33864978235215
1664514474012,40.91334045402809,-73.13267874538259,10.173026110891488,46.33864978235215
1664514476002,40.91334045402809,-73.13267874538259,10.45994389986384,46.33864978235215
1664514477002,40.91334045402809,-73.13267874538259,10.577547168337826,46.33864978235215
1664514478002,40.91334045402809,-73.13267874538259,10.873748207606798,46.33864978235215
1664514479002,40.91334045402809,-73.13267874538259,10.823770917159205,46.33864978235215
1664514482002,40.913340281797254,-73.1326792148905,200.0,46.33864974975586
1664514483002,40.91334045402809,-73.13267874538259,9.860586173444343,46.33864978235215
1664514484002,40.91334045402809,-73.13267874538259,10.031410729429115,46.33864978235215
1664514485002,40.91334045402809,-73.13267874538259,10.14642650406069,46.33864978235215
1664514486002,40.91334045402809,-73.13267874538259,10.256373472320595,46.33864978235215
1664514487012,40.91334045402809,-73.13267874538259,10.362372692407176,46.33864978235215
1664514489002,40.91334045402809,-73.13267874538259,10.611026173445367,46.33864978235215
1664514490002,40.91334045402809,-73.13267874538259,10.738140124226915,46.33864978235215
1664514491002,40.91334045402809,-73.13267874538259,10.857992099569863,46.33864978235215
1664514492011,40.91334045402809,-73.13267874538259,10.963924467379117,46.33864978235215
1664514493012,40.91334045402809,-73.13267874538259,11.07368418009116,46.33864978235215
1664514495002,40.91334045402809,-73.13267874538259,9.740562777479456,46.33864978235215
1664514496002,40.91334045402809,-73.13267874538259,9.881716880441905,46.33864978235215
1664514497012,40.91334045402809,-73.13267874538259,9.990359594793718,46.33864978235215
1664514499002,40.91334045402809,-73.13267874538259,10.513866960716586,46.33864978235215
1664514500002,40.91334045402809,-73.13267874538259,10.606830812832026,46.33864978235215
1664514501002,40.91334045402809,-73.13267874538259,10.71965405958608,46.33864978235215
1664514502002,40.91334045402809,-73.13267874538259,10.833090053432047,46.33864978235215
1664514503002,40.91334045402809,-73.13267874538259,10.93686444264493,46.33864978235215
1664514504002,40.91334045402809,-73.13267874538259,11.013931123016901,46.33864978235215
1664514505002,40.91334045402809,-73.13267874538259,11.129450768870607,46.33864978235215
1664514506003,40.91334045402809,-73.13267874538259,9.651319250876096,46.33864978235215
1664514507011,40.91334045402809,-73.13267874538259,9.799579563511001,46.33864978235215
1664514508012,40.91334045402809,-73.13267874538259,9.897152089089932,46.33864978235215
1664514510003,40.91334045402809,-73.13267874538259,10.152963697762841,46.33864978235215
1664514511003,40.91334045402809,-73.13267874538259,10.314842480220191,46.33864978235215
1664514512012,40.91334045402809,-73.13267874538259,10.43893508203438,46.33864978235215
1664514514013,40.91334045402809,-73.13267874538259,10.68305381272115,46.33864978235215
1664514516012,40.91334045402809,-73.13267874538259,10.932921510978085,46.33864978235215
1664514518012,40.91334045402809,-73.13267874538259,11.221597482657533,46.33864978235215
1664514520011,40.91334045402809,-73.13267874538259,9.995674082036839,46.33864978235215
1664514522011,40.91334045402809,-73.13267874538259,10.220523786534656,46.33864978235215
1664514523012,40.91334045402809,-73.13267874538259,10.38554486415292,46.33864978235215
1664514524012,40.91334045402809,-73.13267874538259,10.468193966987652,46.33864978235215
1664514526011,40.91334045402809,-73.13267874538259,10.715018594379238,46.33864978235215
1664514528012,40.91334045402809,-73.13267874538259,10.981127934367137,46.33864978235215
1664514530012,40.91334045402809,-73.13267874538259,11.0940131171714,46.33864978235215
1664514532012,40.91334045402809,-73.13267874538259,9.88879776835909,46.33864978235215
1664514533012,40.91334045402809,-73.13267874538259,10.248363803375192,46.33864978235215
1664514535011,40.91334045402809,-73.13267874538259,10.469393524916239,46.33864978235215
1664514537012,40.91334045402809,-73.13267874538259,10.659427879077125,46.33864978235215
1664514539011,40.91334045402809,-73.13267874538259,10.882748420956748,46.33864978235215
1664514540011,40.91334045402809,-73.13267874538259,11.018151519757613,46.33864978235215
1664514542011,40.91334045402809,-73.13267874538259,9.64274301185945,46.33864978235215
1664514544010,40.91334045402809,-73.13267874538259,9.915515276995158,46.33864978235215
1664514545012,40.91334045402809,-73.13267874538259,10.046331521938072,46.33864978235215
1664514547011,40.91334045402809,-73.13267874538259,10.307042106579953,46.33864978235215
1664514548011,40.91334045402809,-73.13267874538259,10.436130638449765,46.33864978235215
1664514550010,40.91334045402809,-73.13267874538259,10.871624776118713,46.33864978235215
1664514552010,40.91334045402809,-73.13267874538259,11.075397872247017,46.33864978235215
1664514554012,40.91334045402809,-73.13267874538259,11.181710596291762,46.33864978235215
1664514556011,40.91334045402809,-73.13267874538259,9.981241798034981,46.33864978235215
1664514557011,40.91334045402809,-73.13267874538259,10.104824120993712,46.33864978235215
1664514559011,40.91334045402809,-73.13267874538259,10.34675088318922,46.33864978235215
1664514561010,40.91334045402809,-73.13267874538259,10.597204204947259,46.33864978235215
1664514562010,40.91334045402809,-73.13267874538259,10.719080537442155,46.33864978235215
1664514563019,40.91334045402809,-73.13267874538259,10.825332664149435,46.33864978235215
1664514565011,40.91334045402809,-73.13267874538259,11.100576064669085,46.33864978235215
1664514566012,40.91334045402809,-73.13267874538259,9.736250514063077,46.33864978235215
1664514568010,40.91334045402809,-73.13267874538259,10.004401460582384,46.33864978235215
1664514570009,40.91334045402809,-73.13267874538259,10.293226126695574,46.33864978235215
1664514572010,40.91334045402809,-73.13267874538259,10.488777671595678,46.33864978235215
1664514574010,40.91334045402809,-73.13267874538259,10.761679727604822,46.33864978235215
1664514576009,40.91334045402809,-73.13267874538259,10.985056042651781,46.33864978235215
1664514578011,40.91334045402809,-73.13267874538259,9.633309286331064,46.33864978235215
1664514580009,40.91334045402809,-73.13267874538259,9.884526115331278,46.33864978235215
1664514582009,40.91334045402809,-73.13267874538259,10.328145446683864,46.33864978235215
1664514583033,40.91334045402809,-73.13267874538259,10.424297605197449,46.33864978235215
1664514585009,40.91334045402809,-73.13267874538259,10.699997802019245,46.33864978235215
1664514587009,40.91334045402809,-73.13267874538259,10.890453484671461,46.33864978235215
1664514589009,40.91334045402809,-73.13267874538259,11.124546491039768,46.33864978235215
1664514590010,40.91334045402809,-73.13267874538259,11.129863219728788,46.33864978235215
1664514592009,40.91334045402809,-73.13267874538259,9.905053147872357,46.33864978235215
1664514594008,40.91334045402809,-73.13267874538259,10.152718563550408,46.33864978235215
1664514595009,40.91334045402809,-73.13267874538259,10.29677359011081,46.33864978235215
1664514596011,40.91334045402809,-73.13267874538259,10.640646179433503,46.33864978235215
1664514597014,40.91334045402809,-73.13267874538259,10.578219886834136,46.33864978235215
1664514599009,40.91334045402809,-73.13267874538259,10.993642308998366,46.33864978235215
1664514601009,40.91334045402809,-73.13267874538259,11.206574936158978,46.33864978235215
1664514602010,40.91334045402809,-73.13267874538259,11.174662204643644,46.33864978235215
1664514604011,40.91334045402809,-73.13267874538259,9.966022440994168,46.33864978235215
1664514606010,40.91334045402809,-73.13267874538259,10.192562980640082,46.33864978235215
1664514607011,40.91334045402809,-73.13267874538259,10.3350802861202,46.33864978235215
1664514608011,40.91334045402809,-73.13267874538259,10.434965168418211,46.33864978235215
1664514610010,40.91334045402809,-73.13267874538259,10.711215650217056,46.33864978235215
1664514611010,40.91334045402809,-73.13267874538259,10.84082359271947,46.33864978235215
1664514613011,40.91334045402809,-73.13267874538259,11.072789734962596,46.33864978235215
1664514614011,40.91334045402809,-73.13267874538259,11.239395879984807,46.33864978235215
1664514616011,40.91334045402809,-73.13267874538259,10.027423092891727,46.33864978235215
1664514618011,40.91334045402809,-73.13267874538259,10.270935662300916,46.33864978235215
1664514620010,40.91334045402809,-73.13267874538259,10.531088975841374,46.33864978235215
1664514622011,40.91334045402809,-73.13267874538259,10.748088796866009,46.33864978235215
1664514624010,40.91334045402809,-73.13267874538259,10.985119713463341,46.33864978235215
1664514625011,40.91334045402809,-73.13267874538259,11.1144703806127,46.33864978235215
1664514626013,40.91334045402809,-73.13267874538259,11.113227696045922,46.33864978235215
1664514628011,40.91334045402809,-73.13267874538259,9.875336194818791,46.33864978235215
1664514630011,40.91334045402809,-73.13267874538259,10.142119271260892,46.33864978235215
1664514632010,40.91334045402809,-73.13267874538259,10.422695607121812,46.33864978235215
1664514634009,40.91334045402809,-73.13267874538259,10.850879687720449,46.33864978235215
1664514635009,40.91334045402809,-73.13267874538259,10.944515273642155,46.33864978235215
1664514637011,40.91334045402809,-73.13267874538259,11.16111367804088,46.33864978235215
1664514638011,40.91334045402809,-73.13267874538259,9.661439033478956,46.33864978235215
1664514640009,40.91334045402809,-73.13267874538259,9.899359756262777,46.33864978235215
1664514641010,40.91334045402809,-73.13267874538259,10.05928349905216,46.33864978235215
1664514643010,40.91334045402809,-73.13267874538259,10.299378416995255,46.33864978235215
1664514645010,40.91334045402809,-73.13267874538259,10.557747028109322,46.33864978235215
1664514647008,40.91334045402809,-73.13267874538259,10.81779997264373,46.33864978235215
1664514648009,40.91334045402809,-73.13267874538259,10.93302370494465,46.33864978235215
1664514650012,40.91334045402809,-73.13267874538259,9.604432455507911,46.33864978235215
1664514652010,40.91334045402809,-73.13267874538259,9.856658618848014,46.33864978235215
1664514654010,40.91334045402809,-73.13267874538259,10.286353873077926,46.33864978235215
1664514656011,40.91334045402809,-73.13267874538259,10.528422684355625,46.33864978235215
1664514658011,40.91334045402809,-73.13267874538259,10.758255548016848,46.33864978235215
1664514660011,40.91334045402809,-73.13267874538259,10.96160581616291,46.33864978235215
1664514662012,40.91334045402809,-73.13267874538259,9.617657573081027,46.33864978235215
1664514663015,40.91334045402809,-73.13267874538259,9.758513958001345,46.33864978235215
1664514665010,40.91334045402809,-73.13267874538259,10.02404893382087,46.33864978235215
1664514667009,40.91334045402809,-73.13267874538259,10.286395555173034,46.33864978235215
1664514668010,40.91334045402809,-73.13267874538259,10.424802423499353,46.33864978235215
1664514670009,40.91334045402809,-73.13267874538259,10.86049953651356,46.33864978235215
1664514671009,40.91334045402809,-73.13267874538259,10.813603414374137,46.33864978235215
1664514673009,40.91334045402809,-73.13267874538259,11.188908597436878,46.33864978235215
1664514674010,40.91334045402809,-73.13267874538259,9.691372751118815,46.33864978235215
1664514676008,40.91334045402809,-73.13267874538259,9.911747621058213,46.33864978235215
1664514677010,40.91334045402809,-73.13267874538259,10.071130097568354,46.33864978235215
1664514679008,40.91334045402809,-73.13267874538259,10.329883677752132,46.33864978235215
1664514680008,40.91334045402809,-73.13267874538259,10.434655405291286,46.33864978235215
1664514681009,40.91334045402809,-73.13267874538259,10.569962374655056,46.33864978235215
1664514682009,40.91334045402809,-73.13267874538259,10.661654126971639,46.33864978235215
1664514683037,40.91334045402809,-73.13267874538259,10.806003905495661,46.33864978235215
1664514685008,40.91334045402809,-73.13267874538259,11.041916407160807,46.33864978235215
1664514686010,40.91334045402809,-73.13267874538259,9.579832212515493,46.33864978235215
1664514688009,40.91334045402809,-73.13267874538259,9.845123837924831,46.33864978235215
1664514690008,40.91334045402809,-73.13267874538259,10.266143428598337,46.33864978235215
1664514691010,40.91334045402809,-73.13267874538259,10.422098369821843,46.33864978235215
1664514693009,40.91334045402809,-73.13267874538259,10.613575991073912,46.33864978235215
1664514694009,40.91334045402809,-73.13267874538259,10.756625111958103,46.33864978235215
1664514696009,40.91334045402809,-73.13267874538259,10.967404991137856,46.33864978235215
1664514697010,40.91334045402809,-73.13267874538259,11.103471914358657,46.33864978235215
1664514699008,40.91334045402809,-73.13267874538259,9.751385018256023,46.33864978235215
1664514701006,40.91334045402809,-73.13267874538259,10.018396742488461,46.33864978235215
1664514702008,40.91334045402809,-73.13267874538259,10.142298517086997,46.33864978235215
1664514704008,40.91334045402809,-73.13267874538259,10.558519330736312,46.33864978235215
1664514706007,40.91334045402809,-73.13267874538259,10.803510225058217,46.33864978235215
1664514708010,40.91334045402809,-73.13267874538259,11.037659129344842,46.33864978235215
1664514710010,40.91334045402809,-73.13267874538259,11.11197726076959,46.33864978235215
1664514712008,40.91334045402809,-73.13267874538259,9.91238228596152,46.33864978235215
1664514714009,40.91334045402809,-73.13267874538259,10.186498687676862,46.33864978235215
1664514715009,40.91334045402809,-73.13267874538259,10.28154521938217,46.33864978235215
1664514717008,40.91334045402809,-73.13267874538259,10.527742757370854,46.33864978235215
1664514718009,40.91334045402809,-73.13267874538259,10.674796726500814,46.33864978235215
1664514719009,40.91334045402809,-73.13267874538259,10.790521102565986,46.33864978235215
1664514720010,40.91334045402809,-73.13267874538259,10.912103826200871,46.33864978235215
1664514722011,40.91334045402809,-73.13267874538259,9.589463726359172,46.33864978235215
1664514724009,40.91334045402809,-73.13267874538259,9.838968243481435,46.33864978235215
1664514726008,40.91334045402809,-73.13267874538259,10.237915662780575,46.33864978235215
1664514728008,40.91334045402809,-73.13267874538259,10.490920429229131,46.33864978235215
1664514730008,40.91334045402809,-73.13267874538259,10.710697560051369,46.33864978235215
1664514731009,40.91334045402809,-73.13267874538259,10.835279824480272,46.33864978235215
1664514732995,40.91334045402809,-73.13267874538259,11.045808923561653,46.33864978235215
1664514733995,40.91334045402809,-73.13267874538259,9.591776019560015,46.33864978235215
1664514734995,40.91334045402809,-73.13267874538259,9.725937719251451,46.33864978235215
1664514735996,40.91334045402809,-73.13267874538259,9.86022363836333,46.33864978235215
1664514736996,40.91334045402809,-73.13267874538259,9.996068334225626,46.33864978235215
1664514737996,40.91334045402809,-73.13267874538259,10.129715734216106,46.33864978235215
1664514738996,40.91334045402809,-73.13267874538259,10.41188454520365,46.33864978235215
1664514739997,40.91334045402809,-73.13267874538259,10.514300258874716,46.33864978235215
1664514740997,40.91334045402809,-73.13267874538259,10.659234180212792,46.33864978235215
1664514741997,40.91334045402809,-73.13267874538259,10.731794739578131,46.33864978235215
1664514742997,40.91334045402809,-73.13267874538259,10.87251311683661,46.33864978235215
1664514743997,40.91334045402809,-73.13267874538259,10.951139542602949,46.33864978235215
1664514744997,40.91334045402809,-73.13267874538259,11.080728548986265,46.33864978235215
1664514745998,40.91334045402809,-73.13267874538259,9.594261325187388,46.33864978235215
1664514746998,40.91334045402809,-73.13267874538259,9.733219445655822,46.33864978235215
1664514747998,40.91334045402809,-73.13267874538259,9.83915232623705,46.33864978235215
1664514748998,40.91334045402809,-73.13267874538259,9.97011186292169,46.33864978235215
1664514749998,40.91334045402809,-73.13267874538259,10.115756272829316,46.33864978235215
1664514750998,40.91334045402809,-73.13267874538259,10.247064264039606,46.33864978235215
1664514751998,40.91334045402809,-73.13267874538259,10.354372981263392,46.33864978235215
1664514752998,40.91334045402809,-73.13267874538259,10.496639454527553,46.33864978235215
1664514753998,40.91334045402809,-73.13267874538259,10.62016579580586,46.33864978235215
1664514754999,40.91334045402809,-73.13267874538259,10.73618123179189,46.33864978235215
1664514755999,40.91334045402809,-73.13267874538259,11.017528822405433,46.33864978235215
1664514756999,40.91334045402809,-73.13267874538259,11.155796692725241,46.33864978235215
1664514757999,40.91334045402809,-73.13267874538259,11.20740411633914,46.33864978235215
1664514758999,40.91334045402809,-73.13267874538259,11.311968748661842,46.33864978235215
1664514759999,40.91334045402809,-73.13267874538259,11.43414758672923,46.33864978235215
1664514760999,40.91334045402809,-73.13267874538259,11.562977845752615,46.33864978235215
1664514761999,40.91334045402809,-73.13267874538259,11.652675141506098,46.33864978235215
1664514762999,40.91334045402809,-73.13267874538259,11.72190664264345,46.33864978235215
1664514763999,40.91334045402809,-73.13267874538259,11.858893728500833,46.33864978235215
1664514764999,40.91334045402809,-73.13267874538259,11.963002331110228,46.33864978235215
1664514765999,40.91334045402809,-73.13267874538259,12.044873259245163,46.33864978235215
1664514767000,40.91334045402809,-73.13267874538259,12.169138678181854,46.33864978235215
1664514768000,40.91334045402809,-73.13267874538259,12.254839356661181,46.33864978235215
1664514769000,40.91334045402809,-73.13267874538259,12.350495440930226,46.33864978235215
1664514770000,40.91334045402809,-73.13267874538259,12.473733902933363,46.33864978235215
1664514771000,40.91334045402809,-73.13267874538259,12.563218623518045,46.33864978235215
1664514772000,40.91334045402809,-73.13267874538259,12.660274005027636,46.33864978235215
1664514773000,40.91334045402809,-73.13267874538259,12.772855181418976,46.33864978235215
1664514774000,40.91334045402809,-73.13267874538259,12.85735586614886,46.33864978235215
1664514775000,40.91334045402809,-73.13267874538259,13.119612990475682,46.33864978235215
1664514776000,40.91334045402809,-73.13267874538259,13.179562353474031,46.33864978235215
1664514777000,40.91334045402809,-73.13267874538259,13.290673978465865,46.33864978235215
1664514778000,40.91334045402809,-73.13267874538259,13.342201782627935,46.33864978235215
1664514779000,40.91334045402809,-73.13267874538259,11.06648337581159,46.33864978235215
1664514780000,40.91334045402809,-73.13267874538259,11.15048499344513,46.33864978235215
1664514781000,40.91334045402809,-73.13267874538259,11.29183103671729,46.33864978235215
1664514782000,40.91334045402809,-73.13267874538259,11.404670141811867,46.33864978235215
1664514783000,40.91334045402809,-73.13267874538259,11.511002470060895,46.33864978235215
1664514784000,40.91334045402809,-73.13267874538259,11.61404513554556,46.33864978235215
1664514785000,40.91334045402809,-73.13267874538259,11.722171960815693,46.33864978235215
1664514786000,40.91334045402809,-73.13267874538259,11.829899659403985,46.33864978235215
1664514787013,40.91334045402809,-73.13267874538259,11.92833415996434,46.33864978235215
1664514789011,40.91334045402809,-73.13267874538259,12.15031077097969,46.33864978235215
1664514791001,40.91334045402809,-73.13267874538259,10.372843754008565,46.33864978235215
1664514792001,40.91334045402809,-73.13267874538259,10.66249018577342,46.33864978235215
1664514793001,40.91334045402809,-73.13267874538259,10.611067555133681,46.33864978235215
1664514794001,40.91334045402809,-73.13267874538259,10.88357235864321,46.33864978235215
1664514795001,40.91334045402809,-73.13267874538259,11.0215118039753,46.33864978235215
1664514796001,40.91334045402809,-73.13267874538259,11.083029226969554,46.33864978235215
1664514797001,40.91334045402809,-73.13267874538259,11.216123399443134,46.33864978235215
1664514798001,40.91334045402809,-73.13267874538259,11.320202174791149,46.33864978235215
1664514799001,40.91334045402809,-73.13267874538259,11.397556353469904,46.33864978235215
1664514800001,40.91334045402809,-73.13267874538259,11.498139820468003,46.33864978235215
1664514801001,40.91334045402809,-73.13267874538259,11.634514596383013,46.33864978235215
1664514802001,40.91334045402809,-73.13267874538259,9.936984960420915,46.33864978235215
1664514803001,40.91334045402809,-73.13267874538259,10.073286018428803,46.33864978235215
1664514804001,40.91334045402809,-73.13267874538259,10.19978068727452,46.33864978235215
1664514805001,40.91334045402809,-73.13267874538259,10.322465081214892,46.33864978235215
1664514806001,40.91334045402809,-73.13267874538259,10.450195991826781,46.33864978235215
1664514807001,40.91334045402809,-73.13267874538259,10.541006105857212,46.33864978235215
1664514808001,40.91334045402809,-73.13267874538259,10.67839960250586,46.33864978235215
1664514809001,40.91334045402809,-73.13267874538259,10.797627341527484,46.33864978235215
1664514810001,40.91334045402809,-73.13267874538259,10.917192766918921,46.33864978235215
1664514811013,40.91334045402809,-73.13267874538259,11.040818032150755,46.33864978235215
1664514813012,40.91334045402809,-73.13267874538259,11.481670348439732,46.33864978235215
1664514815012,40.91334045402809,-73.13267874538259,9.999077922985633,46.33864978235215
1664514817002,40.91334045402809,-73.13267874538259,10.23019529567091,46.33864978235215
1664514818002,40.91334045402809,-73.13267874538259,10.34435150442239,46.33864978235215
1664514819002,40.91334045402809,-73.13267874538259,10.43887791582417,46.33864978235215
1664514820002,40.91334045402809,-73.13267874538259,10.57220167048368,46.33864978235215
1664514821002,40.91334045402809,-73.13267874538259,10.70810780935172,46.33864978235215
1664514822013,40.91334045402809,-73.13267874538259,10.821708775053992,46.33864978235215
1664514824002,40.91334045402809,-73.13267874538259,11.065278536684904,46.33864978235215
1664514825002,40.91334045402809,-73.13267874538259,11.194402255726306,46.33864978235215
1664514826002,40.91334045402809,-73.13267874538259,9.665903103618842,46.33864978235215
1664514827002,40.91334045402809,-73.13267874538259,9.794147031031349,46.33864978235215
1664514828002,40.91334045402809,-73.13267874538259,9.91309918737337,46.33864978235215
1664514829002,40.91334045402809,-73.13267874538259,10.26075573671852,46.33864978235215
1664514830002,40.91334045402809,-73.13267874538259,10.369513652262151,46.33864978235215
1664514831002,40.91334045402809,-73.13267874538259,10.488218635076878,46.33864978235215
1664514832002,40.91334045402809,-73.13267874538259,10.590611535256246,46.33864978235215
1664514833002,40.91334045402809,-73.13267874538259,10.667433081715062,46.33864978235215
1664514834002,40.91334045402809,-73.13267874538259,10.816006710787926,46.33864978235215
1664514835002,40.91334045402809,-73.13267874538259,10.921923557732638,46.33864978235215
1664514836002,40.91334045402809,-73.13267874538259,11.03701985501818,46.33864978235215
1664514837002,40.91334045402809,-73.13267874538259,11.132174413013978,46.33864978235215
1664514838002,40.91334045402809,-73.13267874538259,11.122595966285953,46.33864978235215
1664514839002,40.91334045402809,-73.13267874538259,9.768950386724173,46.33864978235215
1664514840002,40.91334045402809,-73.13267874538259,9.876851600461514,46.33864978235215
1664514841002,40.91334045402809,-73.13267874538259,10.034466026402898,46.33864978235215
1664514842002,40.91334045402809,-73.13267874538259,10.356644613468845,46.33864978235215
1664514843002,40.91334045402809,-73.13267874538259,10.277170595295267,46.33864978235215
1664514844013,40.91334045402809,-73.13267874538259,10.625932528346837,46.33864978235215
1664514845013,40.91334045402809,-73.13267874538259,10.68473417896671,46.33864978235215
1664514847002,40.91334045402809,-73.13267874538259,10.935011634583097,46.33864978235215
1664514848014,40.91334045402809,-73.13267874538259,11.03541600253345,46.33864978235215
1664514850015,40.91334045402809,-73.13267874538259,9.643325270734127,46.33864978235215
1664514852012,40.91334045402809,-73.13267874538259,9.917875576904546,46.33864978235215
1664514853014,40.91334045402809,-73.13267874538259,10.007685136067629,46.33864978235215
1664514855013,40.91334045402809,-73.13267874538259,10.272340510346405,46.33864978235215
1664514856013,40.91334045402809,-73.13267874538259,10.392041942207976,46.33864978235215
1664514857014,40.91334045402809,-73.13267874538259,10.513172079375945,46.33864978235215
1664514859013,40.91334045402809,-73.13267874538259,10.714431413889958,46.33864978235215
1664514860014,40.91334045402809,-73.13267874538259,10.819697249379356,46.33864978235215
1664514862014,40.91334045402809,-73.13267874538259,10.943168042559764,46.33864978235215
1664514863017,40.91334045402809,-73.13267874538259,9.82216841364429,46.33864978235215
1664514865012,40.91334045402809,-73.13267874538259,10.075623000980377,46.33864978235215
1664514867012,40.91334045402809,-73.13267874538259,10.296508067105036,46.33864978235215
1664514868012,40.91334045402809,-73.13267874538259,10.389704350300827,46.33864978235215
1664514870013,40.91334045402809,-73.13267874538259,10.62397181334354,46.33864978235215
1664514872013,40.91334045402809,-73.13267874538259,10.84620391141547,46.33864978235215
1664514874013,40.91334045402809,-73.13267874538259,9.554994081376819,46.33864978235215
1664514876011,40.91334045402809,-73.13267874538259,9.786712415893074,46.33864978235215
1664514878013,40.91334045402809,-73.13267874538259,10.015580607893645,46.33864978235215
1664514880012,40.91334045402809,-73.13267874538259,10.300896678804406,46.33864978235215
1664514882013,40.91334045402809,-73.13267874538259,10.699313076290974,46.33864978235215
1664514883039,40.91334045402809,-73.13267874538259,10.80395777417522,46.33864978235215
1664514885011,40.91334045402809,-73.13267874538259,11.034823156362771,46.33864978235215
1664514886014,40.91334045402809,-73.13267874538259,9.576992593898142,46.33864978235215
1664514888012,40.91334045402809,-73.13267874538259,9.864767777573089,46.33864978235215
1664514890012,40.91334045402809,-73.13267874538259,10.084102624366217,46.33864978235215
1664514891013,40.91334045402809,-73.13267874538259,10.20788687918015,46.33864978235215
1664514893011,40.91334045402809,-73.13267874538259,10.436949058260058,46.33864978235215
1664514895009,40.91334045402809,-73.13267874538259,10.702612830436589,46.33864978235215
1664514896012,40.91334045402809,-73.13267874538259,10.825306221068223,46.33864978235215
1664514898011,40.91334045402809,-73.13267874538259,9.526139208009353,46.33864978235215
1664514899012,40.91334045402809,-73.13267874538259,9.805110932713816,46.33864978235215
1664514900012,40.91334045402809,-73.13267874538259,9.908295594793117,46.33864978235215
1664514902012,40.91334045402809,-73.13267874538259,10.172075869566438,46.33864978235215
1664514904011,40.91334045402809,-73.13267874538259,10.402235295497874,46.33864978235215
1664514905012,40.91334045402809,-73.13267874538259,10.523280509442001,46.33864978235215
1664514907012,40.91334045402809,-73.13267874538259,10.756316988286775,46.33864978235215
1664514909010,40.91334045402809,-73.13267874538259,10.979158257442148,46.33864978235215
1664514910012,40.91334045402809,-73.13267874538259,10.983101590460786,46.33864978235215
1664514912012,40.91334045402809,-73.13267874538259,9.799555171517454,46.33864978235215
1664514913012,40.91334045402809,-73.13267874538259,9.908282351845997,46.33864978235215
1664514915012,40.91334045402809,-73.13267874538259,10.130575164357607,46.33864978235215
1664514917011,40.91334045402809,-73.13267874538259,10.389999611238428,46.33864978235215
1664514919012,40.91334045402809,-73.13267874538259,10.778225681488077,46.33864978235215
1664514921012,40.91334045402809,-73.13267874538259,10.998385933482142,46.33864978235215
1664514922013,40.91334045402809,-73.13267874538259,9.540367234451951,46.33864978235215
1664514924011,40.91334045402809,-73.13267874538259,9.809692305248927,46.33864978235215
1664514926011,40.91334045402809,-73.13267874538259,10.047037469031153,46.33864978235215
1664514927011,40.91334045402809,-73.13267874538259,10.154478234637358,46.33864978235215
1664514929009,40.91334045402809,-73.13267874538259,10.371385771450417,46.33864978235215
1664514930010,40.91334045402809,-73.13267874538259,10.490766179803542,46.33864978235215
1664514931011,40.91334045402809,-73.13267874538259,10.654807611565506,46.33864978235215
1664514932012,40.91334045402809,-73.13267874538259,10.763991809830042,46.33864978235215
1664514934012,40.91334045402809,-73.13267874538259,10.888188790404485,46.33864978235215
1664514936011,40.91334045402809,-73.13267874538259,9.904874236056637,46.33864978235215
1664514938009,40.91334045402809,-73.13267874538259,10.005304158743458,46.33864978235215
1664514939011,40.91334045402809,-73.13267874538259,10.308332149155936,46.33864978235215
1664514941011,40.91334045402809,-73.13267874538259,10.532193785494838,46.33864978235215
1664514943011,40.91334045402809,-73.13267874538259,10.749666256314026,46.33864978235215
1664514944011,40.91334045402809,-73.13267874538259,10.865453720286332,46.33864978235215
1664514946012,40.91334045402809,-73.13267874538259,9.542830262782966,46.33864978235215
1664514948011,40.91334045402809,-73.13267874538259,9.763126527543877,46.33864978235215
1664514950009,40.91334045402809,-73.13267874538259,10.047446011822029,46.33864978235215
1664514952009,40.91334045402809,-73.13267874538259,10.286313580005034,46.33864978235215
1664514953010,40.91334045402809,-73.13267874538259,10.412685428647839,46.33864978235215
1664514954010,40.91334045402809,-73.13267874538259,10.56932830864857,46.33864978235215
1664514955011,40.91334045402809,-73.13267874538259,10.865668963275764,46.33864978235215
1664514957011,40.91334045402809,-73.13267874538259,10.947780834507698,46.33864978235215
1664514958012,40.91334045402809,-73.13267874538259,9.618063772741756,46.33864978235215
1664514960011,40.91334045402809,-73.13267874538259,9.883431646266821,46.33864978235215
1664514962010,40.91334045402809,-73.13267874538259,10.147457621634945,46.33864978235215
1664514963017,40.91334045402809,-73.13267874538259,10.30439792438674,46.33864978235215
1664514965010,40.91334045402809,-73.13267874538259,10.478170473851163,46.33864978235215
1664514966011,40.91334045402809,-73.13267874538259,10.617714192373915,46.33864978235215
1664514968012,40.91334045402809,-73.13267874538259,10.842628444118944,46.33864978235215
1664514970012,40.91334045402809,-73.13267874538259,9.584865716240165,46.33864978235215
1664514972011,40.91334045402809,-73.13267874538259,9.85047988318341,46.33864978235215
1664514973011,40.91334045402809,-73.13267874538259,9.971001340416256,46.33864978235215
1664514975012,40.91334045402809,-73.13267874538259,10.223236244932844,46.33864978235215
1664514977009,40.91334045402809,-73.13267874538259,10.614853114520553,46.33864978235215
1664514979009,40.91334045402809,-73.13267874538259,10.82240704950837,46.33864978235215
1664514980010,40.91334045402809,-73.13267874538259,10.97394691176508,46.33864978235215
1664514982012,40.91334045402809,-73.13267874538259,9.633764169118221,46.33864978235215
1664514983039,40.91334045402809,-73.13267874538259,9.780891896843988,46.33864978235215
1664514985011,40.91334045402809,-73.13267874538259,10.095570242389789,46.33864978235215
1664514987011,40.91334045402809,-73.13267874538259,10.309392634616414,46.33864978235215
1664514989010,40.91334045402809,-73.13267874538259,10.557256457531889,46.33864978235215
1664514991009,40.91334045402809,-73.13267874538259,10.805621345130112,46.33864978235215
1664514992009,40.91334045402809,-73.13267874538259,11.128483662705966,46.33864978235215
1664514997011,40.91334045402809,-73.13267874538259,10.097047148112866,46.33864978235215
1664514999010,40.91334045402809,-73.13267874538259,10.308510530660717,46.33864978235215
1664515001010,40.91334045402809,-73.13267874538259,10.60739752703707,46.33864978235215
1664515005009,40.91334045402809,-73.13267874538259,11.079533186033094,46.33864978235215
1664515006009,40.91334045402809,-73.13267874538259,9.624190640353289,46.33864978235215
1664515008009,40.91334045402809,-73.13267874538259,9.88476216681425,46.33864978235215
1664515010009,40.91334045402809,-73.13267874538259,10.115611877744538,46.33864978235215
1664515013008,40.91334045402809,-73.13267874538259,10.664895145740859,46.33864978235215
1664515014009,40.91334045402809,-73.13267874538259,10.747624141485016,46.33864978235215
1664515016009,40.91334045402809,-73.13267874538259,10.993007221662845,46.33864978235215
1664515018010,40.91334045402809,-73.13267874538259,11.260240086776783,46.33864978235215
1664515025009,40.9134346434524,-73.1325307898287,10.687388733323653,43.5841511329636
1664515027009,40.9134346434524,-73.1325307898287,10.91665454876726,43.5841511329636
1664515029009,40.9134346434524,-73.1325307898287,11.146588614935265,43.5841511329636
1664515037009,40.91343487652346,-73.13253068209568,10.614280007235516,43.86048127990216
1664515039009,40.91343487652346,-73.13253068209568,10.878776921344224,43.86048127990216
1664515041008,40.91343487652346,-73.13253068209568,11.276941144290326,43.86048127990216
1664515042010,40.91343487652346,-73.13253068209568,11.194770912395851,43.86048127990216
1664515053008,40.91342267630584,-73.13255206856505,14.908254223562345,41.28511047363281
1664515065007,40.91342267630584,-73.13255206856505,14.908254223562345,41.418792724609375
1664515072025,40.91342267630584,-73.13255206856505,14.908254223562345,41.5588493347168
1664515084008,40.91342267630584,-73.13255206856505,14.908254223562345,41.722774505615234
1664515090038,40.91342267630584,-73.13255206856505,14.908254223562345,41.83579635620117
1664515102007,40.91342267630584,-73.13255206856505,14.908254223562345,42.250335693359375
1664515114007,40.91342267630584,-73.13255206856505,14.908254223562345,42.36575698852539
1664515126007,40.91342267630584,-73.13255206856505,14.908254223562345,42.47377395629883
1664515138007,40.91342267630584,-73.13255206856505,14.908254223562345,42.58015060424805
1664515150007,40.91342267630584,-73.13255206856505,14.908254223562345,42.68556213378906
1664515162007,40.91342267630584,-73.13255206856505,14.908254223562345,42.786102294921875
1664515174008,40.91342267630584,-73.13255206856505,14.908254223562345,42.8853759765625
1664515186006,40.91342267630584,-73.13255206856505,14.908254223562345,42.98194885253906
1664515198007,40.91342267630584,-73.13255206856505,14.908254223562345,43.076141357421875
1664515210007,40.91342267630584,-73.13255206856505,14.908254223562345,43.16709518432617
1664515222007,40.91342267630584,-73.13255206856505,14.908254223562345,43.25669479370117
1664515234008,40.91342267630584,-73.13255206856505,14.908254223562345,43.34274673461914
1664515237008,40.91342453769879,-73.1325268753973,9.957115301401823,48.5044192802161
1664515238009,40.91342453769879,-73.1325268753973,10.117836319112739,48.5044192802161
1664515240008,40.91342453769879,-73.1325268753973,10.359237182001664,48.5044192802161
1664515242007,40.91342453769879,-73.1325268753973,10.514819877150682,48.5044192802161
1664515243007,40.91342453769879,-73.1325268753973,245.7247893721962,48.5044192802161
1664515244007,40.91342453769879,-73.1325268753973,224.57983723144125,48.5044192802161
1664515245007,40.91342453769879,-73.1325268753973,253.08481109077528,48.5044192802161
1664515247007,40.91342453769879,-73.1325268753973,326.1852564741702,48.5044192802161
1664515249008,40.91342453769879,-73.1325268753973,399.082569466043,48.5044192802161
1664515249994,40.913449970490184,-73.1325701067141,389.4253810249003,48.51283645629883
1664515250995,40.91342453769879,-73.1325268753973,389.4253810248739,48.5044192802161
1664515252008,40.91342453769879,-73.1325268753973,386.5760219005303,48.5044192802161
1664515270011,40.91342267630584,-73.13255206856505,14.908254223562345,49.17656707763672
1664515282013,40.91342267630584,-73.13255206856505,14.908254223562345,49.23958969116211
1664515294011,40.91342267630584,-73.13255206856505,14.908254223562345,48.02524185180664
1664515306010,40.91342267630584,-73.13255206856505,14.908254223562345,48.401512145996094
1664515318011,40.91342267630584,-73.13255206856505,14.908254223562345,48.488548278808594
1664515330011,40.91342267630584,-73.13255206856505,14.908254223562345,48.6431884765625
1664515338741,40.91342267630584,-73.13255206856505,14.908254223562345,49.253700256347656
1664515351010,40.91342267630584,-73.13255206856505,14.908254223562345,49.243995666503906
1664515363019,40.91342267630584,-73.13255206856505,14.908254223562345,51.612213134765625
1664515369455,40.91342267630584,-73.13255206856505,14.908254223562345,51.50059127807617
1664515381011,40.91342267630584,-73.13255206856505,14.908254223562345,51.2845458984375
1664515387094,40.91342267630584,-73.13255206856505,14.908254223562345,51.18001937866211
1664515399010,40.91342267630584,-73.13255206856505,14.908254223562345,48.61281204223633
1664515411010,40.91342267630584,-73.13255206856505,14.908254223562345,51.0188102722168
1664515423010,40.91342267630584,-73.13255206856505,14.908254223562345,50.83317565917969
1664515435010,40.91342267630584,-73.13255206856505,14.908254223562345,50.65469741821289
1664515447008,40.91342267630584,-73.13255206856505,14.908254223562345,50.48290252685547
1664515459009,40.91342267630584,-73.13255206856505,14.908254223562345,50.31748962402344
1664515471008,40.91342267630584,-73.13255206856505,14.908254223562345,47.78732681274414
1664515477022,40.91342267630584,-73.13255206856505,14.908254223562345,47.86113739013672
1664515489009,40.91342267630584,-73.13255206856505,14.908254223562345,48.0853157043457
1664515501008,40.91342267630584,-73.13255206856505,14.908254223562345,50.55800247192383
1664515513009,40.91342267630584,-73.13255206856505,14.908254223562345,48.00177764892578
1664515525008,40.91342267630584,-73.13255206856505,14.908254223562345,50.481727600097656
1664515537008,40.91342267630584,-73.13255206856505,14.908254223562345,50.365516662597656
1664515549008,40.91342267630584,-73.13255206856505,14.908254223562345,50.25230407714844
1664515561008,40.91342267630584,-73.13255206856505,14.908254223562345,50.14197540283203
1664515567373,40.91342267630584,-73.13255206856505,14.908254223562345,50.087867736816406
1664515579008,40.91342267630584,-73.13255206856505,14.908254223562345,47.52739715576172
1664515591008,40.91342267630584,-73.13255206856505,14.908254223562345,50.02225112915039
1664515603008,40.91342267630584,-73.13255206856505,14.908254223562345,49.92039108276367
1664515615008,40.91342267630584,-73.13255206856505,14.908254223562345,49.820960998535156
1664515627008,40.91342267630584,-73.13255206856505,14.908254223562345,47.28162384033203
1664515639007,40.91342267630584,-73.13255206856505,14.908254223562345,47.35618209838867
1664515651007,40.91342267630584,-73.13255206856505,14.908254223562345,47.43574905395508
1664515663014,40.91342267630584,-73.13255206856505,14.908254223562345,49.94563293457031
1664515675007,40.91342267630584,-73.13255206856505,14.908254223562345,49.858154296875
1664515687007,40.91342267630584,-73.13255206856505,14.908254223562345,49.77248764038086
1664515699006,40.91342267630584,-73.13255206856505,14.908254223562345,47.224918365478516
1664515710008,40.91342133289789,-73.13252978245488,11.126142240502732,49.06439096201211
1664515712008,40.91342133289789,-73.13252978245488,9.779044662879071,49.06439096201211
1664515714007,40.91342133289789,-73.13252978245488,10.04414807763851,49.06439096201211
1664515735006,40.91342267630584,-73.13255206856505,14.908254223562345,49.04023361206055
1664515745097,40.91342267630584,-73.13255206856505,14.908254223562345,48.99237060546875
1664515757007,40.91342267630584,-73.13255206856505,14.908254223562345,48.92170333862305
1664515769007,40.91342267630584,-73.13255206856505,14.908254223562345,48.87533187866211
1664515781006,40.91342267630584,-73.13255206856505,14.908254223562345,48.82951736450195
1664515793007,40.91342267630584,-73.13255206856505,14.908254223562345,46.2763786315918
1664515804578,40.91342267630584,-73.13255206856505,14.908254223562345,48.83076858520508
1664515817007,40.91342267630584,-73.13255206856505,14.908254223562345,48.764495849609375
1664515829006,40.91342267630584,-73.13255206856505,14.908254223562345,48.72097396850586
1664515841007,40.91342267630584,-73.13255206856505,14.908254223562345,48.67797088623047
1664515853005,40.91342267630584,-73.13255206856505,14.908254223562345,48.63545608520508
1664515865006,40.91342267630584,-73.13255206856505,14.908254223562345,48.59344482421875
1664515877006,40.91342267630584,-73.13255206856505,14.908254223562345,48.55192565917969
1664515889006,40.91342267630584,-73.13255206856505,14.908254223562345,48.510868072509766
1664515901005,40.91342267630584,-73.13255206856505,14.908254223562345,48.47028350830078
1664515913006,40.91342267630584,-73.13255206856505,14.908254223562345,48.43016815185547
1664515925005,40.91342267630584,-73.13255206856505,14.908254223562345,48.39049530029297
1664515937006,40.91342267630584,-73.13255206856505,14.908254223562345,48.35126876831055
1664515949005,40.91342267630584,-73.13255206856505,14.908254223562345,45.80098342895508
1664515961005,40.91342267630584,-73.13255206856505,14.908254223562345,48.36168670654297
1664515973005,40.91342267630584,-73.13255206856505,14.908254223562345,48.323585510253906
1664515985005,40.91342267630584,-73.13255206856505,14.908254223562345,48.28590393066406
1664515991253,40.91342267630584,-73.13255206856505,14.908254223562345,48.26721954345703
1664515997281,40.91342267630584,-73.13255206856505,14.908254223562345,48.248626708984375
1664516003303,40.91342267630584,-73.13255206856505,14.908254223562345,48.23013687133789
1664516015005,40.91342267630584,-73.13255206856505,14.908254223562345,48.193450927734375
1664516027005,40.91342267630584,-73.13255206856505,14.908254223562345,48.15715789794922
1664516039005,40.91342267630584,-73.13255206856505,14.908254223562345,48.121253967285156
1664516051004,40.91342267630584,-73.13255206856505,14.908254223562345,48.08572006225586
1664516063012,40.91342267630584,-73.13255206856505,14.908254223562345,48.05056381225586
1664516069108,40.91342267630584,-73.13255206856505,14.908254223562345,48.033119201660156
1664516075197,40.91342267630584,-73.13255206856505,14.908254223562345,48.015769958496094
1664516081309,40.91342267630584,-73.13255206856505,14.908254223562345,47.99850082397461
1664516093004,40.91342267630584,-73.13255206856505,14.908254223562345,45.449588775634766
1664516104607,40.91342267630584,-73.13255206856505,14.908254223562345,48.091697692871094
1664516117004,40.91342267630584,-73.13255206856505,14.908254223562345,48.07087707519531
1664516129004,40.91342267630584,-73.13255206856505,14.908254223562345,48.03758239746094
1664516141004,40.91342267630584,-73.13255206856505,14.908254223562345,48.00460433959961
1664516153005,40.91342267630584,-73.13255206856505,14.908254223562345,47.971954345703125
1664516165004,40.91342267630584,-73.13255206856505,14.908254223562345,47.93962478637695
1664516177004,40.91342267630584,-73.13255206856505,14.908254223562345,47.90760040283203
1664516189004,40.91342267630584,-73.13255206856505,14.908254223562345,47.87588882446289
1664516201004,40.91342267630584,-73.13255206856505,14.908254223562345,47.84447479248047
1664516213004,40.91342267630584,-73.13255206856505,14.908254223562345,47.81336212158203
1664516225004,40.91342267630584,-73.13255206856505,14.908254223562345,47.78255081176758
1664516237004,40.91342267630584,-73.13255206856505,14.908254223562345,47.75203323364258
1664516249003,40.91342267630584,-73.13255206856505,14.908254223562345,47.72179412841797
1664516261003,40.91342267630584,-73.13255206856505,14.908254223562345,47.69184112548828
1664516273003,40.91342267630584,-73.13255206856505,14.908254223562345,47.662174224853516
1664516285003,40.91342267630584,-73.13255206856505,14.908254223562345,47.63277053833008
1664516297003,40.91342267630584,-73.13255206856505,14.908254223562345,45.083900451660156
1664516309004,40.91342267630584,-73.13255206856505,14.908254223562345,47.654075622558594
1664516321003,40.91342267630584,-73.13255206856505,14.908254223562345,45.105003356933594
1664516333003,40.91342267630584,-73.13255206856505,14.908254223562345,45.175384521484375
1664516345003,40.91342267630584,-73.13255206856505,14.908254223562345,45.24797058105469
1664516351015,40.91342267630584,-73.13255206856505,14.908254223562345,45.30555725097656
1664516363007,40.91342267630584,-73.13255206856505,14.908254223562345,45.51300811767578
1664516375003,40.91342267630584,-73.13255206856505,14.908254223562345,45.581939697265625
1664516387003,40.91342267630584,-73.13255206856505,14.908254223562345,45.64426803588867
1664516399003,40.91342267630584,-73.13255206856505,14.908254223562345,45.70367431640625
1664516411003,40.91342267630584,-73.13255206856505,14.908254223562345,45.76100158691406
1664516423003,40.91342267630584,-73.13255206856505,14.908254223562345,45.81612014770508
1664516435003,40.91342267630584,-73.13255206856505,14.908254223562345,45.87004089355469
1664516447003,40.91342267630584,-73.13255206856505,14.908254223562345,45.92168426513672
1664516459002,40.91342267630584,-73.13255206856505,14.908254223562345,45.97116470336914
1664516471002,40.91342267630584,-73.13255206856505,14.908254223562345,46.017799377441406
1664516483022,40.91342267630584,-73.13255206856505,14.908254223562345,46.063621520996094
1664516494994,40.91342267630584,-73.13255206856505,14.908254223562345,46.109535217285156
1664516506992,40.91342267630584,-73.13255206856505,14.908254223562345,46.153682708740234
1664516518991,40.91342267630584,-73.13255206856505,14.908254223562345,46.19694900512695
1664516530990,40.91342267630584,-73.13255206856505,14.908254223562345,46.236328125
1664516542990,40.91342267630584,-73.13255206856505,14.908254223562345,46.27329635620117
1664516554990,40.91342267630584,-73.13255206856505,14.908254223562345,46.313968658447266
1664516565124,40.91342267630584,-73.13255206856505,14.908254223562345,48.93285369873047
1664516566990,40.91342267630584,-73.13255206856505,14.908254223562345,46.34018325805664
1664516578990,40.91342267630584,-73.13255206856505,14.908254223562345,46.37961959838867
1664516590990,40.91342267630584,-73.13255206856505,14.908254223562345,46.410404205322266
1664516602990,40.91342267630584,-73.13255206856505,14.908254223562345,46.446895599365234
1664516609018,40.91342267630584,-73.13255206856505,14.908254223562345,46.47686767578125
1664516620989,40.91342267630584,-73.13255206856505,14.908254223562345,46.58055877685547
1664516632989,40.91342267630584,-73.13255206856505,14.908254223562345,46.61722183227539
1664516644988,40.91342267630584,-73.13255206856505,14.908254223562345,46.646018981933594
1664516656988,40.91342267630584,-73.13255206856505,14.908254223562345,46.67695999145508
1664516668988,40.91342267630584,-73.13255206856505,14.908254223562345,46.70724105834961
1664516675007,40.91342267630584,-73.13255206856505,14.908254223562345,46.73213195800781
1664516686987,40.91342267630584,-73.13255206856505,14.908254223562345,46.82851028442383
1664516698988,40.91342267630584,-73.13255206856505,14.908254223562345,46.861209869384766
1664516710987,40.91342267630584,-73.13255206856505,14.908254223562345,46.88883972167969
1664516722987,40.91342267630584,-73.13255206856505,14.908254223562345,46.91511154174805
1664516734987,40.91342267630584,-73.13255206856505,14.908254223562345,46.94334030151367
1664516746987,40.91342267630584,-73.13255206856505,14.908254223562345,46.97175979614258
1664516752987,40.91342140129383,-73.13252594041796,10.346470288999448,49.143903012387455
1664516754987,40.91342140129383,-73.13252594041796,10.590497188004923,49.143903012387455
1664516756987,40.91342140129383,-73.13252594041796,10.845878838818264,49.143903012387455
1664516757987,40.91342140129383,-73.13252594041796,10.977561412700227,49.143903012387455
1664516770986,40.91342267630584,-73.13255206856505,14.908254223562345,46.55654525756836
1664516779987,40.91343138289648,-73.1325280413706,10.855901791070625,44.53555800579488
1664516781254,40.91343138289648,-73.1325280413706,10.837537353646884,44.53555800579488
1664516783011,40.91343138289648,-73.1325280413706,11.191140283708654,44.53555800579488
1664516784986,40.91343138289648,-73.1325280413706,9.645590531657776,44.53555800579488
1664516794986,40.91342267630584,-73.13255206856505,14.908254223562345,41.96064376831055
1664516798985,40.913432525383776,-73.13252828567681,10.160100342827871,44.41385751310736
1664516799986,40.913432525383776,-73.13252828567681,10.277577401268948,44.41385751310736
1664516801986,40.913432525383776,-73.13252828567681,10.491134648313816,44.41385751310736
1664516803986,40.913432525383776,-73.13252828567681,10.73696380547955,44.41385751310736
1664516804987,40.913432525383776,-73.13252828567681,10.875530620131652,44.41385751310736
1664516806987,40.913432525383776,-73.13252828567681,11.10638650647418,44.41385751310736
1664516807987,40.913432525383776,-73.13252828567681,9.618109070960852,44.41385751310736
1664516809986,40.913432525383776,-73.13252828567681,9.895389517415506,44.41385751310736
1664516810986,40.913432525383776,-73.13252828567681,9.993129816505427,44.41385751310736
1664516830986,40.91342267630584,-73.13255206856505,14.908254223562345,41.83717346191406
1664516841016,40.91342267630584,-73.13255206856505,14.908254223562345,41.96864700317383
1664516852984,40.91342267630584,-73.13255206856505,14.908254223562345,42.117454528808594
1664516864984,40.91342267630584,-73.13255206856505,14.908254223562345,42.241432189941406
1664516876984,40.91342267630584,-73.13255206856505,14.908254223562345,42.3565788269043
1664516888983,40.91342267630584,-73.13255206856505,14.908254223562345,42.46430206298828
1664516895124,40.91342267630584,-73.13255206856505,14.908254223562345,42.54985809326172
1664516906983,40.91342267630584,-73.13255206856505,14.908254223562345,42.865543365478516
1664516918983,40.91342267630584,-73.13255206856505,14.908254223562345,42.9796257019043
1664516930983,40.91342267630584,-73.13255206856505,14.908254223562345,43.078121185302734
1664516940983,40.913430034257395,-73.1325248760062,10.79606345244583,47.707578575238585
1664516942984,40.913430034257395,-73.1325248760062,11.114172463536669,47.707578575238585
1664516943984,40.913430034257395,-73.1325248760062,11.15785683330674,47.707578575238585
1664516945983,40.913430034257395,-73.1325248760062,9.919465199694791,47.707578575238585
1664516947983,40.913430034257395,-73.1325248760062,10.054508261821432,47.707578575238585
1664516951983,40.913430034257395,-73.1325248760062,10.652546210025726,47.707578575238585
1664516952983,40.913430034257395,-73.1325248760062,10.798382158102756,47.707578575238585
1664516954983,40.913430034257395,-73.1325248760062,11.052994780491805,47.707578575238585
1664516955983,40.913430034257395,-73.1325248760062,9.589072053692234,47.707578575238585
1664516967484,40.91342267630584,-73.13255206856505,14.908254223562345,45.16718292236328
1664516971984,40.913435254800355,-73.1325239736979,10.142326987108541,44.43659340403974
1664516973983,40.913435254800355,-73.1325239736979,10.41347639462749,44.43659340403974
1664516975983,40.913435254800355,-73.1325239736979,10.693384825869321,44.43659340403974
1664516977981,40.913435254800355,-73.1325239736979,11.07252865061561,44.43659340403974
1664516978982,40.913435254800355,-73.1325239736979,11.187841442856485,44.43659340403974
1664516979984,40.913435254800355,-73.1325239736979,9.679810001144297,44.43659340403974
1664516981982,40.913435254800355,-73.1325239736979,9.949202398214611,44.43659340403974
1664516983007,40.913435254800355,-73.1325239736979,10.073789150540623,44.43659340403974
1664516984982,40.913435254800355,-73.1325239736979,10.32222184945555,44.43659340403974
1664516985982,40.913435254800355,-73.1325239736979,10.44986067641679,44.43659340403974
1664516986983,40.913435254800355,-73.1325239736979,10.55530048509244,44.43659340403974
1664516988982,40.913435254800355,-73.1325239736979,10.79816282453141,44.43659340403974
1664516990982,40.913435254800355,-73.1325239736979,11.060948819124011,44.43659340403974
1664516991983,40.913435254800355,-73.1325239736979,9.605787916796652,44.43659340403974
1664516993982,40.913435254800355,-73.1325239736979,9.874632834628823,44.43659340403974
1664516994983,40.913435254800355,-73.1325239736979,9.958322777589025,44.43659340403974
1664516997981,40.913435254800355,-73.1325239736979,10.547056999857237,44.43659340403974
1664516998982,40.913435254800355,-73.1325239736979,10.686550182346602,44.43659340403974
1664516999982,40.913435254800355,-73.1325239736979,10.777118223947273,44.43659340403974
1664517001982,40.913435254800355,-73.1325239736979,11.001775078011288,44.43659340403974
1664517003983,40.913435254800355,-73.1325239736979,9.625301721034969,44.43659340403974
1664517005981,40.913435254800355,-73.1325239736979,9.888663343243627,44.43659340403974
1664517006982,40.913435254800355,-73.1325239736979,10.017023225952348,44.43659340403974
1664517008982,40.913435254800355,-73.1325239736979,10.269479421240026,44.43659340403974
1664517009982,40.913435254800355,-73.1325239736979,10.420747053410418,44.43659340403974
1664517011982,40.913435254800355,-73.1325239736979,10.82955028972679,44.43659340403974
1664517013982,40.913435254800355,-73.1325239736979,11.072698478438634,44.43659340403974
1664517015983,40.913435254800355,-73.1325239736979,11.156987672528517,44.43659340403974
1664517017982,40.913435254800355,-73.1325239736979,9.937873985985352,44.43659340403974
1664517018982,40.913435254800355,-73.1325239736979,10.05847238850399,44.43659340403974
1664517020982,40.913435254800355,-73.1325239736979,10.327173831143524,44.43659340403974
1664517022982,40.913435254800355,-73.1325239736979,10.5675306991603,44.43659340403974
1664517023982,40.913435254800355,-73.1325239736979,10.708294382041704,44.43659340403974
1664517025982,40.913435254800355,-73.1325239736979,10.970437853163618,44.43659340403974
1664517030982,40.913435254800355,-73.1325239736979,10.09814651926053,44.43659340403974
1664517032981,40.913435254800355,-73.1325239736979,10.380372310991165,44.43659340403974
1664517033982,40.913435254800355,-73.1325239736979,10.493848423766144,44.43659340403974
1664517035982,40.913435254800355,-73.1325239736979,10.710777859549292,44.43659340403974
1664517037982,40.913435254800355,-73.1325239736979,10.978320119412295,44.43659340403974
1664517039982,40.913435254800355,-73.1325239736979,9.643732116104278,44.43659340403974
1664517041980,40.913435254800355,-73.1325239736979,9.911991121227521,44.43659340403974
1664517043980,40.913435254800355,-73.1325239736979,10.157738352384454,44.43659340403974
1664517048981,40.913435254800355,-73.1325239736979,10.973822870278063,44.43659340403974
1664517050981,40.913435254800355,-73.1325239736979,11.19693842940901,44.43659340403974
1664517051981,40.913435254800355,-73.1325239736979,11.224126237305018,44.43659340403974
1664517053980,40.913435254800355,-73.1325239736979,9.98498916013376,44.43659340403974
1664517054980,40.913435254800355,-73.1325239736979,10.128538630303488,44.43659340403974
1664517055980,40.913435254800355,-73.1325239736979,10.110351608688,44.43659340403974
1664517074980,40.91342267630584,-73.13255206856505,14.908254223562345,41.8582878112793
1664517086020,40.91342267630584,-73.13255206856505,14.908254223562345,41.980464935302734
1664517097979,40.91342267630584,-73.13255206856505,14.908254223562345,42.12037658691406
1664517109980,40.91342267630584,-73.13255206856505,14.908254223562345,42.23616409301758
1664517121979,40.91342267630584,-73.13255206856505,14.908254223562345,42.348602294921875
1664517133979,40.91342267630584,-73.13255206856505,14.908254223562345,42.45146179199219
1664517145978,40.91342267630584,-73.13255206856505,14.908254223562345,42.5567512512207
1664517157979,40.91342267630584,-73.13255206856505,14.908254223562345,42.65374755859375
1664517169977,40.91342267630584,-73.13255206856505,14.908254223562345,42.75267791748047
1664517181978,40.91342267630584,-73.13255206856505,14.908254223562345,42.85026931762695
1664517193978,40.91342267630584,-73.13255206856505,14.908254223562345,42.94403076171875
1664517205978,40.91342267630584,-73.13255206856505,14.908254223562345,43.03435134887695
1664517217978,40.91342267630584,-73.13255206856505,14.908254223562345,43.1239128112793
1664517229977,40.91342267630584,-73.13255206856505,14.908254223562345,43.21092224121094
1664517241976,40.91342267630584,-73.13255206856505,14.908254223562345,43.295040130615234
1664517253976,40.91342267630584,-73.13255206856505,14.908254223562345,43.37654113769531
1664517265976,40.91342267630584,-73.13255206856505,14.908254223562345,43.45675277709961
1664517277977,40.91342267630584,-73.13255206856505,14.908254223562345,43.534461975097656
1664517289975,40.91342267630584,-73.13255206856505,14.908254223562345,43.61075210571289
1664517301977,40.91342267630584,-73.13255206856505,14.908254223562345,43.682369232177734
1664517313974,40.91342267630584,-73.13255206856505,14.908254223562345,43.75507354736328
1664517325974,40.91342267630584,-73.13255206856505,14.908254223562345,43.8253173828125
1664517337975,40.91342267630584,-73.13255206856505,14.908254223562345,43.893959045410156
1664517343989,40.91342267630584,-73.13255206856505,14.908254223562345,43.94981384277344
1664517355974,40.91342267630584,-73.13255206856505,14.908254223562345,44.16096496582031
1664517367975,40.91342267630584,-73.13255206856505,14.908254223562345,44.23289108276367
1664517378974,40.91342170651433,-73.1325262526907,10.939391412874981,48.89213822316378
1664517380975,40.91342170651433,-73.1325262526907,11.023562523937493,48.89213822316378
1664517382998,40.91342170651433,-73.1325262526907,9.83789522390822,48.89213822316378
1664517387974,40.91342170651433,-73.1325262526907,10.560798138169933,48.89213822316378
1664517389974,40.91342170651433,-73.1325262526907,10.863480538674589,48.89213822316378
1664517391974,40.91342170651433,-73.1325262526907,11.082065597106508,48.89213822316378
1664517392975,40.91342170651433,-73.1325262526907,10.982046719995719,48.89213822316378
1664517397973,40.91343500995073,-73.13252814947278,10.276668366202921,44.40368030499667
1664517398973,40.91343500995073,-73.13252814947278,10.402727352254178,44.40368030499667
1664517399973,40.91343500995073,-73.13252814947278,10.536460968618043,44.40368030499667
1664517400974,40.91343500995073,-73.13252814947278,10.655791398922178,44.40368030499667
1664517402974,40.91343500995073,-73.13252814947278,10.924308501054904,44.40368030499667
1664517404975,40.91343500995073,-73.13252814947278,11.151517349461722,44.40368030499667
1664517408973,40.91343500995073,-73.13252814947278,10.200411954772365,44.40368030499667
1664517410973,40.91343500995073,-73.13252814947278,10.449609133744856,44.40368030499667
1664517411974,40.91343500995073,-73.13252814947278,10.584203616800295,44.40368030499667
1664517413974,40.91343500995073,-73.13252814947278,10.821811097772631,44.40368030499667
1664517415973,40.91343500995073,-73.13252814947278,11.078624505275508,44.40368030499667
1664517416975,40.91343500995073,-73.13252814947278,9.603200267185944,44.40368030499667
1664517418973,40.91343500995073,-73.13252814947278,10.004225439085499,44.40368030499667
1664517419973,40.91343500995073,-73.13252814947278,10.135533044931018,44.40368030499667
1664517421973,40.91343500995073,-73.13252814947278,10.368685272870088,44.40368030499667
1664517423973,40.91343500995073,-73.13252814947278,10.616037874074722,44.40368030499667
1664517424974,40.91343500995073,-73.13252814947278,10.719020126552378,44.40368030499667
1664517426973,40.91343500995073,-73.13252814947278,10.9508215309863,44.40368030499667
1664517427973,40.91343500995073,-73.13252814947278,11.104897934279784,44.40368030499667
1664517429972,40.91343500995073,-73.13252814947278,9.747682965500083,44.40368030499667
1664517431973,40.91343500995073,-73.13252814947278,10.008344550007786,44.40368030499667
1664517433972,40.91343500995073,-73.13252814947278,10.481055469570281,44.40368030499667
1664517435972,40.91343500995073,-73.13252814947278,10.671258326998647,44.40368030499667
1664517437972,40.91343500995073,-73.13252814947278,10.912571271765916,44.40368030499667
1664517438972,40.91343500995073,-73.13252814947278,11.029500386474004,44.40368030499667
1664517440974,40.91343500995073,-73.13252814947278,9.641337224514318,44.40368030499667
1664517442972,40.91343500995073,-73.13252814947278,9.908087157881601,44.40368030499667
1664517443972,40.91343500995073,-73.13252814947278,10.038825611061919,44.40368030499667
1664517445972,40.91343500995073,-73.13252814947278,10.299458013432362,44.40368030499667
1664517446972,40.91343500995073,-73.13252814947278,10.430960428328907,44.40368030499667
1664517448972,40.91343500995073,-73.13252814947278,10.894863201750544,44.40368030499667
1664517450972,40.91343500995073,-73.13252814947278,11.054124389884192,44.40368030499667
1664517451972,40.91343500995073,-73.13252814947278,11.178266824710743,44.40368030499667
1664517452973,40.91343500995073,-73.13252814947278,9.673575330248743,44.40368030499667
1664517454972,40.91343500995073,-73.13252814947278,9.948340645036366,44.40368030499667
1664517455972,40.91343500995073,-73.13252814947278,10.046446456891372,44.40368030499667
1664517457971,40.91343500995073,-73.13252814947278,10.303356260853144,44.40368030499667
1664517458972,40.91343500995073,-73.13252814947278,10.45533407672484,44.40368030499667
1664517460972,40.91343500995073,-73.13252814947278,10.70637798084103,44.40368030499667
1664517462977,40.91343500995073,-73.13252814947278,10.962859478976767,44.40368030499667
1664517464973,40.91343500995073,-73.13252814947278,11.085687272162266,44.40368030499667
1664517466972,40.91343500995073,-73.13252814947278,10.012023008619762,44.40368030499667
1664517468972,40.91343500995073,-73.13252814947278,10.246834639193798,44.40368030499667
1664517470972,40.91343500995073,-73.13252814947278,10.501020664778263,44.40368030499667
1664517471973,40.91343500995073,-73.13252814947278,10.632242053382537,44.40368030499667
1664517473972,40.91343500995073,-73.13252814947278,10.873841220913004,44.40368030499667
1664517475972,40.91343500995073,-73.13252814947278,11.113677165448335,44.40368030499667
1664517476972,40.91343500995073,-73.13252814947278,9.615688386893119,44.40368030499667
1664517478971,40.91343500995073,-73.13252814947278,9.84481851918899,44.40368030499667
1664517479972,40.91343500995073,-73.13252814947278,10.020075373201937,44.40368030499667
1664517481971,40.91343500995073,-73.13252814947278,10.273570191188751,44.40368030499667
1664517482996,40.91343500995073,-73.13252814947278,10.409715081999767,44.40368030499667
1664517484971,40.91343500995073,-73.13252814947278,10.807926558528939,44.40368030499667
1664517485971,40.91343500995073,-73.13252814947278,10.917196496357278,44.40368030499667
1664517487971,40.91343500995073,-73.13252814947278,11.189515403495218,44.40368030499667
1664517488972,40.91343500995073,-73.13252814947278,9.666847787311987,44.40368030499667
1664517490971,40.91343500995073,-73.13252814947278,9.929645780263785,44.40368030499667
1664517491971,40.91343500995073,-73.13252814947278,10.060721463255748,44.40368030499667
1664517493972,40.91343500995073,-73.13252814947278,10.334997388549668,44.40368030499667
1664517495971,40.91343500995073,-73.13252814947278,10.580061335121046,44.40368030499667
1664517497971,40.91343500995073,-73.13252814947278,10.812985301929437,44.40368030499667
1664517498971,40.91343500995073,-73.13252814947278,10.934617949238747,44.40368030499667
1664517500973,40.91343500995073,-73.13252814947278,11.079874284629305,44.40368030499667
1664517502972,40.91343500995073,-73.13252814947278,9.862899177916521,44.40368030499667
1664517504972,40.91343500995073,-73.13252814947278,10.29799437093352,44.40368030499667
1664517506971,40.91343500995073,-73.13252814947278,10.570584267431553,44.40368030499667
1664517508971,40.91343500995073,-73.13252814947278,10.798059442243764,44.40368030499667
1664517510971,40.91343500995073,-73.13252814947278,11.007665323878236,44.40368030499667
1664517511971,40.91343500995073,-73.13252814947278,11.116746784584947,44.40368030499667
1664517512972,40.91343500995073,-73.13252814947278,11.118716741721533,44.40368030499667
1664517514971,40.91343500995073,-73.13252814947278,9.88362639159969,44.40368030499667
1664517516971,40.91343500995073,-73.13252814947278,10.147186408618179,44.40368030499667
1664517518970,40.91343500995073,-73.13252814947278,10.394119534125574,44.40368030499667
1664517519971,40.91343500995073,-73.13252814947278,10.748885086916616,44.40368030499667
1664517521970,40.91343500995073,-73.13252814947278,10.985193100701425,44.40368030499667
1664517523971,40.91343500995073,-73.13252814947278,11.192127148198832,44.40368030499667
1664517524971,40.91343500995073,-73.13252814947278,9.672271957862367,44.40368030499667
1664517526969,40.91343500995073,-73.13252814947278,9.949689239399081,44.40368030499667
1664517527970,40.91343500995073,-73.13252814947278,10.083638862438955,44.40368030499667
1664517529970,40.91343500995073,-73.13252814947278,10.318998217805154,44.40368030499667
1664517531970,40.91343500995073,-73.13252814947278,10.589255639617651,44.40368030499667
1664517532971,40.91343500995073,-73.13252814947278,10.716340310730505,44.40368030499667
1664517534970,40.91343500995073,-73.13252814947278,10.957121142421101,44.40368030499667
1664517536972,40.91343500995073,-73.13252814947278,9.609660428217568,44.40368030499667
1664517538971,40.91343500995073,-73.13252814947278,10.013620309982953,44.40368030499667
1664517539971,40.91343500995073,-73.13252814947278,10.185539207069734,44.40368030499667
1664517541971,40.91343500995073,-73.13252814947278,10.42533906218331,44.40368030499667
1664517543971,40.91343500995073,-73.13252814947278,10.637075880726258,44.40368030499667
1664517544971,40.91343500995073,-73.13252814947278,10.729457460048724,44.40368030499667
1664517546246,40.91343500995073,-73.13252814947278,10.977890182679726,44.40368030499667
1664517547970,40.91343500995073,-73.13252814947278,11.104142582720733,44.40368030499667
1664517548972,40.91343500995073,-73.13252814947278,9.618248686179884,44.40368030499667
1664517550971,40.91343500995073,-73.13252814947278,9.881924739799867,44.40368030499667
1664517552971,40.91343500995073,-73.13252814947278,10.1480360586884,44.40368030499667
1664517554970,40.91343500995073,-73.13252814947278,10.62449834038632,44.40368030499667
1664517556970,40.91343500995073,-73.13252814947278,10.809836200001238,44.40368030499667
1664517558969,40.91343500995073,-73.13252814947278,11.067110329361972,44.40368030499667
1664517559970,40.91343500995073,-73.13252814947278,11.173182610599635,44.40368030499667
1664517560971,40.91343500995073,-73.13252814947278,9.654782510373233,44.40368030499667
1664517562974,40.91343500995073,-73.13252814947278,9.942864744800183,44.40368030499667
1664517564969,40.91343500995073,-73.13252814947278,10.195303755916553,44.40368030499667
1664517565971,40.91343500995073,-73.13252814947278,10.320104576551394,44.40368030499667
1664517567970,40.91343500995073,-73.13252814947278,10.57282071463879,44.40368030499667
1664517568970,40.91343500995073,-73.13252814947278,10.696180887130948,44.40368030499667
1664517570969,40.91343500995073,-73.13252814947278,11.145888731520593,44.40368030499667
1664517571970,40.91343500995073,-73.13252814947278,11.228946917852639,44.40368030499667
1664517572971,40.91343500995073,-73.13252814947278,9.713721646029079,44.40368030499667
1664517574970,40.91343500995073,-73.13252814947278,10.01271371673984,44.40368030499667
1664517575970,40.91343500995073,-73.13252814947278,10.100441796151083,44.40368030499667
1664517577970,40.91343500995073,-73.13252814947278,10.330909053038859,44.40368030499667
1664517579970,40.91343500995073,-73.13252814947278,10.580185737401951,44.40368030499667
1664517580970,40.91343500995073,-73.13252814947278,10.71336165769716,44.40368030499667
1664517582996,40.91343500995073,-73.13252814947278,10.979610977461212,44.40368030499667
1664517584971,40.91343500995073,-73.13252814947278,11.09752945680394,44.40368030499667
1664517586970,40.91343500995073,-73.13252814947278,9.887242109803148,44.40368030499667
1664517587970,40.91343500995073,-73.13252814947278,10.017472812802204,44.40368030499667
1664517589969,40.91343500995073,-73.13252814947278,10.266946776969325,44.40368030499667
1664517591969,40.91343500995073,-73.13252814947278,10.552184378834127,44.40368030499667
1664517592970,40.91343500995073,-73.13252814947278,10.853834501494996,44.40368030499667
1664517594970,40.91343500995073,-73.13252814947278,11.037973386597116,44.40368030499667
1664517596971,40.91343500995073,-73.13252814947278,11.144561101717873,44.40368030499667
1664517598969,40.91343500995073,-73.13252814947278,9.909854351079176,44.40368030499667
1664517599970,40.91343500995073,-73.13252814947278,10.041482850323964,44.40368030499667
1664517600971,40.91343500995073,-73.13252814947278,10.180132476914707,44.40368030499667
1664517602969,40.91343500995073,-73.13252814947278,10.421352918760663,44.40368030499667
1664517603970,40.91343500995073,-73.13252814947278,10.551406852932379,44.40368030499667
1664517604970,40.91343500995073,-73.13252814947278,10.68090676870702,44.40368030499667
1664517606969,40.91343500995073,-73.13252814947278,10.909454761076836,44.40368030499667
1664517608971,40.91343500995073,-73.13252814947278,9.590497508533826,44.40368030499667
1664517610970,40.91343500995073,-73.13252814947278,9.840685122237874,44.40368030499667
1664517612970,40.91343500995073,-73.13252814947278,10.346253034876304,44.40368030499667
1664517614970,40.91343500995073,-73.13252814947278,10.55948191510276,44.40368030499667
1664517616970,40.91343500995073,-73.13252814947278,10.775628015137718,44.40368030499667
1664517618969,40.91343500995073,-73.13252814947278,10.99497510934931,44.40368030499667
1664517619970,40.91343500995073,-73.13252814947278,11.123800355553271,44.40368030499667
1664517620970,40.91343500995073,-73.13252814947278,9.631469539275464,44.40368030499667
1664517622967,40.91343500995073,-73.13252814947278,9.897027168825746,44.40368030499667
1664517623969,40.91343500995073,-73.13252814947278,10.03617172829303,44.40368030499667
1664517625968,40.91343500995073,-73.13252814947278,10.299173682314647,44.40368030499667
1664517627968,40.91343500995073,-73.13252814947278,10.572081586259683,44.40368030499667
1664517629968,40.91343500995073,-73.13252814947278,10.95604030578919,44.40368030499667
1664517631969,40.91343500995073,-73.13252814947278,11.05276985215362,44.40368030499667
1664517637968,40.913433667457156,-73.13252292925213,10.32343555615681,44.1004352606833
1664517639968,40.913433667457156,-73.13252292925213,10.596453919027327,44.1004352606833
1664517640969,40.913433667457156,-73.13252292925213,10.735737650392965,44.1004352606833
1664517642968,40.913433667457156,-73.13252292925213,10.958414468240258,44.1004352606833
1664517644969,40.913433667457156,-73.13252292925213,9.724668906484643,44.1004352606833
1664517652968,40.913432913192516,-73.13252482679147,10.765688541487133,44.229344421997666
1664517654967,40.913432913192516,-73.13252482679147,10.976623204814702,44.229344421997666
1664517656968,40.913432913192516,-73.13252482679147,9.624028000078516,44.229344421997666
1664517658968,40.913432913192516,-73.13252482679147,9.893586225760215,44.229344421997666
1664517660968,40.913432913192516,-73.13252482679147,10.161919578029526,44.229344421997666
1664517661968,40.913432913192516,-73.13252482679147,10.302204556886615,44.229344421997666
1664517662974,40.913432913192516,-73.13252482679147,10.600422322824757,44.229344421997666
1664517664967,40.913432913192516,-73.13252482679147,10.84049605578512,44.229344421997666
1664517665968,40.913432913192516,-73.13252482679147,10.950049958435558,44.229344421997666
1664517667968,40.913432913192516,-73.13252482679147,11.150308084583923,44.229344421997666
1664517668968,40.913432913192516,-73.13252482679147,11.137789330987893,44.229344421997666
1664517670967,40.913432913192516,-73.13252482679147,9.947235775987227,44.229344421997666
1664517671967,40.913432913192516,-73.13252482679147,10.094991997273823,44.229344421997666
1664517673968,40.913432913192516,-73.13252482679147,10.328220124834887,44.229344421997666
1664517675967,40.913432913192516,-73.13252482679147,10.580003484611302,44.229344421997666
1664517676968,40.913432913192516,-73.13252482679147,10.70431489699933,44.229344421997666
1664517678967,40.913432913192516,-73.13252482679147,10.958076436439399,44.229344421997666
1664517680968,40.913432913192516,-73.13252482679147,11.121176039448176,44.229344421997666
1664517682994,40.913432913192516,-73.13252482679147,9.907445709077539,44.229344421997666
1664517684966,40.913432913192516,-73.13252482679147,10.1746003743115,44.229344421997666
1664517685967,40.913432913192516,-73.13252482679147,10.29683037607805,44.229344421997666
1664517690967,40.91343166809046,-73.13252761459,11.03283798317853,44.26722392253578
1664517692968,40.91343166809046,-73.13252761459,11.154405224060897,44.26722392253578
1664517694967,40.91343166809046,-73.13252761459,9.923367533297046,44.26722392253578
1664517696968,40.91343166809046,-73.13252761459,10.212882385117997,44.26722392253578
1664517698967,40.91343166809046,-73.13252761459,10.632998973804561,44.26722392253578
1664517700967,40.91343166809046,-73.13252761459,10.854556358025265,44.26722392253578
1664517702966,40.91343166809046,-73.13252761459,11.086832341821466,44.26722392253578
1664517712967,40.91343274099066,-73.13252546717003,10.745918784046113,44.179999261163175
1664517713967,40.91343274099066,-73.13252546717003,10.861560776947867,44.179999261163175
1664517714967,40.91343274099066,-73.13252546717003,11.003356007883145,44.179999261163175
1664517716967,40.91343274099066,-73.13252546717003,11.15567392583217,44.179999261163175
1664517718966,40.91343274099066,-73.13252546717003,10.135594096300503,44.179999261163175
1664517719966,40.91343274099066,-73.13252546717003,10.06365373302861,44.179999261163175
1664517733966,40.91343120164524,-73.1325265298321,10.3391687607588,44.23637556191534
1664517734966,40.91343120164524,-73.1325265298321,10.450119649833987,44.23637556191534
1664517736967,40.91343120164524,-73.1325265298321,10.7222218388048,44.23637556191534
1664517738966,40.91343120164524,-73.1325265298321,11.085634834006452,44.23637556191534
1664517744967,40.91343093873501,-73.13252293788247,10.2488123160002,44.160172888077796
1664517746966,40.91343093873501,-73.13252293788247,10.484795409363924,44.160172888077796
1664517748966,40.91343093873501,-73.13252293788247,10.735496937078349,44.160172888077796
1664517750965,40.91343093873501,-73.13252293788247,11.00983336082151,44.160172888077796
1664517759966,40.913432119871366,-73.1325230636465,12.037095857450808,44.133266610093415
1664517760966,40.913432119871366,-73.1325230636465,12.1452190212429,44.133266610093415
1664517762971,40.913432119871366,-73.1325230636465,12.36215767218413,44.133266610093415
1664517764965,40.913432119871366,-73.1325230636465,10.5917860159573,44.133266610093415
1664517767966,40.913432119871366,-73.1325230636465,11.122829286349699,44.133266610093415
1664517769966,40.913432119871366,-73.1325230636465,11.366339677830737,44.133266610093415
1664517770966,40.913432119871366,-73.1325230636465,11.422460824990342,44.133266610093415
1664517771969,40.913432119871366,-73.1325230636465,11.555461392444903,44.133266610093415
1664517773965,40.913432119871366,-73.1325230636465,11.72052022267576,44.133266610093415
1664517774966,40.913432119871366,-73.1325230636465,11.879289936403067,44.133266610093415
1664517775967,40.913432119871366,-73.1325230636465,11.838103115548476,44.133266610093415
1664517777966,40.913432119871366,-73.1325230636465,10.352750141215807,44.133266610093415
1664517778966,40.913432119871366,-73.1325230636465,10.498665140525748,44.133266610093415
1664517798965,40.91342267630584,-73.13255206856505,14.908254223562345,41.556854248046875
1664517800965,40.9134314723745,-73.132527201795,9.87231897324144,44.44174639694393
1664517801966,40.9134314723745,-73.132527201795,10.20038837971048,44.44174639694393
1664517803966,40.9134314723745,-73.132527201795,10.415887829778294,44.44174639694393
1664517805965,40.9134314723745,-73.132527201795,10.518784078040827,44.44174639694393
1664517822964,40.91342267630584,-73.13255206856505,14.908254223562345,44.436546325683594
1664517834963,40.91342267630584,-73.13255206856505,14.908254223562345,41.91160202026367
1664517835971,40.91342267630584,-73.13255206856505,14.908254223562345,42.29085159301758
1664517842033,40.91342267630584,-73.13255206856505,14.908254223562345,43.17378234863281
1664517853964,40.91342267630584,-73.13255206856505,14.908254223562345,44.02029800415039
1664517865964,40.91342267630584,-73.13255206856505,14.908254223562345,44.098541259765625
1664517877963,40.91342267630584,-73.13255206856505,14.908254223562345,44.1578369140625
1664517889962,40.91342267630584,-73.13255206856505,14.908254223562345,44.21805953979492
1664517901963,40.91342267630584,-73.13255206856505,14.908254223562345,44.27558517456055
1664517913963,40.91342267630584,-73.13255206856505,14.908254223562345,44.33440399169922
1664517925962,40.91342267630584,-73.13255206856505,14.908254223562345,44.39231491088867
1664517937961,40.91342267630584,-73.13255206856505,14.908254223562345,44.449790954589844
1664517949962,40.91342267630584,-73.13255206856505,14.908254223562345,44.50449752807617
1664517961962,40.91342267630584,-73.13255206856505,14.908254223562345,44.56050109863281
1664517973962,40.91342267630584,-73.13255206856505,14.908254223562345,44.615360260009766
1664517985961,40.91342267630584,-73.13255206856505,14.908254223562345,44.66569137573242
1664517997961,40.91342267630584,-73.13255206856505,14.908254223562345,44.71928405761719
1664518009961,40.91342267630584,-73.13255206856505,14.908254223562345,44.7729606628418
1664518021960,40.91342267630584,-73.13255206856505,14.908254223562345,44.82216262817383
1664518033960,40.91342267630584,-73.13255206856505,14.908254223562345,44.87397766113281
1664518045959,40.91342267630584,-73.13255206856505,14.908254223562345,44.92528533935547
1664518057959,40.91342267630584,-73.13255206856505,14.908254223562345,44.97679901123047
1664518069959,40.91342267630584,-73.13255206856505,14.908254223562345,45.0269660949707
1664518070960,40.91342234802607,-73.13252750083707,9.710104546883038,48.5896669998765
1664518072958,40.91342234802607,-73.13252750083707,9.966928644661404,48.5896669998765
1664518073959,40.91342234802607,-73.13252750083707,10.103975515833195,48.5896669998765
1664518074959,40.91342234802607,-73.13252750083707,10.229046471115096,48.5896669998765
1664518087958,40.91343028836764,-73.13253014906098,10.260119455453928,44.569899247027934
1664518088959,40.91343028836764,-73.13253014906098,10.385170684913726,44.569899247027934
1664518090958,40.91343028836764,-73.13253014906098,10.64547063840401,44.569899247027934
1664518105959,40.91342267630584,-73.13255206856505,14.908254223562345,41.99472427368164
1664518117958,40.91342267630584,-73.13255206856505,14.908254223562345,42.12811279296875
1664518121991,40.91342267630584,-73.13255206856505,14.908254223562345,42.6109619140625
1664518128075,40.91342267630584,-73.13255206856505,14.908254223562345,43.2505989074707
1664518132958,40.913441325305165,-73.1325309409063,10.148412564909576,45.27621925063431
1664518133958,40.913441325305165,-73.1325309409063,10.256651029758327,45.27621925063431
1664518135959,40.913441325305165,-73.1325309409063,10.526390503712484,45.27621925063431
1664518137958,40.913441325305165,-73.1325309409063,10.756636783474358,45.27621925063431
1664518151958,40.91342267630584,-73.13255206856505,14.908254223562345,42.70314025878906
1664518160957,40.91344077595419,-73.13252983101138,10.782995383759813,44.245949105359614
1664518161957,40.91344077595419,-73.13252983101138,10.886593596680191,44.245949105359614
1664518162962,40.91344077595419,-73.13252983101138,11.022424495101488,44.245949105359614
1664518164958,40.91344077595419,-73.13252983101138,9.61649997520253,44.245949105359614
1664518175957,40.91342267630584,-73.13255206856505,14.908254223562345,41.67409133911133
1664518184956,40.91343762534692,-73.13253082881994,10.728553742928778,44.55633380264044
1664518185957,40.91343762534692,-73.13253082881994,10.827240860687043,44.55633380264044
1664518186957,40.91343762534692,-73.13253082881994,10.960233330726693,44.55633380264044
1664518188958,40.91343762534692,-73.13253082881994,11.081487293346619,44.55633380264044
1664518199957,40.91342267630584,-73.13255206856505,14.908254223562345,41.9769287109375
1664518211955,40.91342267630584,-73.13255206856505,14.908254223562345,42.09065246582031
1664518220043,40.91342267630584,-73.13255206856505,14.908254223562345,42.19788360595703
1664518231955,40.91342267630584,-73.13255206856505,14.908254223562345,42.32211685180664
1664518243955,40.91342267630584,-73.13255206856505,14.908254223562345,42.425594329833984
1664518255955,40.91342267630584,-73.13255206856505,14.908254223562345,42.52598190307617
1664518267954,40.91342267630584,-73.13255206856505,14.908254223562345,42.623985290527344
1664518279954,40.91342267630584,-73.13255206856505,14.908254223562345,42.7169303894043
1664518291955,40.91342267630584,-73.13255206856505,14.908254223562345,42.80746841430664
1664518303954,40.91342267630584,-73.13255206856505,14.908254223562345,42.897369384765625
1664518315954,40.91342267630584,-73.13255206856505,14.908254223562345,42.98511505126953
1664518327955,40.91342267630584,-73.13255206856505,14.908254223562345,43.065284729003906
1664518339953,40.91342267630584,-73.13255206856505,14.908254223562345,43.1475715637207
1664518351954,40.91342267630584,-73.13255206856505,14.908254223562345,43.2285041809082
1664518363953,40.91342267630584,-73.13255206856505,14.908254223562345,43.286598205566406
1664518373953,40.91342461544359,-73.13252594308543,10.852045014467055,48.04539079964161
1664518374953,40.91342461544359,-73.13252594308543,10.967768399331272,48.04539079964161
1664518375954,40.91342461544359,-73.13252594308543,11.122140829825264,48.04539079964161
1664518376954,40.91342461544359,-73.13252594308543,9.633638669826725,48.04539079964161
1664518387953,40.91342267630584,-73.13255206856505,14.908254223562345,48.0294075012207
1664518399952,40.91342267630584,-73.13255206856505,14.908254223562345,45.4809455871582
1664518408027,40.91342267630584,-73.13255206856505,14.908254223562345,45.55217742919922
1664518419951,40.91342267630584,-73.13255206856505,14.908254223562345,45.63863754272461
1664518431952,40.91342267630584,-73.13255206856505,14.908254223562345,45.711185455322266
1664518443951,40.91342267630584,-73.13255206856505,14.908254223562345,45.780250549316406
1664518455951,40.91342267630584,-73.13255206856505,14.908254223562345,45.841304779052734
1664518467951,40.91342267630584,-73.13255206856505,14.908254223562345,45.905128479003906
1664518479950,40.91342267630584,-73.13255206856505,14.908254223562345,45.965660095214844
1664518491951,40.91342267630584,-73.13255206856505,14.908254223562345,46.02424621582031
1664518503950,40.91342267630584,-73.13255206856505,14.908254223562345,46.07677459716797
1664518515949,40.91342267630584,-73.13255206856505,14.908254223562345,46.1315803527832
1664518527950,40.91342267630584,-73.13255206856505,14.908254223562345,46.182403564453125
1664518539949,40.91342267630584,-73.13255206856505,14.908254223562345,46.234092712402344
1664518551950,40.91342267630584,-73.13255206856505,14.908254223562345,46.283592224121094
1664518563950,40.91342267630584,-73.13255206856505,14.908254223562345,46.33255386352539
1664518575949,40.91342267630584,-73.13255206856505,14.908254223562345,46.379581451416016
1664518587948,40.91342267630584,-73.13255206856505,14.908254223562345,46.42561721801758
1664518599948,40.91342267630584,-73.13255206856505,14.908254223562345,46.46976089477539
1664518611948,40.91342267630584,-73.13255206856505,14.908254223562345,46.513065338134766
1664518623946,40.91342267630584,-73.13255206856505,14.908254223562345,46.55451965332031
1664518635947,40.91342267630584,-73.13255206856505,14.908254223562345,46.594669342041016
1664518647947,40.91342267630584,-73.13255206856505,14.908254223562345,46.63018798828125
1664518659959,40.91342267630584,-73.13255206856505,14.908254223562345,46.66828918457031
1664518671965,40.91342267630584,-73.13255206856505,14.908254223562345,46.705291748046875
1664518683969,40.91342267630584,-73.13255206856505,14.908254223562345,46.740806579589844
1664518695971,40.91342267630584,-73.13255206856505,14.908254223562345,46.77583312988281
1664518707972,40.91342267630584,-73.13255206856505,14.908254223562345,46.810489654541016
1664518719972,40.91342267630584,-73.13255206856505,14.908254223562345,46.842857360839844
1664518731972,40.91342267630584,-73.13255206856505,14.908254223562345,46.874874114990234
1664518743973,40.91342267630584,-73.13255206856505,14.908254223562345,46.90595245361328
1664518755972,40.91342267630584,-73.13255206856505,14.908254223562345,46.93461990356445
1664518767971,40.91342267630584,-73.13255206856505,14.908254223562345,46.963802337646484
1664518779972,40.91342267630584,-73.13255206856505,14.908254223562345,46.99299621582031
1664518791971,40.91342267630584,-73.13255206856505,14.908254223562345,47.02189254760742
1664518803970,40.91342267630584,-73.13255206856505,14.908254223562345,47.04964065551758
1664518815970,40.91342267630584,-73.13255206856505,14.908254223562345,47.07705307006836
1664518827970,40.91342267630584,-73.13255206856505,14.908254223562345,47.103858947753906
1664518839971,40.91342267630584,-73.13255206856505,14.908254223562345,47.1299934387207
1664518851970,40.91342267630584,-73.13255206856505,14.908254223562345,47.15536880493164
1664518863970,40.91342267630584,-73.13255206856505,14.908254223562345,47.179325103759766
1664518875970,40.91342267630584,-73.13255206856505,14.908254223562345,47.20354080200195
1664518887969,40.91342267630584,-73.13255206856505,14.908254223562345,47.22809600830078
1664518899969,40.91342267630584,-73.13255206856505,14.908254223562345,47.250736236572266
1664518911970,40.91342267630584,-73.13255206856505,14.908254223562345,47.27336883544922
1664518923970,40.91342267630584,-73.13255206856505,14.908254223562345,47.29631042480469
1664518935970,40.91342267630584,-73.13255206856505,14.908254223562345,47.31883239746094
1664518947969,40.91342267630584,-73.13255206856505,14.908254223562345,47.34145736694336
1664518959970,40.91342267630584,-73.13255206856505,14.908254223562345,47.361846923828125
1664518971970,40.91342267630584,-73.13255206856505,14.908254223562345,47.38426971435547
1664518983970,40.91342267630584,-73.13255206856505,14.908254223562345,47.40644836425781
1664518995968,40.91342267630584,-73.13255206856505,14.908254223562345,47.42868423461914
1664519007968,40.91342267630584,-73.13255206856505,14.908254223562345,47.45042037963867
1664519019968,40.91342267630584,-73.13255206856505,14.908254223562345,47.4702262878418
1664519031968,40.91342267630584,-73.13255206856505,14.908254223562345,47.49113464355469
1664519043968,40.91342267630584,-73.13255206856505,14.908254223562345,47.510868072509766
1664519055967,40.91342267630584,-73.13255206856505,14.908254223562345,47.53218460083008
1664519057968,40.913421117622896,-73.1325266204855,9.84028611806278,49.11074480134994
1664519059968,40.913421117622896,-73.1325266204855,10.111791934998804,49.11074480134994
1664519060969,40.913421117622896,-73.1325266204855,10.241897765924845,49.11074480134994
1664519062972,40.913421117622896,-73.1325266204855,10.586924102562513,49.11074480134994
1664519079969,40.91342267630584,-73.13255206856505,14.908254223562345,46.52335739135742
1664519091968,40.91342267630584,-73.13255206856505,14.908254223562345,46.591983795166016
1664519092990,40.91342267630584,-73.13255206856505,14.908254223562345,46.825721740722656
1664519099069,40.91342267630584,-73.13255206856505,14.908254223562345,47.12078094482422
1664519101967,40.91343098148353,-73.13252851715498,10.918708539999328,45.08669738750905
1664519102967,40.91343098148353,-73.13252851715498,11.05104108025016,45.08669738750905
1664519103968,40.91343098148353,-73.13252851715498,11.157965794317382,45.08669738750905
1664519105968,40.91343098148353,-73.13252851715498,11.403057407568216,45.08669738750905
1664519122968,40.91342267630584,-73.13255206856505,14.908254223562345,42.50956344604492
1664519134969,40.91342267630584,-73.13255206856505,14.908254223562345,42.628841400146484
1664519136370,40.91342267630584,-73.13255206856505,14.908254223562345,45.31417465209961
1664519143090,40.91342267630584,-73.13255206856505,14.908254223562345,43.511024475097656
1664519154967,40.91342267630584,-73.13255206856505,14.908254223562345,43.52943420410156
1664519166967,40.91342267630584,-73.13255206856505,14.908254223562345,43.62507247924805
1664519178966,40.91342267630584,-73.13255206856505,14.908254223562345,43.70780563354492
1664519190966,40.91342267630584,-73.13255206856505,14.908254223562345,46.308624267578125
1664519202966,40.91342267630584,-73.13255206856505,14.908254223562345,43.765567779541016
1664519214966,40.91342267630584,-73.13255206856505,14.908254223562345,43.84006881713867
1664519226966,40.91342267630584,-73.13255206856505,14.908254223562345,43.91461181640625
1664519238965,40.91342267630584,-73.13255206856505,14.908254223562345,43.99309539794922
1664519250965,40.91342267630584,-73.13255206856505,14.908254223562345,44.06972122192383
1664519262970,40.91342267630584,-73.13255206856505,14.908254223562345,44.141910552978516
1664519274965,40.91342267630584,-73.13255206856505,14.908254223562345,44.20970916748047
1664519286964,40.91342267630584,-73.13255206856505,14.908254223562345,44.27587890625
1664519298965,40.91342267630584,-73.13255206856505,14.908254223562345,44.345088958740234
1664519310964,40.91342267630584,-73.13255206856505,14.908254223562345,44.41154861450195
1664519322964,40.91342267630584,-73.13255206856505,14.908254223562345,44.47698974609375
1664519334966,40.91342267630584,-73.13255206856505,14.908254223562345,44.539981842041016
1664519346965,40.91342267630584,-73.13255206856505,14.908254223562345,44.60261917114258
1664519358965,40.91342267630584,-73.13255206856505,14.908254223562345,44.6625862121582
1664519370965,40.91342267630584,-73.13255206856505,14.908254223562345,44.72101593017578
1664519382987,40.91342267630584,-73.13255206856505,14.908254223562345,44.76406478881836
1664519394964,40.91342267630584,-73.13255206856505,14.908254223562345,44.818328857421875
1664519406963,40.91342267630584,-73.13255206856505,14.908254223562345,44.86058044433594
1664519418963,40.91342267630584,-73.13255206856505,14.908254223562345,44.91246795654297
1664519430963,40.91342267630584,-73.13255206856505,14.908254223562345,44.96535873413086
1664519442964,40.91342267630584,-73.13255206856505,14.908254223562345,45.01665115356445
1664519454963,40.91342267630584,-73.13255206856505,14.908254223562345,45.06714630126953
1664519466963,40.91342267630584,-73.13255206856505,14.908254223562345,45.11398696899414
1664519478961,40.91342267630584,-73.13255206856505,14.908254223562345,45.163028717041016
1664519490962,40.91342267630584,-73.13255206856505,14.908254223562345,45.209083557128906
1664519502963,40.91342267630584,-73.13255206856505,14.908254223562345,45.254112243652344
1664519514963,40.91342267630584,-73.13255206856505,14.908254223562345,45.29993438720703
1664519526962,40.91342267630584,-73.13255206856505,14.908254223562345,45.346778869628906
1664519538963,40.91342267630584,-73.13255206856505,14.908254223562345,45.389503479003906
1664519550963,40.91342267630584,-73.13255206856505,14.908254223562345,45.435447692871094
1664519562968,40.91342267630584,-73.13255206856505,14.908254223562345,45.47990798950195
1664519574962,40.91342267630584,-73.13255206856505,14.908254223562345,45.524574279785156
1664519586961,40.91342267630584,-73.13255206856505,14.908254223562345,45.568824768066406
1664519598962,40.91342267630584,-73.13255206856505,14.908254223562345,45.61002731323242
1664519610961,40.91342267630584,-73.13255206856505,14.908254223562345,45.65320587158203
1664519622962,40.91342267630584,-73.13255206856505,14.908254223562345,45.69512176513672
1664519634961,40.91342267630584,-73.13255206856505,14.908254223562345,45.7271728515625
1664519646962,40.91342267630584,-73.13255206856505,14.908254223562345,45.76729965209961
1664519658961,40.91342267630584,-73.13255206856505,14.908254223562345,45.80845260620117
1664519670959,40.91342267630584,-73.13255206856505,14.908254223562345,45.845638275146484
1664519682986,40.91342267630584,-73.13255206856505,14.908254223562345,45.88239669799805
1664519694962,40.91342267630584,-73.13255206856505,14.908254223562345,45.91905975341797
1664519706961,40.91342267630584,-73.13255206856505,14.908254223562345,45.95832824707031
1664519712980,40.91342267630584,-73.13255206856505,14.908254223562345,45.99130630493164
1664519724960,40.91342267630584,-73.13255206856505,14.908254223562345,46.11441421508789
1664519736960,40.91342267630584,-73.13255206856505,14.908254223562345,46.15747833251953
1664519747708,40.91342267630584,-73.13255206856505,14.908254223562345,48.77809143066406
1664519748960,40.91342267630584,-73.13255206856505,14.908254223562345,46.18511962890625
1664519760960,40.91342267630584,-73.13255206856505,14.908254223562345,46.219329833984375
1664519772959,40.91342267630584,-73.13255206856505,14.908254223562345,46.25517272949219
1664519784959,40.91342267630584,-73.13255206856505,14.908254223562345,46.29045867919922
1664519796960,40.91342267630584,-73.13255206856505,14.908254223562345,48.883724212646484
1664519808602,40.91342267630584,-73.13255206856505,14.908254223562345,46.308589935302734
1664519820615,40.91342267630584,-73.13255206856505,14.908254223562345,46.339271545410156
1664519832631,40.91342267630584,-73.13255206856505,14.908254223562345,48.932861328125
1664519844637,40.91342267630584,-73.13255206856505,14.908254223562345,46.35589599609375
1664519856639,40.91342267630584,-73.13255206856505,14.908254223562345,46.387996673583984
1664519868641,40.91342267630584,-73.13255206856505,14.908254223562345,46.422080993652344
1664519880642,40.91342267630584,-73.13255206856505,14.908254223562345,46.45574188232422
1664519892642,40.91342267630584,-73.13255206856505,14.908254223562345,46.48915481567383
1664519904636,40.91342267630584,-73.13255206856505,14.908254223562345,46.521766662597656
1664519916642,40.91342267630584,-73.13255206856505,14.908254223562345,46.55446243286133
1664519928642,40.91342267630584,-73.13255206856505,14.908254223562345,46.5850715637207
1664519940642,40.91342267630584,-73.13255206856505,14.908254223562345,46.61436080932617
1664519952642,40.91342267630584,-73.13255206856505,14.908254223562345,46.64279556274414
1664519964641,40.91342267630584,-73.13255206856505,14.908254223562345,46.6729621887207
1664519976641,40.91342267630584,-73.13255206856505,14.908254223562345,46.70380401611328
1664519988641,40.91342267630584,-73.13255206856505,14.908254223562345,46.73467254638672
1664520000641,40.91342267630584,-73.13255206856505,14.908254223562345,46.76519775390625
1664520012641,40.91342267630584,-73.13255206856505,14.908254223562345,46.795265197753906
1664520024641,40.91342267630584,-73.13255206856505,14.908254223562345,46.82469177246094
1664520036641,40.91342267630584,-73.13255206856505,14.908254223562345,46.85465621948242
1664520047780,40.91342267630584,-73.13255206856505,14.908254223562345,49.468055725097656
1664520049169,40.91342267630584,-73.13255206856505,14.908254223562345,46.897056579589844
1664520060641,40.91342267630584,-73.13255206856505,14.908254223562345,46.901798248291016
1664520072641,40.91342267630584,-73.13255206856505,14.908254223562345,46.93013381958008
1664520084641,40.91342267630584,-73.13255206856505,14.908254223562345,46.947166442871094
1664520096641,40.91342267630584,-73.13255206856505,14.908254223562345,46.97262191772461
1664520108641,40.91342267630584,-73.13255206856505,14.908254223562345,46.9996337890625
1664520120641,40.91342267630584,-73.13255206856505,14.908254223562345,47.02686309814453
1664520132641,40.91342267630584,-73.13255206856505,14.908254223562345,47.0546875
1664520144641,40.91342267630584,-73.13255206856505,14.908254223562345,47.08118438720703
1664520156641,40.91342267630584,-73.13255206856505,14.908254223562345,47.10707473754883
1664520168640,40.91342267630584,-73.13255206856505,14.908254223562345,47.13298416137695
1664520180640,40.91342267630584,-73.13255206856505,14.908254223562345,47.15843200683594
1664520192640,40.91342267630584,-73.13255206856505,14.908254223562345,47.18101119995117
1664520204640,40.91342267630584,-73.13255206856505,14.908254223562345,47.20561981201172
1664520216640,40.91342267630584,-73.13255206856505,14.908254223562345,47.230377197265625
1664520228640,40.91342267630584,-73.13255206856505,14.908254223562345,47.25507736206055
1664520240640,40.91342267630584,-73.13255206856505,14.908254223562345,47.27816390991211
1664520252640,40.91342267630584,-73.13255206856505,14.908254223562345,47.30023193359375
1664520264640,40.91342267630584,-73.13255206856505,14.908254223562345,47.32320022583008
1664520276640,40.91342267630584,-73.13255206856505,14.908254223562345,47.346981048583984
1664520288641,40.91342267630584,-73.13255206856505,14.908254223562345,47.36796569824219
1664520300641,40.91342267630584,-73.13255206856505,14.908254223562345,47.3874397277832
1664520312640,40.91342267630584,-73.13255206856505,14.908254223562345,47.40940475463867
1664520324639,40.91342267630584,-73.13255206856505,14.908254223562345,47.43186950683594
1664520336640,40.91342267630584,-73.13255206856505,14.908254223562345,47.4534797668457
1664520347804,40.91342267630584,-73.13255206856505,14.908254223562345,50.05865478515625
1664520349050,40.91342267630584,-73.13255206856505,14.908254223562345,47.480438232421875
1664520360640,40.91342267630584,-73.13255206856505,14.908254223562345,47.483978271484375
1664520372640,40.91342267630584,-73.13255206856505,14.908254223562345,47.50482177734375
1664520384640,40.91342267630584,-73.13255206856505,14.908254223562345,47.52613830566406
1664520396640,40.91342267630584,-73.13255206856505,14.908254223562345,47.54594039916992
1664520408639,40.91342267630584,-73.13255206856505,14.908254223562345,47.56838607788086
1664520420639,40.91342267630584,-73.13255206856505,14.908254223562345,47.588966369628906
1664520432640,40.91342267630584,-73.13255206856505,14.908254223562345,47.6086311340332
1664520444639,40.91342267630584,-73.13255206856505,14.908254223562345,47.62849807739258
1664520456639,40.91342267630584,-73.13255206856505,14.908254223562345,47.64748001098633
1664520468640,40.91342267630584,-73.13255206856505,14.908254223562345,47.665855407714844
1664520480640,40.91342267630584,-73.13255206856505,14.908254223562345,47.684879302978516
1664520492639,40.91342267630584,-73.13255206856505,14.908254223562345,50.27533721923828
1664520504639,40.91342267630584,-73.13255206856505,14.908254223562345,47.687294006347656
1664520516639,40.91342267630584,-73.13255206856505,14.908254223562345,47.697967529296875
1664520528639,40.91342267630584,-73.13255206856505,14.908254223562345,47.71543502807617
1664520540638,40.91342267630584,-73.13255206856505,14.908254223562345,47.73379135131836
1664520552639,40.91342267630584,-73.13255206856505,14.908254223562345,47.75221633911133
1664520564639,40.91342267630584,-73.13255206856505,14.908254223562345,47.770286560058594
1664520576638,40.91342267630584,-73.13255206856505,14.908254223562345,47.788055419921875
1664520588638,40.91342267630584,-73.13255206856505,14.908254223562345,47.8060302734375
1664520600638,40.91342267630584,-73.13255206856505,14.908254223562345,47.821346282958984
1664520612639,40.91342267630584,-73.13255206856505,14.908254223562345,47.83859634399414
1664520624638,40.91342267630584,-73.13255206856505,14.908254223562345,47.85373306274414
1664520636638,40.91342267630584,-73.13255206856505,14.908254223562345,50.443138122558594
1664520647826,40.91342267630584,-73.13255206856505,14.908254223562345,50.44002914428711
1664520649045,40.91342267630584,-73.13255206856505,14.908254223562345,47.855655670166016
1664520660638,40.91342267630584,-73.13255206856505,14.908254223562345,47.85837936401367
1664520672638,40.91342267630584,-73.13255206856505,14.908254223562345,47.87442398071289
1664520684639,40.91342267630584,-73.13255206856505,14.908254223562345,47.8874626159668
1664520696638,40.91342267630584,-73.13255206856505,14.908254223562345,47.9034538269043
1664520708638,40.91342267630584,-73.13255206856505,14.908254223562345,47.91915512084961
1664520720638,40.91342267630584,-73.13255206856505,14.908254223562345,47.93306350708008
1664520732637,40.91342267630584,-73.13255206856505,14.908254223562345,47.948978424072266
1664520744638,40.91342267630584,-73.13255206856505,14.908254223562345,47.96419906616211
1664520756638,40.91342267630584,-73.13255206856505,14.908254223562345,47.979557037353516
1664520768637,40.91342267630584,-73.13255206856505,14.908254223562345,47.994808197021484
1664520780637,40.91342267630584,-73.13255206856505,14.908254223562345,48.01068115234375
1664520792638,40.91342267630584,-73.13255206856505,14.908254223562345,48.025390625
1664520804637,40.91342267630584,-73.13255206856505,14.908254223562345,48.04092025756836
1664520816637,40.91342267630584,-73.13255206856505,14.908254223562345,48.055721282958984
1664520828638,40.91342267630584,-73.13255206856505,14.908254223562345,48.070350646972656
1664520840637,40.91342267630584,-73.13255206856505,14.908254223562345,48.08480453491211
1664520852637,40.91342267630584,-73.13255206856505,14.908254223562345,48.099395751953125
1664520864638,40.91342267630584,-73.13255206856505,14.908254223562345,48.11328125
1664520876637,40.91342267630584,-73.13255206856505,14.908254223562345,48.125816345214844
1664520888637,40.91342267630584,-73.13255206856505,14.908254223562345,48.13934326171875
1664520900637,40.91342267630584,-73.13255206856505,14.908254223562345,48.151615142822266
1664520912634,40.91342267630584,-73.13255206856505,14.908254223562345,48.16511535644531
1664520924637,40.91342267630584,-73.13255206856505,14.908254223562345,48.178436279296875
1664520936637,40.91342267630584,-73.13255206856505,14.908254223562345,48.19102478027344
1664520947864,40.91342267630584,-73.13255206856505,14.908254223562345,50.789695739746094
1664520949046,40.91342267630584,-73.13255206856505,14.908254223562345,48.2038688659668
1664520960637,40.91342267630584,-73.13255206856505,14.908254223562345,48.20591735839844
1664520972637,40.91342267630584,-73.13255206856505,14.908254223562345,48.21918487548828
1664520984636,40.91342267630584,-73.13255206856505,14.908254223562345,48.23088836669922
1664520996637,40.91342267630584,-73.13255206856505,14.908254223562345,48.24354553222656
1664521008636,40.91342267630584,-73.13255206856505,14.908254223562345,48.251277923583984
1664521020636,40.91342267630584,-73.13255206856505,14.908254223562345,48.26285934448242
1664521032636,40.91342267630584,-73.13255206856505,14.908254223562345,48.26991271972656
1664521044636,40.91342267630584,-73.13255206856505,14.908254223562345,48.28116226196289
1664521056636,40.91342267630584,-73.13255206856505,14.908254223562345,48.29302215576172
1664521068637,40.91342267630584,-73.13255206856505,14.908254223562345,48.30580520629883
1664521080636,40.91342267630584,-73.13255206856505,14.908254223562345,48.31715774536133
1664521092636,40.91342267630584,-73.13255206856505,14.908254223562345,48.32638931274414
1664521097636,40.91342145215135,-73.1325219914614,10.1874035884712,49.02537323627621
1664521098637,40.91342145215135,-73.1325219914614,10.319691454780337,49.02537323627621
1664521099637,40.91342145215135,-73.1325219914614,10.43374701886425,49.02537323627621
1664521100637,40.91342145215135,-73.1325219914614,10.74669500418509,49.02537323627621
1664521101637,40.91342145215135,-73.1325219914614,10.879304079490433,49.02537323627621
1664521102637,40.91342145215135,-73.1325219914614,10.959422572933631,49.02537323627621
1664521104636,40.91342145215135,-73.1325219914614,11.184599111088273,49.02537323627621
1664521105638,40.91342145215135,-73.1325219914614,9.692005231796372,49.02537323627621
1664521107637,40.91342145215135,-73.1325219914614,9.951927799704505,49.02537323627621
1664521109637,40.91342145215135,-73.1325219914614,10.19322725635391,49.02537323627621
1664521110637,40.91342145215135,-73.1325219914614,10.347476049835775,49.02537323627621
1664521112636,40.91342145215135,-73.1325219914614,10.81076456964781,49.02537323627621
1664521113637,40.91342145215135,-73.1325219914614,10.907451741477026,49.02537323627621
1664521115636,40.91342145215135,-73.1325219914614,10.998927966384983,49.02537323627621
1664521116636,40.91342145215135,-73.1325219914614,11.235337033286562,49.02537323627621
1664521117639,40.91342145215135,-73.1325219914614,11.228579748522662,49.02537323627621
1664521119637,40.91342145215135,-73.1325219914614,10.009886887316473,49.02537323627621
1664521120637,40.91342145215135,-73.1325219914614,10.14348153495285,49.02537323627621
1664521121637,40.91342145215135,-73.1325219914614,10.269001004579348,49.02537323627621
1664521123637,40.91342145215135,-73.1325219914614,10.475585594460753,49.02537323627621
1664521124637,40.91342145215135,-73.1325219914614,10.586643425007626,49.02537323627621
1664521125638,40.91342145215135,-73.1325219914614,10.689613568842047,49.02537323627621
1664521126639,40.91342145215135,-73.1325219914614,10.846073467367226,49.02537323627621
1664521127989,40.91342145215135,-73.1325219914614,11.118613022573665,49.02537323627621
1664521129989,40.91342145215135,-73.1325219914614,9.667690682150733,49.02537323627621
1664521131988,40.91342145215135,-73.1325219914614,9.94392561410918,49.02537323627621
1664521133988,40.91342145215135,-73.1325219914614,10.18440788802026,49.02537323627621
1664521135989,40.91342145215135,-73.1325219914614,10.465919652063258,49.02537323627621
1664521137987,40.91342145215135,-73.1325219914614,10.866669249859614,49.02537323627621
1664521138987,40.91342145215135,-73.1325219914614,10.82702428141582,49.02537323627621
1664521139987,40.91342145215135,-73.1325219914614,11.094513009269585,49.02537323627621
1664521141989,40.91342145215135,-73.1325219914614,11.157238037166135,49.02537323627621
1664521143986,40.91342145215135,-73.1325219914614,9.91078193622937,49.02537323627621
1664521144988,40.91342145215135,-73.1325219914614,10.059911428675822,49.02537323627621
1664521146987,40.91342145215135,-73.1325219914614,10.299574741614496,49.02537323627621
1664521148987,40.91342145215135,-73.1325219914614,10.517563396159058,49.02537323627621
1664521150985,40.91342145215135,-73.1325219914614,10.777652709725126,49.02537323627621
1664521151985,40.91342145215135,-73.1325219914614,10.888749956177815,49.02537323627621
1664521152986,40.91342145215135,-73.1325219914614,11.001331376072294,49.02537323627621
1664521153987,40.91342145215135,-73.1325219914614,11.028142136611464,49.02537323627621
1664521155988,40.91342145215135,-73.1325219914614,9.857369578616867,49.02537323627621
1664521157986,40.91342145215135,-73.1325219914614,10.291404236037646,49.02537323627621
1664521158987,40.91342145215135,-73.1325219914614,10.383560634250326,49.02537323627621
1664521160986,40.91342145215135,-73.1325219914614,10.665199479227379,49.02537323627621
1664521161987,40.91342145215135,-73.1325219914614,10.756540248293335,49.02537323627621
1664521162995,40.91342145215135,-73.1325219914614,10.868049248909395,49.02537323627621
1664521164985,40.91342145215135,-73.1325219914614,11.093602902040248,49.02537323627621
1664521165988,40.91342145215135,-73.1325219914614,11.070279147222145,49.02537323627621
1664521167987,40.91342145215135,-73.1325219914614,9.881371365971518,49.02537323627621
1664521168987,40.91342145215135,-73.1325219914614,10.00452026159481,49.02537323627621
1664521170987,40.91342145215135,-73.1325219914614,10.256210983593219,49.02537323627621
1664521172987,40.91342145215135,-73.1325219914614,10.51937830234166,49.02537323627621
1664521174985,40.91342145215135,-73.1325219914614,10.739748086945516,49.02537323627621
1664521175986,40.91342145215135,-73.1325219914614,10.887516297079186,49.02537323627621
1664521177988,40.91342145215135,-73.1325219914614,11.164508288364578,49.02537323627621
1664521179989,40.91342145215135,-73.1325219914614,11.40417320411975,49.02537323627621
1664521181988,40.91342145215135,-73.1325219914614,11.612749297574407,49.02537323627621
1664521183034,40.91342145215135,-73.1325219914614,11.745909968821385,49.02537323627621
1664521184987,40.91342145215135,-73.1325219914614,11.931858312010682,49.02537323627621
1664521186986,40.91342145215135,-73.1325219914614,12.15189232419608,49.02537323627621
1664521188985,40.91342145215135,-73.1325219914614,12.369487533345067,49.02537323627621
1664521189986,40.91342145215135,-73.1325219914614,10.475493413425927,49.02537323627621
1664521191987,40.91342145215135,-73.1325219914614,10.6923037255269,49.02537323627621
1664521192987,40.91342145215135,-73.1325219914614,10.810285585386438,49.02537323627621
1664521194986,40.91342145215135,-73.1325219914614,11.25775277660368,49.02537323627621
1664521195986,40.91342145215135,-73.1325219914614,11.347824633123151,49.02537323627621
1664521196987,40.91342145215135,-73.1325219914614,11.46014914504295,49.02537323627621
1664521198986,40.91342145215135,-73.1325219914614,11.664859582526248,49.02537323627621
1664521199989,40.91342145215135,-73.1325219914614,11.77113177980891,49.02537323627621
1664521201985,40.91342145215135,-73.1325219914614,11.852130170458405,49.02537323627621
1664521203990,40.91342145215135,-73.1325219914614,10.348043311659888,49.02537323627621
1664521205985,40.91342145215135,-73.1325219914614,10.590263971705115,49.02537323627621
1664521207987,40.91342145215135,-73.1325219914614,10.856778730625106,49.02537323627621
1664521209987,40.91342145215135,-73.1325219914614,11.125385295067266,49.02537323627621
1664521211986,40.91342145215135,-73.1325219914614,11.503776362999274,49.02537323627621
1664521213986,40.91342145215135,-73.1325219914614,11.591686177234266,49.02537323627621
1664521215985,40.91342145215135,-73.1325219914614,11.785974077798755,49.02537323627621
1664521217984,40.91342145215135,-73.1325219914614,11.982932425034438,49.02537323627621
1664521218985,40.91342145215135,-73.1325219914614,12.103851904835778,49.02537323627621
1664521220985,40.91342145215135,-73.1325219914614,12.319273373962735,49.02537323627621
1664521222985,40.91342145215135,-73.1325219914614,12.591799638392942,49.02537323627621
1664521236985,40.91342267630584,-73.13255206856505,14.908254223562345,46.4327507019043
1664521247897,40.91342267630584,-73.13255206856505,14.908254223562345,49.02064514160156
1664521248985,40.91342267630584,-73.13255206856505,14.908254223562345,46.42607879638672
1664521253078,40.91342267630584,-73.13255206856505,14.908254223562345,46.5400390625
1664521259098,40.91342267630584,-73.13255206856505,14.908254223562345,46.83464050292969
1664521270984,40.91342267630584,-73.13255206856505,14.908254223562345,47.16307830810547
1664521283010,40.91342267630584,-73.13255206856505,14.908254223562345,47.18904495239258
1664521294984,40.91342267630584,-73.13255206856505,14.908254223562345,47.21299743652344
1664521297985,40.91344057978342,-73.13252206096521,9.497473732355651,46.4203598825261
1664521299985,40.91344057978342,-73.13252206096521,9.74747905994336,46.4203598825261
1664521301985,40.91344057978342,-73.13252206096521,10.01478893286219,46.4203598825261
1664521303984,40.91344057978342,-73.13252206096521,10.285203937427342,46.4203598825261
1664521304985,40.91344057978342,-73.13252206096521,10.574462513587944,46.4203598825261
1664521306984,40.91344057978342,-73.13252206096521,10.78447872929039,46.4203598825261
1664521307986,40.91344057978342,-73.13252206096521,9.425670894686704,46.4203598825261
1664521309984,40.91344057978342,-73.13252206096521,9.669983866775926,46.4203598825261
1664521311984,40.91344057978342,-73.13252206096521,9.969969604031952,46.4203598825261
1664521312985,40.91344057978342,-73.13252206096521,10.07677889819883,46.4203598825261
1664521314984,40.91344057978342,-73.13252206096521,10.313352284053146,46.4203598825261
1664521315984,40.91344057978342,-73.13252206096521,10.441388248735905,46.4203598825261
1664521317984,40.91344057978342,-73.13252206096521,10.72097472506037,46.4203598825261
1664521318985,40.91344057978342,-73.13252206096521,10.838020380757559,46.4203598825261
1664521319986,40.91344057978342,-73.13252206096521,10.845970412409622,46.4203598825261
1664521321984,40.91344057978342,-73.13252206096521,9.688926610637887,46.4203598825261
1664521322984,40.91344057978342,-73.13252206096521,9.833703736206296,46.4203598825261
1664521324984,40.91344057978342,-73.13252206096521,10.30480210361753,46.4203598825261
1664521326985,40.91344057978342,-73.13252206096521,10.538299612204787,46.4203598825261
1664521328984,40.91344057978342,-73.13252206096521,10.721315620422283,46.4203598825261
1664521330984,40.91344057978342,-73.13252206096521,10.955574421296006,46.4203598825261
1664521331984,40.91344057978342,-73.13252206096521,9.53355601254223,46.4203598825261
1664521333983,40.91344057978342,-73.13252206096521,9.80341349402773,46.4203598825261
1664521335985,40.91344057978342,-73.13252206096521,10.058064810784153,46.4203598825261
1664521337985,40.91344057978342,-73.13252206096521,10.317654004997813,46.4203598825261
1664521338985,40.91344057978342,-73.13252206096521,10.655847344992411,46.4203598825261
1664521340984,40.91344057978342,-73.13252206096521,10.907165063404044,46.4203598825261
1664521341985,40.91344057978342,-73.13252206096521,11.00022479722199,46.4203598825261
1664521343983,40.91344057978342,-73.13252206096521,11.096173072793292,46.4203598825261
1664521345984,40.91344057978342,-73.13252206096521,11.314430157337958,46.4203598825261
1664521347985,40.91344057978342,-73.13252206096521,11.542238657577906,46.4203598825261
1664521349984,40.91344057978342,-73.13252206096521,11.7645563275038,46.4203598825261
1664521350984,40.91344057978342,-73.13252206096521,11.86828944789616,46.4203598825261
1664521352985,40.91344057978342,-73.13252206096521,12.097760601718194,46.4203598825261
1664521354984,40.91344057978342,-73.13252206096521,12.460206636372451,46.4203598825261
1664521356984,40.91344057978342,-73.13252206096521,10.64055770781395,46.4203598825261
1664521358984,40.91344057978342,-73.13252206096521,10.928190709042982,46.4203598825261
1664521359984,40.91344057978342,-73.13252206096521,11.028844097705424,46.4203598825261
1664521360985,40.91344057978342,-73.13252206096521,11.134475919317111,46.4203598825261
1664521362992,40.91344057978342,-73.13252206096521,11.35846385909016,46.4203598825261
1664521364984,40.91344057978342,-73.13252206096521,11.556780630448193,46.4203598825261
1664521366983,40.91344057978342,-73.13252206096521,11.78737301632913,46.4203598825261
1664521367985,40.91344057978342,-73.13252206096521,11.745852538351294,46.4203598825261
1664521369983,40.91344057978342,-73.13252206096521,10.298807546358708,46.4203598825261
1664521371298,40.91344057978342,-73.13252206096521,10.452958838293002,46.4203598825261
1664521372984,40.91344057978342,-73.13252206096521,10.870736315851854,46.4203598825261
1664521374985,40.91344057978342,-73.13252206096521,11.044182607613523,46.4203598825261
1664521375985,40.91344057978342,-73.13252206096521,11.134775312254657,46.4203598825261
1664521377985,40.91344057978342,-73.13252206096521,11.371642963629734,46.4203598825261
1664521379986,40.91344057978342,-73.13252206096521,9.85423655612708,46.4203598825261
1664521381985,40.91344057978342,-73.13252206096521,10.102295032273423,46.4203598825261
1664521383011,40.91344057978342,-73.13252206096521,10.241913858995858,46.4203598825261
1664521384985,40.91344057978342,-73.13252206096521,10.46813651496408,46.4203598825261
1664521386984,40.91344057978342,-73.13252206096521,10.715889410998308,46.4203598825261
1664521388984,40.91344057978342,-73.13252206096521,10.960301564605226,46.4203598825261
1664521389984,40.91344057978342,-73.13252206096521,11.076071200674457,46.4203598825261
1664521390984,40.91344057978342,-73.13252206096521,11.336602991869617,46.4203598825261
1664521391986,40.91344057978342,-73.13252206096521,9.797076632031603,46.4203598825261
1664521393984,40.91344057978342,-73.13252206096521,10.055628553285251,46.4203598825261
1664521395984,40.91344057978342,-73.13252206096521,10.268888971771545,46.4203598825261
1664521396984,40.91344057978342,-73.13252206096521,10.4311433370205,46.4203598825261
1664521398983,40.91344057978342,-73.13252206096521,10.640926465217277,46.4203598825261
1664521399984,40.91344057978342,-73.13252206096521,10.788149333391637,46.4203598825261
1664521401984,40.91344057978342,-73.13252206096521,11.035165179600524,46.4203598825261
1664521403986,40.91344057978342,-73.13252206096521,11.158537818669068,46.4203598825261
1664521405984,40.91344057978342,-73.13252206096521,10.109159286794101,46.4203598825261
1664521407984,40.91344057978342,-73.13252206096521,10.344227664411077,46.4203598825261
1664521408984,40.91344057978342,-73.13252206096521,10.418076182200753,46.4203598825261
1664521410984,40.91344057978342,-73.13252206096521,10.71694592766193,46.4203598825261
1664521411984,40.91344057978342,-73.13252206096521,10.8310240426655,46.4203598825261
1664521412984,40.91344057978342,-73.13252206096521,10.91910231327025,46.4203598825261
1664521414984,40.91344057978342,-73.13252206096521,11.15819851274587,46.4203598825261
1664521415985,40.91344057978342,-73.13252206096521,11.124335058238623,46.4203598825261
1664521417985,40.91344057978342,-73.13252206096521,9.90116282646089,46.4203598825261
1664521419985,40.91344057978342,-73.13252206096521,10.174132815208994,46.4203598825261
1664521421984,40.91344057978342,-73.13252206096521,10.459800109156241,46.4203598825261
1664521425983,40.91344057978342,-73.13252206096521,11.074574093634386,46.4203598825261
1664521426983,40.91344057978342,-73.13252206096521,11.200800405264493,46.4203598825261
1664521427985,40.91344057978342,-73.13252206096521,11.183051511199052,46.4203598825261
1664521429983,40.91344057978342,-73.13252206096521,9.924998173167399,46.4203598825261
1664521430983,40.91344057978342,-73.13252206096521,10.038060098032771,46.4203598825261
1664521431984,40.91344057978342,-73.13252206096521,10.170337102070564,46.4203598825261
1664521433984,40.91344057978342,-73.13252206096521,10.457480819046745,46.4203598825261
1664521435984,40.91344057978342,-73.13252206096521,10.92487434799283,46.4203598825261
1664521437984,40.91344057978342,-73.13252206096521,11.129937846057098,46.4203598825261
1664521450982,40.91342267630584,-73.13255206856505,14.908254223562345,43.833839416503906
1664521454983,40.91343371062076,-73.13252735408349,10.154715540182536,44.282588434405625
1664521456985,40.91343371062076,-73.13252735408349,10.40944765892454,44.282588434405625
1664521458983,40.91343371062076,-73.13252735408349,10.664768800059836,44.282588434405625
1664521465983,40.913434969768794,-73.13252748425663,11.371063737184846,44.157343790866435
1664521467983,40.913434969768794,-73.13252748425663,11.582702804994181,44.157343790866435
1664521469983,40.913434969768794,-73.13252748425663,11.808954741510073,44.157343790866435
1664521474981,40.913434969768794,-73.13252748425663,12.544358375035666,44.157343790866435
1664521475983,40.913434969768794,-73.13252748425663,10.560328701532917,44.157343790866435
1664521477983,40.913434969768794,-73.13252748425663,10.828283398931184,44.157343790866435
1664521479983,40.913434969768794,-73.13252748425663,10.93129965952423,44.157343790866435
1664521481982,40.913434969768794,-73.13252748425663,11.275288126323328,44.157343790866435
1664521483008,40.913434969768794,-73.13252748425663,11.409036983250678,44.157343790866435
1664521484982,40.913434969768794,-73.13252748425663,11.615479391906904,44.157343790866435
1664521485982,40.913434969768794,-73.13252748425663,11.736684074423023,44.157343790866435
1664521486983,40.913434969768794,-73.13252748425663,11.839660173751293,44.157343790866435
1664521487985,40.913434969768794,-73.13252748425663,11.824829257865389,44.157343790866435
1664521489984,40.913434969768794,-73.13252748425663,10.509615814360393,44.157343790866435
1664521491987,40.913434969768794,-73.13252748425663,10.742463725362324,44.157343790866435
1664521493984,40.913434969768794,-73.13252748425663,10.969458219373346,44.157343790866435
1664521495983,40.913434969768794,-73.13252748425663,11.215684226542896,44.157343790866435
1664521497982,40.913434969768794,-73.13252748425663,11.40229418323688,44.157343790866435
1664521498983,40.913434969768794,-73.13252748425663,11.52714487918619,44.157343790866435
1664521499983,40.913434969768794,-73.13252748425663,11.504104378739154,44.157343790866435
1664521501984,40.913434969768794,-73.13252748425663,11.738342843953998,44.157343790866435
1664521503982,40.913434969768794,-73.13252748425663,11.957999145360109,44.157343790866435
1664521505982,40.913434969768794,-73.13252748425663,12.188389607086165,44.157343790866435
1664521507983,40.913434969768794,-73.13252748425663,12.420639617109442,44.157343790866435
1664521508983,40.913434969768794,-73.13252748425663,12.674623981597561,44.157343790866435
1664521509984,40.913434969768794,-73.13252748425663,12.765628601890391,44.157343790866435
1664521511985,40.913434969768794,-73.13252748425663,12.952828521339677,44.157343790866435
1664521513984,40.913434969768794,-73.13252748425663,11.004307411836248,44.157343790866435
1664521515983,40.913434969768794,-73.13252748425663,11.235013814027248,44.157343790866435
1664521516984,40.913434969768794,-73.13252748425663,11.361364929766486,44.157343790866435
1664521518983,40.913434969768794,-73.13252748425663,11.566092046403337,44.157343790866435
1664521519983,40.913434969768794,-73.13252748425663,11.676652398103702,44.157343790866435
1664521521984,40.913434969768794,-73.13252748425663,11.912743840219566,44.157343790866435
1664521523984,40.913434969768794,-73.13252748425663,11.993643381787212,44.157343790866435
1664521525984,40.913434969768794,-73.13252748425663,10.436561015741763,44.157343790866435
1664521527982,40.913434969768794,-73.13252748425663,10.858792515904291,44.157343790866435
1664521528983,40.913434969768794,-73.13252748425663,10.93471439286669,44.157343790866435
1664521530983,40.913434969768794,-73.13252748425663,11.18556224573612,44.157343790866435
1664521532982,40.913434969768794,-73.13252748425663,11.405645952132382,44.157343790866435
1664521533982,40.913434969768794,-73.13252748425663,11.51883687562533,44.157343790866435
1664521534983,40.913434969768794,-73.13252748425663,11.625137706921903,44.157343790866435
1664521535984,40.913434969768794,-73.13252748425663,11.606029223105482,44.157343790866435
1664521537982,40.913434969768794,-73.13252748425663,10.201079309820937,44.157343790866435
1664521538983,40.913434969768794,-73.13252748425663,10.30211359648436,44.157343790866435
1664521540982,40.913434969768794,-73.13252748425663,10.58002205048315,44.157343790866435
1664521542980,40.913434969768794,-73.13252748425663,10.837128924461451,44.157343790866435
1664521543982,40.913434969768794,-73.13252748425663,10.957711856399774,44.157343790866435
1664521545981,40.913434969768794,-73.13252748425663,11.34447264986294,44.157343790866435
1664521546982,40.913434969768794,-73.13252748425663,11.485304952876985,44.157343790866435
1664521547983,40.913434969768794,-73.13252748425663,11.454127948303537,44.157343790866435
1664521549982,40.913434969768794,-73.13252748425663,11.66387180092782,44.157343790866435
1664521551983,40.913434969768794,-73.13252748425663,11.878855329916743,44.157343790866435
1664521553981,40.913434969768794,-73.13252748425663,12.093341629162204,44.157343790866435
1664521555980,40.913434969768794,-73.13252748425663,12.320453752388879,44.157343790866435
1664521556980,40.913434969768794,-73.13252748425663,12.4203187913535,44.157343790866435
1664521557981,40.913434969768794,-73.13252748425663,12.532945354117926,44.157343790866435
1664521559982,40.913434969768794,-73.13252748425663,10.632324099674042,44.157343790866435
1664521562986,40.913434969768794,-73.13252748425663,11.175270743747042,44.157343790866435
1664521564982,40.913434969768794,-73.13252748425663,11.383919810381222,44.157343790866435
1664521566982,40.913434969768794,-73.13252748425663,11.595460887697728,44.157343790866435
1664521568981,40.913434969768794,-73.13252748425663,11.831971683008117,44.157343790866435
1664521570982,40.913434969768794,-73.13252748425663,12.047194404601337,44.157343790866435
1664521571982,40.913434969768794,-73.13252748425663,11.982752081639608,44.157343790866435
1664521573982,40.913434969768794,-73.13252748425663,10.425903236662931,44.157343790866435
1664521575982,40.913434969768794,-73.13252748425663,10.670018398949505,44.157343790866435
1664521577983,40.913434969768794,-73.13252748425663,11.000953683886783,44.157343790866435
1664521580982,40.913434969768794,-73.13252748425663,11.311256847820852,44.157343790866435
1664521581983,40.913434969768794,-73.13252748425663,11.422078030113287,44.157343790866435
1664521583009,40.913434969768794,-73.13252748425663,11.546270876119678,44.157343790866435
1664521584982,40.913434969768794,-73.13252748425663,10.150386405457676,44.157343790866435
1664521585982,40.913434969768794,-73.13252748425663,10.302777714325497,44.157343790866435
1664521586982,40.913434969768794,-73.13252748425663,10.413114844346692,44.157343790866435
1664521590981,40.913434969768794,-73.13252748425663,10.901166072566562,44.157343790866435
1664521591982,40.913434969768794,-73.13252748425663,10.989480592720078,44.157343790866435
1664521593982,40.913434969768794,-73.13252748425663,11.233316486521032,44.157343790866435
1664521595983,40.913434969768794,-73.13252748425663,11.3545479643297,44.157343790866435
1664521600981,40.913434969768794,-73.13252748425663,10.66898655006634,44.157343790866435
1664521601982,40.913434969768794,-73.13252748425663,10.73255707975784,44.157343790866435
1664521603982,40.913434969768794,-73.13252748425663,10.970550143912488,44.157343790866435
1664521605982,40.913434969768794,-73.13252748425663,11.151580224779039,44.157343790866435
1664521607982,40.913434969768794,-73.13252748425663,9.74407384393242,44.157343790866435
1664521609982,40.913434969768794,-73.13252748425663,10.073982247873953,44.157343790866435
1664521612982,40.913434969768794,-73.13252748425663,10.397055189855598,44.157343790866435
1664521614983,40.913434969768794,-73.13252748425663,10.659249214817926,44.157343790866435
1664521616981,40.913434969768794,-73.13252748425663,11.10739888575982,44.157343790866435
1664521617982,40.913434969768794,-73.13252748425663,11.023822824948274,44.157343790866435
1664521619984,40.913434969768794,-73.13252748425663,11.293205534826619,44.157343790866435
1664521621982,40.913434969768794,-73.13252748425663,10.01198091341972,44.157343790866435
1664521623983,40.913434969768794,-73.13252748425663,10.259063196057522,44.157343790866435
1664521625981,40.913434969768794,-73.13252748425663,10.484956743159913,44.157343790866435
1664521626981,40.913434969768794,-73.13252748425663,10.636901635122696,44.157343790866435
1664521627982,40.913434969768794,-73.13252748425663,10.736446760124341,44.157343790866435
1664521628982,40.913434969768794,-73.13252748425663,10.879569480708868,44.157343790866435
1664521630982,40.913434969768794,-73.13252748425663,11.13337066317065,44.157343790866435
1664521631982,40.913434969768794,-73.13252748425663,9.635785245695528,44.157343790866435
1664521633982,40.913434969768794,-73.13252748425663,10.057129765385218,44.157343790866435
1664521635980,40.913434969768794,-73.13252748425663,10.33188961508877,44.157343790866435
1664521637981,40.913434969768794,-73.13252748425663,10.542976697515629,44.157343790866435
1664521639981,40.913434969768794,-73.13252748425663,10.798284717090878,44.157343790866435
1664521640981,40.913434969768794,-73.13252748425663,10.916518516267608,44.157343790866435
1664521641982,40.913434969768794,-73.13252748425663,11.02924162444842,44.157343790866435
1664521643981,40.913434969768794,-73.13252748425663,11.131711809879228,44.157343790866435
1664521652981,40.91343305445626,-73.13252850575748,10.937568291398998,44.00727200973779
1664521653981,40.91343305445626,-73.13252850575748,11.071580691113232,44.00727200973779
1664521655982,40.91343305445626,-73.13252850575748,11.159075623005347,44.00727200973779
1664521657981,40.91343305445626,-73.13252850575748,9.85135324264462,44.00727200973779
1664521661980,40.91343305445626,-73.13252850575748,10.45249206811114,44.00727200973779
1664521662986,40.91343305445626,-73.13252850575748,10.594660040114702,44.00727200973779
1664521664979,40.91343305445626,-73.13252850575748,11.066554882249585,44.00727200973779
1664521665979,40.91343305445626,-73.13252850575748,11.15274029646798,44.00727200973779
1664521666980,40.91343305445626,-73.13252850575748,11.22044440215533,44.00727200973779
1664521667982,40.91343305445626,-73.13252850575748,9.711333297494557,44.00727200973779
1664521669981,40.91343305445626,-73.13252850575748,9.997456593994494,44.00727200973779
1664521671982,40.91343305445626,-73.13252850575748,10.256124903808816,44.00727200973779
1664521673980,40.91343305445626,-73.13252850575748,10.472486448689223,44.00727200973779
1664521681980,40.91343349528723,-73.13252982170337,9.86892109183482,44.13725625816733
1664521683006,40.91343349528723,-73.13252982170337,10.013494387645196,44.13725625816733
1664521684981,40.91343349528723,-73.13252982170337,10.252738662464921,44.13725625816733
1664521685981,40.91343349528723,-73.13252982170337,10.412028052587292,44.13725625816733
1664521702979,40.91342267630584,-73.13255206856505,14.908254223562345,41.55937194824219
1664521714979,40.91342267630584,-73.13255206856505,14.908254223562345,41.68217849731445
1664521716982,40.91342267630584,-73.13255206856505,14.908254223562345,42.122066497802734
1664521723013,40.91342267630584,-73.13255206856505,14.908254223562345,43.107460021972656
1664521724978,40.91344884963854,-73.13253215487191,8.264016191317038,45.61402046587318
1664521726978,40.91344884963854,-73.13253215487191,8.357638480276254,45.61402046587318
1664521728978,40.91344884963854,-73.13253215487191,8.592407425923449,45.61402046587318
1664521730979,40.91344884963854,-73.13253215487191,8.831901883858135,45.61402046587318
1664521732978,40.91344884963854,-73.13253215487191,9.101171144858954,45.61402046587318
1664521734978,40.91344884963854,-73.13253215487191,9.344214994603101,45.61402046587318
1664521735979,40.91344884963854,-73.13253215487191,9.450455976479798,45.61402046587318
1664521737979,40.91344884963854,-73.13253215487191,8.602056109953196,45.61402046587318
1664521739978,40.91344884963854,-73.13253215487191,8.916678667268622,45.61402046587318
1664521741978,40.91344884963854,-73.13253215487191,9.370467636350542,45.61402046587318
1664521743978,40.91344884963854,-73.13253215487191,9.624696445829349,45.61402046587318
1664521745978,40.91344884963854,-73.13253215487191,9.914971319458642,45.61402046587318
1664521747980,40.91344884963854,-73.13253215487191,8.830547854012641,45.61402046587318
1664521749978,40.91344884963854,-73.13253215487191,9.125336379385354,45.61402046587318
1664521760978,40.91345114067408,-73.13253210862743,9.331225010312881,44.24674548767507
1664521762985,40.91345114067408,-73.13253210862743,9.573567880497874,44.24674548767507
1664521764978,40.91345114067408,-73.13253210862743,9.866295606209496,44.24674548767507
1664521766977,40.91345114067408,-73.13253210862743,10.128092324607605,44.24674548767507
1664521768978,40.91345114067408,-73.13253210862743,10.394499789376823,44.24674548767507
1664521770977,40.91345114067408,-73.13253210862743,10.851256239899742,44.24674548767507
1664521771979,40.91345114067408,-73.13253210862743,10.8314299942003,44.24674548767507
1664521773977,40.91345114067408,-73.13253210862743,9.705508806929878,44.24674548767507
1664521774978,40.91345114067408,-73.13253210862743,9.852606753602926,44.24674548767507
1664521775978,40.91345114067408,-73.13253210862743,9.864361376146102,44.24674548767507
1664521794978,40.91342267630584,-73.13255206856505,14.908254223562345,41.663639068603516
1664521806075,40.91342267630584,-73.13255206856505,14.908254223562345,41.74870300292969
1664521811977,40.913438527621004,-73.13252801486824,10.265404039958442,44.54663725476712
1664521812978,40.913438527621004,-73.13252801486824,10.39644912434357,44.54663725476712
1664521814977,40.913438527621004,-73.13252801486824,10.621966257157863,44.54663725476712
1664521816978,40.913438527621004,-73.13252801486824,10.754773072908684,44.54663725476712
1664521818979,40.913438527621004,-73.13252801486824,9.54520367707962,44.54663725476712
1664521820978,40.913438527621004,-73.13252801486824,9.806578655472817,44.54663725476712
1664521822977,40.913438527621004,-73.13252801486824,10.06008579783841,44.54663725476712
1664521823978,40.913438527621004,-73.13252801486824,10.212994453305235,44.54663725476712
1664521827978,40.913438527621004,-73.13252801486824,10.865201573390431,44.54663725476712
1664521829978,40.913438527621004,-73.13252801486824,11.100799637383513,44.54663725476712
1664521830979,40.913438527621004,-73.13252801486824,11.077623703090122,44.54663725476712
1664521832978,40.913438527621004,-73.13252801486824,9.866589858758871,44.54663725476712
1664521834978,40.913438527621004,-73.13252801486824,10.130141613286922,44.54663725476712
1664521836977,40.913438527621004,-73.13252801486824,10.414736311723068,44.54663725476712
1664521837977,40.913438527621004,-73.13252801486824,10.651384338381467,44.54663725476712
1664521843977,40.91343476576211,-73.13252549259029,9.857556871129956,44.15462091472
1664521844977,40.91343476576211,-73.13252549259029,9.97711549052398,44.15462091472
1664521846977,40.91343476576211,-73.13252549259029,10.219913929864283,44.15462091472
1664521848977,40.91343476576211,-73.13252549259029,10.451164204955045,44.15462091472
1664521850978,40.91343476576211,-73.13252549259029,10.69701160663935,44.15462091472
1664521852977,40.91343476576211,-73.13252549259029,10.945930654426592,44.15462091472
1664521854979,40.91343476576211,-73.13252549259029,11.097349375720606,44.15462091472
1664521856978,40.91343476576211,-73.13252549259029,9.875919582272394,44.15462091472
1664521858977,40.91343476576211,-73.13252549259029,10.344789570404819,44.15462091472
1664521860977,40.91343476576211,-73.13252549259029,10.5318136404154,44.15462091472
1664521862984,40.91343476576211,-73.13252549259029,10.779966268216617,44.15462091472
1664521864978,40.91343476576211,-73.13252549259029,11.010570674372424,44.15462091472
1664521866979,40.91343476576211,-73.13252549259029,11.113091500578298,44.15462091472
1664521868977,40.91343476576211,-73.13252549259029,9.904426465757357,44.15462091472
1664521869977,40.91343476576211,-73.13252549259029,10.047945066747422,44.15462091472
1664521871978,40.91343476576211,-73.13252549259029,10.310857628955514,44.15462091472
1664521873977,40.91343476576211,-73.13252549259029,10.697512348988225,44.15462091472
1664521875977,40.91343476576211,-73.13252549259029,10.946317792161116,44.15462091472
1664521877977,40.91343476576211,-73.13252549259029,11.159803678060005,44.15462091472
1664521879977,40.91343476576211,-73.13252549259029,9.811669576035621,44.15462091472
1664521880977,40.91343476576211,-73.13252549259029,9.935332039060595,44.15462091472
1664521883003,40.91343476576211,-73.13252549259029,10.203339650257035,44.15462091472
1664521884978,40.91343476576211,-73.13252549259029,10.447442948310549,44.15462091472
1664521886978,40.91343476576211,-73.13252549259029,10.698028452278214,44.15462091472
1664521888977,40.91343476576211,-73.13252549259029,11.13562587995193,44.15462091472
1664521890978,40.91343476576211,-73.13252549259029,11.192272631994424,44.15462091472
1664521892976,40.91343476576211,-73.13252549259029,9.933571226150185,44.15462091472
1664521893977,40.91343476576211,-73.13252549259029,10.065962419841703,44.15462091472
1664521894978,40.91343476576211,-73.13252549259029,10.19804952986481,44.15462091472
1664521896977,40.91343476576211,-73.13252549259029,10.464973890571514,44.15462091472
1664521898978,40.91343476576211,-73.13252549259029,10.752456249930065,44.15462091472
1664521900977,40.91343476576211,-73.13252549259029,11.150915034358183,44.15462091472
1664521901977,40.91343476576211,-73.13252549259029,11.258374553062561,44.15462091472
1664521902977,40.91343476576211,-73.13252549259029,9.729328061820208,44.15462091472
1664521907978,40.91343476576211,-73.13252549259029,10.371321862394215,44.15462091472
1664521908978,40.91343476576211,-73.13252549259029,10.489253106485346,44.15462091472
1664521910978,40.91343476576211,-73.13252549259029,10.737400449424667,44.15462091472
1664521912978,40.91343476576211,-73.13252549259029,11.052943156796584,44.15462091472
1664521914979,40.91343476576211,-73.13252549259029,9.61637651342995,44.15462091472
1664521916977,40.91343476576211,-73.13252549259029,9.880933557368312,44.15462091472
1664521918976,40.91343476576211,-73.13252549259029,10.168946382684265,44.15462091472
1664521921976,40.91343476576211,-73.13252549259029,10.709461690905938,44.15462091472
1664521923976,40.91343476576211,-73.13252549259029,10.946629058860019,44.15462091472
1664521924976,40.91343476576211,-73.13252549259029,11.038064888734494,44.15462091472
1664521925976,40.91343476576211,-73.13252549259029,11.124421161627964,44.15462091472
1664521926977,40.91343476576211,-73.13252549259029,9.656424813265652,44.15462091472
1664521928975,40.91343476576211,-73.13252549259029,9.920150138442855,44.15462091472
1664521930976,40.91343476576211,-73.13252549259029,10.190791173387192,44.15462091472
1664521932975,40.91343476576211,-73.13252549259029,10.467664971022105,44.15462091472
1664521939975,40.913433923931265,-73.13252487669455,9.820376525144827,44.0919017130509
1664521940976,40.913433923931265,-73.13252487669455,9.950835880467416,44.0919017130509
1664521942976,40.913433923931265,-73.13252487669455,10.187925944381497,44.0919017130509
1664521944975,40.913433923931265,-73.13252487669455,10.45391684508375,44.0919017130509
1664521946976,40.913433923931265,-73.13252487669455,10.700438414169088,44.0919017130509
1664521947976,40.913433923931265,-73.13252487669455,10.842873388221776,44.0919017130509
1664521949975,40.913433923931265,-73.13252487669455,11.091334326768333,44.0919017130509
1664521950977,40.913433923931265,-73.13252487669455,11.227269684225442,44.0919017130509
1664521952975,40.913433923931265,-73.13252487669455,10.02502221956742,44.0919017130509
1664521953975,40.913433923931265,-73.13252487669455,9.974117532356981,44.0919017130509
1664521959975,40.91343391725048,-73.13252487577533,10.865019300954753,44.20189010724425
1664521961976,40.91343391725048,-73.13252487577533,11.111907793424507,44.20189010724425
1664521962981,40.91343391725048,-73.13252487577533,9.637415691265877,44.20189010724425
1664521964975,40.91343391725048,-73.13252487577533,9.87570866062562,44.20189010724425
1664521967975,40.91343391725048,-73.13252487577533,10.393533669808502,44.20189010724425
1664521968975,40.91343391725048,-73.13252487577533,10.549584971366702,44.20189010724425
1664521970977,40.91343391725048,-73.13252487577533,10.767593041363298,44.20189010724425
1664521972977,40.91343391725048,-73.13252487577533,10.989659823908989,44.20189010724425
1664521973977,40.91343391725048,-73.13252487577533,11.122474017748852,44.20189010724425
1664521974977,40.91343391725048,-73.13252487577533,9.647454582151646,44.20189010724425
1664521976976,40.91343391725048,-73.13252487577533,9.901804107003315,44.20189010724425
1664521977977,40.91343391725048,-73.13252487577533,10.013278197682792,44.20189010724425
1664521979975,40.91343391725048,-73.13252487577533,10.29106503243126,44.20189010724425
1664521981977,40.91343391725048,-73.13252487577533,10.529845909259503,44.20189010724425
1664521984977,40.91343391725048,-73.13252487577533,11.103791172024657,44.20189010724425
1664521985977,40.91343391725048,-73.13252487577533,11.200878485795618,44.20189010724425
1664521987978,40.91343391725048,-73.13252487577533,9.829583715945416,44.20189010724425
1664521989976,40.91343391725048,-73.13252487577533,10.091325593687394,44.20189010724425
1664521990977,40.91343391725048,-73.13252487577533,10.201411426437708,44.20189010724425
1664521992976,40.91343391725048,-73.13252487577533,10.447508676955893,44.20189010724425
1664521994977,40.91343391725048,-73.13252487577533,10.685541359190948,44.20189010724425
1664521996977,40.91343391725048,-73.13252487577533,10.976793395265998,44.20189010724425
1664521998979,40.91343391725048,-73.13252487577533,9.610967608364037,44.20189010724425
1664522000977,40.91343391725048,-73.13252487577533,9.885405605575508,44.20189010724425
1664522015977,40.91343356923035,-73.13253000462029,10.28972335695892,44.39050743728876
1664522016977,40.91343356923035,-73.13253000462029,10.416786716145168,44.39050743728876
1664522018976,40.91343356923035,-73.13253000462029,10.664485135221815,44.39050743728876
1664522020977,40.91343356923035,-73.13253000462029,10.915789415926096,44.39050743728876
1664522022978,40.91343356923035,-73.13253000462029,9.5928037593445,44.39050743728876
1664522024976,40.91343356923035,-73.13253000462029,10.005947754142786,44.39050743728876
1664522025976,40.91343356923035,-73.13253000462029,9.966952102054972,44.39050743728876
1664522032976,40.91343320359193,-73.13252518184835,10.953889100284528,44.28145619947463
1664522034978,40.91343320359193,-73.13252518184835,9.602946322311851,44.28145619947463
1664522036976,40.91343320359193,-73.13252518184835,9.875143243636602,44.28145619947463
1664522037977,40.91343320359193,-73.13252518184835,10.0042009897632,44.28145619947463
1664522039976,40.91343320359193,-73.13252518184835,10.253709007996449,44.28145619947463
1664522041977,40.91343320359193,-73.13252518184835,10.531333729996817,44.28145619947463
1664522043976,40.91343320359193,-73.13252518184835,10.768536685757716,44.28145619947463
1664522045975,40.91343320359193,-73.13252518184835,11.038545166390538,44.28145619947463
1664522046977,40.91343320359193,-73.13252518184835,9.675953568489483,44.28145619947463
1664522048974,40.91343320359193,-73.13252518184835,9.949010696555039,44.28145619947463
1664522049976,40.91343320359193,-73.13252518184835,10.07735674799326,44.28145619947463
1664522051976,40.91343320359193,-73.13252518184835,10.326726260623628,44.28145619947463
1664522053978,40.91343320359193,-73.13252518184835,10.54600912341023,44.28145619947463
1664522054979,40.91343320359193,-73.13252518184835,10.694700328744855,44.28145619947463
1664522055981,40.91343320359193,-73.13252518184835,10.815318604975069,44.28145619947463
1664522056982,40.91343320359193,-73.13252518184835,10.998075129884734,44.28145619947463
1664522065992,40.91343330199717,-73.13252786191707,10.637594697193435,44.33383225928992
1664522066993,40.91343330199717,-73.13252786191707,10.748402552844917,44.33383225928992
1664522067994,40.91343330199717,-73.13252786191707,10.887859289958142,44.33383225928992
1664522068995,40.91343330199717,-73.13252786191707,11.002765304698565,44.33383225928992
1664522070994,40.91343330199717,-73.13252786191707,10.999480241730401,44.33383225928992
1664522080001,40.913432458376555,-73.13252380308234,10.775626165041748,44.175057479180396
1664522081999,40.913432458376555,-73.13252380308234,11.042246201330963,44.175057479180396
1664522083026,40.913432458376555,-73.13252380308234,9.593035026018134,44.175057479180396
1664522085000,40.913432458376555,-73.13252380308234,9.860081699400887,44.175057479180396
1664522086000,40.913432458376555,-73.13252380308234,10.194989261425508,44.175057479180396
1664522087001,40.913432458376555,-73.13252380308234,10.268078531446132,44.175057479180396
1664522089001,40.913432458376555,-73.13252380308234,10.484220463158035,44.175057479180396
1664522091001,40.913432458376555,-73.13252380308234,10.755300192147343,44.175057479180396
1664522093002,40.913432458376555,-73.13252380308234,10.971578892486809,44.175057479180396
1664522095004,40.913432458376555,-73.13252380308234,9.617428991258393,44.175057479180396
1664522096005,40.913432458376555,-73.13252380308234,9.753833564221178,44.175057479180396
1664522098002,40.913432458376555,-73.13252380308234,10.000593875518469,44.175057479180396
1664522099002,40.913432458376555,-73.13252380308234,10.134228878726303,44.175057479180396
1664522101002,40.913432458376555,-73.13252380308234,10.434477551351604,44.175057479180396
1664522105003,40.913432458376555,-73.13252380308234,11.021282604418564,44.175057479180396
1664522107004,40.913432458376555,-73.13252380308234,9.651414074743718,44.175057479180396
1664522109002,40.913432458376555,-73.13252380308234,9.930547102428385,44.175057479180396
1664522111002,40.913432458376555,-73.13252380308234,10.19217948458158,44.175057479180396
1664522127107,40.91342267630584,-73.13255206856505,14.908254223562345,44.170597076416016
1664522130002,40.91342267630584,-73.13255206856505,14.908254223562345,41.58894729614258
1664522141580,40.91342267630584,-73.13255206856505,14.908254223562345,44.28811264038086
1664522154002,40.91342267630584,-73.13255206856505,14.908254223562345,41.82518768310547
1664522166002,40.91342267630584,-73.13255206856505,14.908254223562345,41.93846130371094
1664522178002,40.91342267630584,-73.13255206856505,14.908254223562345,42.05109786987305
1664522190002,40.91342267630584,-73.13255206856505,14.908254223562345,42.161861419677734
1664522202002,40.91342267630584,-73.13255206856505,14.908254223562345,42.2653694152832
1664522214002,40.91342267630584,-73.13255206856505,14.908254223562345,42.364009857177734
1664522226002,40.91342267630584,-73.13255206856505,14.908254223562345,42.465877532958984
1664522238001,40.91342267630584,-73.13255206856505,14.908254223562345,42.56275177001953
1664522250002,40.91342267630584,-73.13255206856505,14.908254223562345,42.6580696105957
1664522256035,40.91342267630584,-73.13255206856505,14.908254223562345,42.735313415527344
1664522268001,40.91342267630584,-73.13255206856505,14.908254223562345,43.02467346191406
1664522280001,40.91342267630584,-73.13255206856505,14.908254223562345,43.120208740234375
1664522292001,40.91342267630584,-73.13255206856505,14.908254223562345,43.20315933227539
1664522304000,40.91342267630584,-73.13255206856505,14.908254223562345,43.28221130371094
1664522316001,40.91342267630584,-73.13255206856505,14.908254223562345,43.35923767089844
1664522328000,40.91342267630584,-73.13255206856505,14.908254223562345,43.43367004394531
1664522339999,40.91342267630584,-73.13255206856505,14.908254223562345,43.50533676147461
1664522352000,40.91342267630584,-73.13255206856505,14.908254223562345,43.57575607299805
1664522364000,40.91342267630584,-73.13255206856505,14.908254223562345,43.646514892578125
1664522375999,40.91342267630584,-73.13255206856505,14.908254223562345,43.71561050415039
1664522387998,40.91342267630584,-73.13255206856505,14.908254223562345,43.781673431396484
1664522394011,40.91342267630584,-73.13255206856505,14.908254223562345,43.835811614990234
1664522405999,40.91342267630584,-73.13255206856505,14.908254223562345,44.03532791137695
1664522417999,40.91342267630584,-73.13255206856505,14.908254223562345,44.1071891784668
1664522429999,40.91342267630584,-73.13255206856505,14.908254223562345,44.16317367553711
1664522441998,40.91342267630584,-73.13255206856505,14.908254223562345,44.22035217285156
1664522453998,40.91342267630584,-73.13255206856505,14.908254223562345,44.27911376953125
1664522465998,40.91342267630584,-73.13255206856505,14.908254223562345,44.33857345581055
1664522477998,40.91342267630584,-73.13255206856505,14.908254223562345,44.39756774902344
1664522489999,40.91342267630584,-73.13255206856505,14.908254223562345,44.45359802246094
1664522501998,40.91342267630584,-73.13255206856505,14.908254223562345,44.51024627685547
1664522513997,40.91342267630584,-73.13255206856505,14.908254223562345,44.566532135009766
1664522525996,40.91342267630584,-73.13255206856505,14.908254223562345,44.62265396118164
1664522537997,40.91342267630584,-73.13255206856505,14.908254223562345,44.677284240722656
1664522549997,40.91342267630584,-73.13255206856505,14.908254223562345,44.73189926147461
1664522561996,40.91342267630584,-73.13255206856505,14.908254223562345,44.786155700683594
1664522573997,40.91342267630584,-73.13255206856505,14.908254223562345,44.839839935302734
1664522585997,40.91342267630584,-73.13255206856505,14.908254223562345,44.89219665527344
1664522597996,40.91342267630584,-73.13255206856505,14.908254223562345,44.94379806518555
1664522609997,40.91342267630584,-73.13255206856505,14.908254223562345,44.99365234375
1664522621996,40.91342267630584,-73.13255206856505,14.908254223562345,45.04319381713867
1664522633996,40.91342267630584,-73.13255206856505,14.908254223562345,45.0941276550293
1664522640025,40.91342267630584,-73.13255206856505,14.908254223562345,45.13539505004883
1664522646061,40.91342267630584,-73.13255206856505,14.908254223562345,45.285057067871094
1664522657996,40.91342267630584,-73.13255206856505,14.908254223562345,45.6270866394043
1664522669996,40.91342267630584,-73.13255206856505,14.908254223562345,45.680240631103516
1664522681996,40.91342267630584,-73.13255206856505,14.908254223562345,45.72343444824219
1664522693994,40.91342267630584,-73.13255206856505,14.908254223562345,45.765586853027344
1664522705995,40.91342267630584,-73.13255206856505,14.908254223562345,45.80766296386719
1664522717994,40.91342267630584,-73.13255206856505,14.908254223562345,45.84911346435547
1664522729995,40.91342267630584,-73.13255206856505,14.908254223562345,45.888916015625
1664522741994,40.91342267630584,-73.13255206856505,14.908254223562345,45.92833709716797
1664522753993,40.91342267630584,-73.13255206856505,14.908254223562345,45.96713638305664
1664522760055,40.91342267630584,-73.13255206856505,14.908254223562345,45.99888610839844
1664522771997,40.91342267630584,-73.13255206856505,14.908254223562345,46.121273040771484
1664522783994,40.91342267630584,-73.13255206856505,14.908254223562345,46.16336441040039
1664522795993,40.91342267630584,-73.13255206856505,14.908254223562345,46.20065689086914
1664522807993,40.91342267630584,-73.13255206856505,14.908254223562345,46.23659896850586
1664522819997,40.91342267630584,-73.13255206856505,14.908254223562345,46.2721061706543
1664522831994,40.91342267630584,-73.13255206856505,14.908254223562345,46.30842971801758
1664522843994,40.91342267630584,-73.13255206856505,14.908254223562345,46.341529846191406
1664522855993,40.91342267630584,-73.13255206856505,14.908254223562345,46.37538528442383
1664522867993,40.91342267630584,-73.13255206856505,14.908254223562345,46.409725189208984
1664522879993,40.91342267630584,-73.13255206856505,14.908254223562345,46.44108963012695
1664522891992,40.91342267630584,-73.13255206856505,14.908254223562345,46.47506332397461
1664522903991,40.91342267630584,-73.13255206856505,14.908254223562345,46.507198333740234
1664522915991,40.91342267630584,-73.13255206856505,14.908254223562345,46.53982162475586
1664522927991,40.91342267630584,-73.13255206856505,14.908254223562345,46.57002258300781
1664522939992,40.91342267630584,-73.13255206856505,14.908254223562345,46.59965896606445
1664522951990,40.91342267630584,-73.13255206856505,14.908254223562345,46.631141662597656
1664522963991,40.91342267630584,-73.13255206856505,14.908254223562345,46.6619758605957
1664522975991,40.91342267630584,-73.13255206856505,14.908254223562345,46.6929931640625
1664522987992,40.91342267630584,-73.13255206856505,14.908254223562345,46.72310256958008
1664522999991,40.91342267630584,-73.13255206856505,14.908254223562345,46.75041580200195
1664523011991,40.91342267630584,-73.13255206856505,14.908254223562345,46.77904510498047
1664523023990,40.91342267630584,-73.13255206856505,14.908254223562345,46.806556701660156
1664523030089,40.91342267630584,-73.13255206856505,14.908254223562345,46.82868957519531
1664523041990,40.91342267630584,-73.13255206856505,14.908254223562345,46.90345764160156
1664523053990,40.91342267630584,-73.13255206856505,14.908254223562345,46.93449020385742
1664523065990,40.91342267630584,-73.13255206856505,14.908254223562345,46.96255874633789
1664523077990,40.91342267630584,-73.13255206856505,14.908254223562345,46.989952087402344
1664523089989,40.91342267630584,-73.13255206856505,14.908254223562345,47.016719818115234
1664523101989,40.91342267630584,-73.13255206856505,14.908254223562345,47.0435791015625
1664523113989,40.91342267630584,-73.13255206856505,14.908254223562345,47.070068359375
1664523125988,40.91342267630584,-73.13255206856505,14.908254223562345,47.09587478637695
1664523137989,40.91342267630584,-73.13255206856505,14.908254223562345,47.12145233154297
1664523149978,40.91342267630584,-73.13255206856505,14.908254223562345,47.137451171875
1664523161966,40.91342267630584,-73.13255206856505,14.908254223562345,47.16095733642578
1664523173960,40.91342267630584,-73.13255206856505,14.908254223562345,47.185672760009766
1664523185959,40.91342267630584,-73.13255206856505,14.908254223562345,47.21042251586914
1664523192059,40.91342267630584,-73.13255206856505,14.908254223562345,47.230865478515625
1664523203956,40.91342267630584,-73.13255206856505,14.908254223562345,47.30768585205078
1664523215956,40.91342267630584,-73.13255206856505,14.908254223562345,47.33396530151367
1664523227955,40.91342267630584,-73.13255206856505,14.908254223562345,47.3570556640625
1664523239955,40.91342267630584,-73.13255206856505,14.908254223562345,47.379459381103516
1664523251955,40.91342267630584,-73.13255206856505,14.908254223562345,47.401588439941406
1664523263953,40.91342267630584,-73.13255206856505,14.908254223562345,47.423274993896484
1664523275953,40.91342267630584,-73.13255206856505,14.908254223562345,47.44260787963867
1664523287952,40.91342267630584,-73.13255206856505,14.908254223562345,47.46381759643555
1664523294196,40.91342267630584,-73.13255206856505,14.908254223562345,47.48136520385742
1664523305951,40.91342267630584,-73.13255206856505,14.908254223562345,47.54613494873047
1664523317951,40.91342267630584,-73.13255206856505,14.908254223562345,47.56834030151367
1664523329952,40.91342267630584,-73.13255206856505,14.908254223562345,47.58820724487305
1664523341950,40.91342267630584,-73.13255206856505,14.908254223562345,47.60042190551758
1664523353950,40.91342267630584,-73.13255206856505,14.908254223562345,47.618934631347656
1664523365514,40.91342267630584,-73.13255206856505,14.908254223562345,50.223915100097656
1664523377949,40.91342267630584,-73.13255206856505,14.908254223562345,47.63454055786133
1664523389947,40.91342267630584,-73.13255206856505,14.908254223562345,47.653255462646484
1664523401949,40.91342267630584,-73.13255206856505,14.908254223562345,47.672611236572266
1664523413331,40.91342267630584,-73.13255206856505,14.908254223562345,50.27737045288086
1664523414348,40.91342267630584,-73.13255206856505,14.908254223562345,47.673587799072266
1664523424104,40.91342267630584,-73.13255206856505,14.908254223562345,50.26298141479492
1664523425948,40.91342267630584,-73.13255206856505,14.908254223562345,47.65580368041992
1664523435569,40.91342267630584,-73.13255206856505,14.908254223562345,50.25511169433594
1664523437946,40.91342267630584,-73.13255206856505,14.908254223562345,47.648990631103516
1664523449947,40.91342267630584,-73.13255206856505,14.908254223562345,47.66691970825195
1664523461944,40.91342267630584,-73.13255206856505,14.908254223562345,47.68539047241211
1664523473944,40.91342267630584,-73.13255206856505,14.908254223562345,47.704097747802734
1664523485943,40.91342267630584,-73.13255206856505,14.908254223562345,47.721595764160156
1664523497944,40.91342267630584,-73.13255206856505,14.908254223562345,47.73971939086914
1664523509943,40.91342267630584,-73.13255206856505,14.908254223562345,47.75567626953125
1664523521944,40.91342267630584,-73.13255206856505,14.908254223562345,47.772010803222656
1664523528049,40.91342267630584,-73.13255206856505,14.908254223562345,47.785560607910156
1664523540359,40.91342267630584,-73.13255206856505,14.908254223562345,47.83661651611328
1664523541529,40.91342267630584,-73.13255206856505,14.908254223562345,47.85297775268555
1664523551942,40.91342267630584,-73.13255206856505,14.908254223562345,47.8558349609375
1664523563942,40.91342267630584,-73.13255206856505,14.908254223562345,47.86873245239258
1664523570941,40.91342179541141,-73.13252486213052,10.238321765273408,49.29870833456516
1664523571941,40.91342179541141,-73.13252486213052,10.313546245476976,49.29870833456516
1664523573941,40.91342179541141,-73.13252486213052,10.56608798235116,49.29870833456516
1664523575942,40.91342179541141,-73.13252486213052,10.818682515241086,49.29870833456516
1664523576942,40.91342179541141,-73.13252486213052,9.452934637241615,49.29870833456516
1664523578941,40.91342179541141,-73.13252486213052,9.916380033954974,49.29870833456516
1664523579942,40.91342179541141,-73.13252486213052,9.84355859655483,49.29870833456516
1664523582967,40.91342179541141,-73.13252486213052,10.406330542520303,49.29870833456516
1664523584941,40.91342179541141,-73.13252486213052,10.597511267310404,49.29870833456516
1664523586941,40.91342179541141,-73.13252486213052,10.871237896561642,49.29870833456516
1664523587941,40.91342179541141,-73.13252486213052,11.003788776092323,49.29870833456516
1664523588941,40.91342179541141,-73.13252486213052,11.00037389435181,49.29870833456516
1664523590940,40.91342179541141,-73.13252486213052,9.795946172350595,49.29870833456516
1664523591941,40.91342179541141,-73.13252486213052,9.917647184847318,49.29870833456516
1664523592941,40.91342179541141,-73.13252486213052,10.06278230412369,49.29870833456516
1664523594941,40.91342179541141,-73.13252486213052,10.32157059071886,49.29870833456516
1664523596940,40.91342179541141,-73.13252486213052,10.57254374995147,49.29870833456516
1664523597940,40.91342179541141,-73.13252486213052,10.711645094912623,49.29870833456516
1664523599940,40.91342179541141,-73.13252486213052,11.126345477656642,49.29870833456516
1664523600942,40.91342179541141,-73.13252486213052,11.092420632348134,49.29870833456516
1664523602940,40.91342179541141,-73.13252486213052,9.9220512448684,49.29870833456516
1664523604940,40.91342179541141,-73.13252486213052,10.13759327157629,49.29870833456516
1664523606938,40.91342179541141,-73.13252486213052,10.416341449609055,49.29870833456516
1664523607940,40.91342179541141,-73.13252486213052,10.55168294978117,49.29870833456516
1664523608940,40.91342179541141,-73.13252486213052,10.663289148851948,49.29870833456516
1664523609940,40.91342179541141,-73.13252486213052,10.773139752239468,49.29870833456516
1664523611940,40.91342179541141,-73.13252486213052,11.018993976524321,49.29870833456516
1664523612941,40.91342179541141,-73.13252486213052,9.587343364709591,49.29870833456516
1664523614940,40.91342179541141,-73.13252486213052,10.006197577292081,49.29870833456516
1664523615940,40.91342179541141,-73.13252486213052,9.97843884197179,49.29870833456516
1664523617940,40.91342179541141,-73.13252486213052,10.424895221657946,49.29870833456516
1664523619940,40.91342179541141,-73.13252486213052,10.635506701873942,49.29870833456516
1664523621939,40.91342179541141,-73.13252486213052,10.839678811822875,49.29870833456516
1664523622940,40.91342179541141,-73.13252486213052,10.95561058857753,49.29870833456516
1664523624941,40.91342179541141,-73.13252486213052,11.100247076745266,49.29870833456516
1664523626940,40.91342179541141,-73.13252486213052,10.053815166617593,49.29870833456516
1664523628939,40.91342179541141,-73.13252486213052,10.321740312031944,49.29870833456516
1664523630939,40.91342179541141,-73.13252486213052,10.532772737473225,49.29870833456516
1664523632940,40.91342179541141,-73.13252486213052,10.807411430732518,49.29870833456516
1664523634939,40.91342179541141,-73.13252486213052,11.026208230260927,49.29870833456516
1664523635940,40.91342179541141,-73.13252486213052,11.112445107631265,49.29870833456516
1664523637939,40.91342179541141,-73.13252486213052,11.271919492963885,49.29870833456516
1664523639940,40.91342179541141,-73.13252486213052,11.488382893184255,49.29870833456516
1664523641939,40.91342179541141,-73.13252486213052,11.716452141069777,49.29870833456516
1664523642939,40.91342179541141,-73.13252486213052,11.835403652765017,49.29870833456516
1664523644939,40.91342179541141,-73.13252486213052,12.048386269056891,49.29870833456516
1664523646939,40.91342179541141,-73.13252486213052,12.403961932040026,49.29870833456516
1664523648940,40.91342179541141,-73.13252486213052,12.629815246316353,49.29870833456516
1664523650938,40.91342179541141,-73.13252486213052,10.771164751949406,49.29870833456516
1664523651939,40.91342179541141,-73.13252486213052,10.898331793951852,49.29870833456516
1664523653937,40.91342179541141,-73.13252486213052,11.124455637516004,49.29870833456516
1664523654938,40.91342179541141,-73.13252486213052,11.242420046437278,49.29870833456516
1664523656937,40.91342179541141,-73.13252486213052,11.503943846315993,49.29870833456516
1664523658937,40.91342179541141,-73.13252486213052,11.736923646497504,49.29870833456516
1664523660939,40.91342179541141,-73.13252486213052,11.83352756587811,49.29870833456516
1664523662936,40.91342179541141,-73.13252486213052,10.339352664057952,49.29870833456516
1664523663939,40.91342179541141,-73.13252486213052,10.473068530200232,49.29870833456516
1664523665937,40.91342179541141,-73.13252486213052,10.864555691719055,49.29870833456516
1664523667937,40.91342179541141,-73.13252486213052,11.058061266398532,49.29870833456516
1664523669938,40.91342179541141,-73.13252486213052,11.28220444077862,49.29870833456516
1664523671936,40.91342179541141,-73.13252486213052,11.507039083540347,49.29870833456516
1664523672938,40.91342179541141,-73.13252486213052,11.507354989363023,49.29870833456516
1664523674936,40.91342179541141,-73.13252486213052,10.166151848416453,49.29870833456516
1664523675937,40.91342179541141,-73.13252486213052,10.279796950587048,49.29870833456516
1664523677937,40.91342179541141,-73.13252486213052,10.5105863667658,49.29870833456516
1664523683937,40.91343324302879,-73.13252634460906,11.406464519362986,44.14639192819595
1664523684938,40.91343324302879,-73.13252634460906,11.388305565454111,44.14639192819595
1664523686937,40.91343324302879,-73.13252634460906,10.099086245371545,44.14639192819595
1664523688937,40.91343324302879,-73.13252634460906,10.231178133018103,44.14639192819595
1664523707936,40.91342267630584,-73.13255206856505,14.908254223562345,41.570167541503906
1664523719011,40.91342267630584,-73.13255206856505,14.908254223562345,41.696353912353516
1664523730935,40.91342267630584,-73.13255206856505,14.908254223562345,41.80113983154297
1664523742936,40.91342267630584,-73.13255206856505,14.908254223562345,41.913875579833984
1664523754935,40.91342267630584,-73.13255206856505,14.908254223562345,42.028221130371094
1664523766932,40.91342267630584,-73.13255206856505,14.908254223562345,42.14497756958008
1664523778934,40.91342267630584,-73.13255206856505,14.908254223562345,42.25567626953125
1664523790934,40.91342267630584,-73.13255206856505,14.908254223562345,42.36649703979492
1664523796984,40.91342267630584,-73.13255206856505,14.908254223562345,42.454036712646484
1664523808934,40.91342267630584,-73.13255206856505,14.908254223562345,42.76911163330078
1664523820932,40.91342267630584,-73.13255206856505,14.908254223562345,42.877986907958984
1664523832932,40.91342267630584,-73.13255206856505,14.908254223562345,42.971805572509766
1664523844932,40.91342267630584,-73.13255206856505,14.908254223562345,43.06086349487305
1664523851036,40.91342267630584,-73.13255206856505,14.908254223562345,43.132049560546875
1664523862926,40.91342267630584,-73.13255206856505,14.908254223562345,43.39875411987305
1664523874930,40.91342267630584,-73.13255206856505,14.908254223562345,43.48823928833008
1664523886929,40.91342267630584,-73.13255206856505,14.908254223562345,43.55648422241211
1664523898929,40.91342267630584,-73.13255206856505,14.908254223562345,43.623023986816406
1664523910928,40.91342267630584,-73.13255206856505,14.908254223562345,43.694515228271484
1664523922928,40.91342267630584,-73.13255206856505,14.908254223562345,43.76273727416992
1664523934928,40.91342267630584,-73.13255206856505,14.908254223562345,43.8243293762207
1664523946927,40.91342267630584,-73.13255206856505,14.908254223562345,43.885772705078125
1664523958925,40.91342267630584,-73.13255206856505,14.908254223562345,43.95183181762695
1664523970926,40.91342267630584,-73.13255206856505,14.908254223562345,44.012062072753906
1664523982949,40.91342267630584,-73.13255206856505,14.908254223562345,44.07497787475586
1664523994926,40.91342267630584,-73.13255206856505,14.908254223562345,44.13627243041992
1664524006926,40.91342267630584,-73.13255206856505,14.908254223562345,44.197017669677734
1664524012973,40.91342267630584,-73.13255206856505,14.908254223562345,44.2459831237793
1664524024924,40.91342267630584,-73.13255206856505,14.908254223562345,44.43532943725586
1664524036925,40.91342267630584,-73.13255206856505,14.908254223562345,44.497955322265625
1664524048923,40.91342267630584,-73.13255206856505,14.908254223562345,44.547569274902344
1664524060924,40.91342267630584,-73.13255206856505,14.908254223562345,44.601280212402344
1664524067231,40.91342267630584,-73.13255206856505,14.908254223562345,44.64599609375
1664524078922,40.91342267630584,-73.13255206856505,14.908254223562345,44.820072174072266
1664524084975,40.91342267630584,-73.13255206856505,14.908254223562345,44.87187194824219
1664524096922,40.91342267630584,-73.13255206856505,14.908254223562345,45.05538558959961
1664524108922,40.91342267630584,-73.13255206856505,14.908254223562345,45.10860824584961
1664524120921,40.91342267630584,-73.13255206856505,14.908254223562345,45.118839263916016
1664524132920,40.91342267630584,-73.13255206856505,14.908254223562345,45.14518737792969
1664524144920,40.91342267630584,-73.13255206856505,14.908254223562345,45.18943786621094
1664524156919,40.91342267630584,-73.13255206856505,14.908254223562345,45.23356246948242
1664524168919,40.91342267630584,-73.13255206856505,14.908254223562345,45.280025482177734
1664524180919,40.91342267630584,-73.13255206856505,14.908254223562345,45.325809478759766
1664524192919,40.91342267630584,-73.13255206856505,14.908254223562345,45.37274169921875
1664524204918,40.91342267630584,-73.13255206856505,14.908254223562345,45.418968200683594
1664524216919,40.91342267630584,-73.13255206856505,14.908254223562345,45.46363830566406
1664524228917,40.91342267630584,-73.13255206856505,14.908254223562345,45.50899124145508
1664524240916,40.91342267630584,-73.13255206856505,14.908254223562345,45.55345153808594
1664524252916,40.91342267630584,-73.13255206856505,14.908254223562345,45.59786605834961
1664524264916,40.91342267630584,-73.13255206856505,14.908254223562345,45.6411247253418
1664524276915,40.91342267630584,-73.13255206856505,14.908254223562345,45.6838264465332
1664524288915,40.91342267630584,-73.13255206856505,14.908254223562345,45.72307586669922
1664524300914,40.91342267630584,-73.13255206856505,14.908254223562345,45.764549255371094
1664524312913,40.91342267630584,-73.13255206856505,14.908254223562345,45.80539321899414
1664524324914,40.91342267630584,-73.13255206856505,14.908254223562345,45.84636688232422
1664524336913,40.91342267630584,-73.13255206856505,14.908254223562345,45.88601303100586
1664524348913,40.91342267630584,-73.13255206856505,14.908254223562345,45.92170715332031
1664524360912,40.91342267630584,-73.13255206856505,14.908254223562345,45.96274948120117
1664524372912,40.91342267630584,-73.13255206856505,14.908254223562345,46.00205612182617
1664524384911,40.91342267630584,-73.13255206856505,14.908254223562345,46.009952545166016
1664524396911,40.91342267630584,-73.13255206856505,14.908254223562345,46.03476333618164
1664524408910,40.91342267630584,-73.13255206856505,14.908254223562345,46.06966018676758
1664524420911,40.91342267630584,-73.13255206856505,14.908254223562345,46.1064567565918
1664524432909,40.91342267630584,-73.13255206856505,14.908254223562345,46.143768310546875
1664524444909,40.91342267630584,-73.13255206856505,14.908254223562345,46.180641174316406
1664524456909,40.91342267630584,-73.13255206856505,14.908254223562345,46.21723556518555
1664524468908,40.91342267630584,-73.13255206856505,14.908254223562345,46.251461029052734
1664524480907,40.91342267630584,-73.13255206856505,14.908254223562345,46.286746978759766
1664524492907,40.91342267630584,-73.13255206856505,14.908254223562345,46.32207107543945
1664524504907,40.91342267630584,-73.13255206856505,14.908254223562345,46.35637664794922
1664524516907,40.91342267630584,-73.13255206856505,14.908254223562345,46.39081573486328
1664524528905,40.91342267630584,-73.13255206856505,14.908254223562345,46.4227294921875
1664524540906,40.91342267630584,-73.13255206856505,14.908254223562345,46.456478118896484
1664524552905,40.91342267630584,-73.13255206856505,14.908254223562345,46.48919677734375
1664524564905,40.91342267630584,-73.13255206856505,14.908254223562345,46.52185821533203
1664524576904,40.91342267630584,-73.13255206856505,14.908254223562345,46.55425262451172
1664524588905,40.91342267630584,-73.13255206856505,14.908254223562345,46.58460235595703
1664524600904,40.91342267630584,-73.13255206856505,14.908254223562345,46.61422348022461
1664524612904,40.91342267630584,-73.13255206856505,14.908254223562345,46.642459869384766
1664524624904,40.91342267630584,-73.13255206856505,14.908254223562345,46.6712760925293
1664524636902,40.91342267630584,-73.13255206856505,14.908254223562345,46.70188522338867
1664524648901,40.91342267630584,-73.13255206856505,14.908254223562345,46.730674743652344
1664524660901,40.91342267630584,-73.13255206856505,14.908254223562345,46.75126266479492
1664524672901,40.91342267630584,-73.13255206856505,14.908254223562345,46.77854919433594
1664524684901,40.91342267630584,-73.13255206856505,14.908254223562345,46.80464172363281
1664524696902,40.91342267630584,-73.13255206856505,14.908254223562345,46.83278274536133
1664524708899,40.91342267630584,-73.13255206856505,14.908254223562345,46.86150360107422
1664524720899,40.91342267630584,-73.13255206856505,14.908254223562345,46.888614654541016
1664524732899,40.91342267630584,-73.13255206856505,14.908254223562345,46.91364288330078
1664524744898,40.91342267630584,-73.13255206856505,14.908254223562345,46.94130325317383
1664524756898,40.91342267630584,-73.13255206856505,14.908254223562345,46.966827392578125
1664524768898,40.91342267630584,-73.13255206856505,14.908254223562345,46.99120330810547
1664524780897,40.91342267630584,-73.13255206856505,14.908254223562345,47.01774978637695
1664524792896,40.91342267630584,-73.13255206856505,14.908254223562345,47.0440788269043
1664524804896,40.91342267630584,-73.13255206856505,14.908254223562345,47.07025909423828
1664524810999,40.91342267630584,-73.13255206856505,14.908254223562345,47.091800689697266
1664524822892,40.91342267630584,-73.13255206856505,14.908254223562345,47.173614501953125
1664524834894,40.91342267630584,-73.13255206856505,14.908254223562345,47.2013053894043
1664524846893,40.91342267630584,-73.13255206856505,14.908254223562345,47.22534942626953
1664524858894,40.91342267630584,-73.13255206856505,14.908254223562345,47.24773406982422
1664524870894,40.91342267630584,-73.13255206856505,14.908254223562345,47.27104949951172
1664524882918,40.91342267630584,-73.13255206856505,14.908254223562345,47.29425811767578
1664524894892,40.91342267630584,-73.13255206856505,14.908254223562345,47.3160400390625
1664524906891,40.91342267630584,-73.13255206856505,14.908254223562345,47.338035583496094
1664524918889,40.91342267630584,-73.13255206856505,14.908254223562345,47.36014938354492
1664524930891,40.91342267630584,-73.13255206856505,14.908254223562345,47.38084411621094
1664524942891,40.91342267630584,-73.13255206856505,14.908254223562345,47.4030876159668
1664524948919,40.91342267630584,-73.13255206856505,14.908254223562345,47.421226501464844
1664524960890,40.91342267630584,-73.13255206856505,14.908254223562345,47.49040603637695
1664524972890,40.91342267630584,-73.13255206856505,14.908254223562345,47.51118850708008
1664524984889,40.91342267630584,-73.13255206856505,14.908254223562345,47.53193283081055
1664524996888,40.91342267630584,-73.13255206856505,14.908254223562345,47.5494270324707
1664525008889,40.91342267630584,-73.13255206856505,14.908254223562345,47.56950759887695
1664525020887,40.91342267630584,-73.13255206856505,14.908254223562345,47.58829116821289
1664525032887,40.91342267630584,-73.13255206856505,14.908254223562345,47.60651397705078
1664525038952,40.91342267630584,-73.13255206856505,14.908254223562345,47.62129592895508
1664525050887,40.91342267630584,-73.13255206856505,14.908254223562345,47.677085876464844
1664525062892,40.91342267630584,-73.13255206856505,14.908254223562345,47.69060516357422
1664525074886,40.91342267630584,-73.13255206856505,14.908254223562345,47.70642852783203
1664525086885,40.91342267630584,-73.13255206856505,14.908254223562345,47.72348403930664
1664525098885,40.91342267630584,-73.13255206856505,14.908254223562345,47.740379333496094
1664525110882,40.91342267630584,-73.13255206856505,14.908254223562345,47.75799560546875
1664525122884,40.91342267630584,-73.13255206856505,14.908254223562345,47.77578353881836
1664525134884,40.91342267630584,-73.13255206856505,14.908254223562345,47.79351043701172
1664525146883,40.91342267630584,-73.13255206856505,14.908254223562345,47.81050491333008
1664525158883,40.91342267630584,-73.13255206856505,14.908254223562345,47.82661437988281
1664525170882,40.91342267630584,-73.13255206856505,14.908254223562345,47.8436164855957
1664525182908,40.91342267630584,-73.13255206856505,14.908254223562345,47.86077117919922
1664525194881,40.91342267630584,-73.13255206856505,14.908254223562345,47.87767028808594
1664525206878,40.91342267630584,-73.13255206856505,14.908254223562345,47.894065856933594
1664525218880,40.91342267630584,-73.13255206856505,14.908254223562345,47.91064453125
1664525230879,40.91342267630584,-73.13255206856505,14.908254223562345,47.926692962646484
1664525242879,40.91342267630584,-73.13255206856505,14.908254223562345,47.94370651245117
1664525254879,40.91342267630584,-73.13255206856505,14.908254223562345,47.95489501953125
1664525266879,40.91342267630584,-73.13255206856505,14.908254223562345,47.9689826965332
1664525278878,40.91342267630584,-73.13255206856505,14.908254223562345,47.98432540893555
1664525290877,40.91342267630584,-73.13255206856505,14.908254223562345,47.99949264526367
1664525302875,40.91342267630584,-73.13255206856505,14.908254223562345,48.01422882080078
1664525314877,40.91342267630584,-73.13255206856505,14.908254223562345,48.02860641479492
1664525326876,40.91342267630584,-73.13255206856505,14.908254223562345,48.04124450683594
1664525338876,40.91342267630584,-73.13255206856505,14.908254223562345,48.05546951293945
1664525350876,40.91342267630584,-73.13255206856505,14.908254223562345,48.06776428222656
1664525362882,40.91342267630584,-73.13255206856505,14.908254223562345,48.081260681152344
1664525374876,40.91342267630584,-73.13255206856505,14.908254223562345,48.094573974609375
1664525386875,40.91342267630584,-73.13255206856505,14.908254223562345,48.107357025146484
1664525398872,40.91342267630584,-73.13255206856505,14.908254223562345,48.11642837524414
1664525410873,40.91342267630584,-73.13255206856505,14.908254223562345,48.13036346435547
1664525422873,40.91342267630584,-73.13255206856505,14.908254223562345,48.143760681152344
1664525434871,40.91342267630584,-73.13255206856505,14.908254223562345,48.15701675415039
1664525440910,40.91342267630584,-73.13255206856505,14.908254223562345,48.167999267578125
1664525452871,40.91342267630584,-73.13255206856505,14.908254223562345,48.209922790527344
1664525464995,40.91342267630584,-73.13255206856505,14.908254223562345,48.22309875488281
1664525471369,40.91342267630584,-73.13255206856505,14.908254223562345,48.2326774597168
1664525483021,40.91342267630584,-73.13255206856505,14.908254223562345,48.2690315246582
1664525494994,40.91342267630584,-73.13255206856505,14.908254223562345,48.282005310058594
1664525506995,40.91342267630584,-73.13255206856505,14.908254223562345,48.29380416870117
1664525518995,40.91342267630584,-73.13255206856505,14.908254223562345,48.30531692504883
1664525530994,40.91342267630584,-73.13255206856505,14.908254223562345,48.316715240478516
1664525537017,40.91342267630584,-73.13255206856505,14.908254223562345,48.326171875
1664525548995,40.91342267630584,-73.13255206856505,14.908254223562345,48.361637115478516
1664525560995,40.91342267630584,-73.13255206856505,14.908254223562345,48.37298583984375
1664525572994,40.91342267630584,-73.13255206856505,14.908254223562345,48.381874084472656
1664525584994,40.91342267630584,-73.13255206856505,14.908254223562345,48.392303466796875
1664525596993,40.91342267630584,-73.13255206856505,14.908254223562345,48.40275573730469
1664525608993,40.91342267630584,-73.13255206856505,14.908254223562345,48.41273880004883
1664525620993,40.91342267630584,-73.13255206856505,14.908254223562345,48.422523498535156
1664525632992,40.91342267630584,-73.13255206856505,14.908254223562345,48.43229293823242
1664525644993,40.91342267630584,-73.13255206856505,14.908254223562345,48.44195556640625
1664525656993,40.91342267630584,-73.13255206856505,14.908254223562345,48.45067596435547
1664525663069,40.91342267630584,-73.13255206856505,14.908254223562345,48.45820999145508
1664525674992,40.91342267630584,-73.13255206856505,14.908254223562345,48.48170471191406
1664525686665,40.91342267630584,-73.13255206856505,14.908254223562345,48.49150466918945
1664525698665,40.91342267630584,-73.13255206856505,14.908254223562345,48.50021743774414
1664525710666,40.91342267630584,-73.13255206856505,14.908254223562345,48.50941467285156
1664525722665,40.91342267630584,-73.13255206856505,14.908254223562345,48.51567459106445
1664525734666,40.91342267630584,-73.13255206856505,14.908254223562345,48.52424621582031
1664525746666,40.91342267630584,-73.13255206856505,14.908254223562345,48.53282928466797
1664525752765,40.91342267630584,-73.13255206856505,14.908254223562345,48.539974212646484
1664525764666,40.91342267630584,-73.13255206856505,14.908254223562345,48.566123962402344
1664525776665,40.91342267630584,-73.13255206856505,14.908254223562345,48.57589340209961
1664525788659,40.91342267630584,-73.13255206856505,14.908254223562345,48.58411407470703
1664525800665,40.91342267630584,-73.13255206856505,14.908254223562345,48.59259796142578
1664525812665,40.91342267630584,-73.13255206856505,14.908254223562345,48.59728240966797
1664525824665,40.91342267630584,-73.13255206856505,14.908254223562345,48.6038932800293
1664525836664,40.91342267630584,-73.13255206856505,14.908254223562345,48.6114501953125
1664525842709,40.91342267630584,-73.13255206856505,14.908254223562345,48.6177978515625
1664525854663,40.91342267630584,-73.13255206856505,14.908254223562345,48.642486572265625
1664525866663,40.91342267630584,-73.13255206856505,14.908254223562345,48.65235900878906
1664525878663,40.91342267630584,-73.13255206856505,14.908254223562345,48.66072082519531
1664525890664,40.91342267630584,-73.13255206856505,14.908254223562345,48.66851806640625
1664525902664,40.91342267630584,-73.13255206856505,14.908254223562345,48.67546081542969
1664525914663,40.91342267630584,-73.13255206856505,14.908254223562345,48.68246078491211
1664525926663,40.91342267630584,-73.13255206856505,14.908254223562345,48.68974685668945
1664525932751,40.91342267630584,-73.13255206856505,14.908254223562345,48.69550323486328
1664525944663,40.91342267630584,-73.13255206856505,14.908254223562345,48.71731185913086
1664525956664,40.91342267630584,-73.13255206856505,14.908254223562345,48.72437286376953
1664525962759,40.91342267630584,-73.13255206856505,14.908254223562345,48.72959518432617
1664525974656,40.91342267630584,-73.13255206856505,14.908254223562345,48.74710464477539
1664525986663,40.91342267630584,-73.13255206856505,14.908254223562345,48.753814697265625
1664525998662,40.91342267630584,-73.13255206856505,14.908254223562345,48.76011657714844
1664526010663,40.91342267630584,-73.13255206856505,14.908254223562345,48.766082763671875
1664526022662,40.91342267630584,-73.13255206856505,14.908254223562345,48.771236419677734
1664526034662,40.91342267630584,-73.13255206856505,14.908254223562345,48.77859878540039
1664526040710,40.91342267630584,-73.13255206856505,14.908254223562345,48.78303909301758
1664526052662,40.91342267630584,-73.13255206856505,14.908254223562345,48.79974365234375
1664526064662,40.91342267630584,-73.13255206856505,14.908254223562345,48.80596923828125
1664526076663,40.91342267630584,-73.13255206856505,14.908254223562345,48.81193161010742
1664526088657,40.91342267630584,-73.13255206856505,14.908254223562345,48.816986083984375
1664526100662,40.91342267630584,-73.13255206856505,14.908254223562345,48.821990966796875
1664526112662,40.91342267630584,-73.13255206856505,14.908254223562345,48.826995849609375
1664526124663,40.91342267630584,-73.13255206856505,14.908254223562345,48.832149505615234
1664526136662,40.91342267630584,-73.13255206856505,14.908254223562345,48.83643341064453
1664526148661,40.91342267630584,-73.13255206856505,14.908254223562345,48.8415412902832
1664526160662,40.91342267630584,-73.13255206856505,14.908254223562345,48.84619140625
1664526172661,40.91342267630584,-73.13255206856505,14.908254223562345,48.85416030883789
1664526184662,40.91342267630584,-73.13255206856505,14.908254223562345,48.858612060546875
1664526196661,40.91342267630584,-73.13255206856505,14.908254223562345,48.8631706237793
1664526208661,40.91342267630584,-73.13255206856505,14.908254223562345,48.86845779418945
1664526220661,40.91342267630584,-73.13255206856505,14.908254223562345,48.871856689453125
1664526232660,40.91342267630584,-73.13255206856505,14.908254223562345,48.8763542175293
1664526244660,40.91342267630584,-73.13255206856505,14.908254223562345,48.880863189697266
1664526256661,40.91342267630584,-73.13255206856505,14.908254223562345,48.887001037597656
1664526268660,40.91342267630584,-73.13255206856505,14.908254223562345,48.89137649536133
1664526280660,40.91342267630584,-73.13255206856505,14.908254223562345,48.895713806152344
1664526292661,40.91342267630584,-73.13255206856505,14.908254223562345,48.90010070800781
1664526298723,40.91342267630584,-73.13255206856505,14.908254223562345,48.90382766723633
1664526310660,40.91342267630584,-73.13255206856505,14.908254223562345,48.916419982910156
1664526322660,40.91342267630584,-73.13255206856505,14.908254223562345,48.920310974121094
1664526328716,40.91342267630584,-73.13255206856505,14.908254223562345,48.92355728149414
1664526340660,40.91342267630584,-73.13255206856505,14.908254223562345,48.933258056640625
1664526346752,40.91342267630584,-73.13255206856505,14.908254223562345,48.9327507019043
1664526358660,40.91342267630584,-73.13255206856505,14.908254223562345,48.941856384277344
1664526370660,40.91342267630584,-73.13255206856505,14.908254223562345,48.94668960571289
1664526382661,40.91342267630584,-73.13255206856505,14.908254223562345,48.9509162902832
1664526394652,40.91342267630584,-73.13255206856505,14.908254223562345,48.954261779785156
1664526406659,40.91342267630584,-73.13255206856505,14.908254223562345,48.95801544189453
1664526418660,40.91342267630584,-73.13255206856505,14.908254223562345,48.96122360229492
1664526430658,40.91342267630584,-73.13255206856505,14.908254223562345,48.96445083618164
1664526442660,40.91342267630584,-73.13255206856505,14.908254223562345,48.96662902832031
1664526454660,40.91342267630584,-73.13255206856505,14.908254223562345,48.96953582763672
1664526466660,40.91342267630584,-73.13255206856505,14.908254223562345,48.97312545776367
1664526472697,40.91342267630584,-73.13255206856505,14.908254223562345,48.97578048706055
1664526484660,40.91342267630584,-73.13255206856505,14.908254223562345,48.99008560180664
1664526496660,40.91342267630584,-73.13255206856505,14.908254223562345,48.99208068847656
1664526502724,40.91342267630584,-73.13255206856505,14.908254223562345,48.99400329589844
1664526514659,40.91342267630584,-73.13255206856505,14.908254223562345,49.00393295288086
1664526520731,40.91342267630584,-73.13255206856505,14.908254223562345,49.00709915161133
1664526532660,40.91342267630584,-73.13255206856505,14.908254223562345,49.016849517822266
1664526544660,40.91342267630584,-73.13255206856505,14.908254223562345,49.0193977355957
1664526556660,40.91342267630584,-73.13255206856505,14.908254223562345,49.022422790527344
1664526568660,40.91342267630584,-73.13255206856505,14.908254223562345,49.02505111694336
1664526580660,40.91342267630584,-73.13255206856505,14.908254223562345,49.028507232666016
1664526592660,40.91342267630584,-73.13255206856505,14.908254223562345,49.03097915649414
1664526604661,40.91342267630584,-73.13255206856505,14.908254223562345,49.0323600769043
1664526616662,40.91342267630584,-73.13255206856505,14.908254223562345,49.03316116333008
1664526628663,40.91342267630584,-73.13255206856505,14.908254223562345,49.03141784667969
1664526640663,40.91342267630584,-73.13255206856505,14.908254223562345,49.03247833251953
1664526652664,40.91342267630584,-73.13255206856505,14.908254223562345,49.03511428833008
1664526664664,40.91342267630584,-73.13255206856505,14.908254223562345,49.03771209716797
1664526676664,40.91342267630584,-73.13255206856505,14.908254223562345,49.040374755859375
1664526688658,40.91342267630584,-73.13255206856505,14.908254223562345,49.040897369384766
1664526700664,40.91342267630584,-73.13255206856505,14.908254223562345,49.04302215576172
1664526712664,40.91342267630584,-73.13255206856505,14.908254223562345,49.04569625854492
1664526724664,40.91342267630584,-73.13255206856505,14.908254223562345,49.04829025268555
1664526736664,40.91342267630584,-73.13255206856505,14.908254223562345,49.051231384277344
1664526748664,40.91342267630584,-73.13255206856505,14.908254223562345,49.05398178100586
1664526760665,40.91342267630584,-73.13255206856505,14.908254223562345,49.05680847167969
1664526772665,40.91342267630584,-73.13255206856505,14.908254223562345,49.059242248535156
1664526784665,40.91342267630584,-73.13255206856505,14.908254223562345,49.062416076660156
1664526796656,40.91342267630584,-73.13255206856505,14.908254223562345,49.063785552978516
1664526808663,40.91342267630584,-73.13255206856505,14.908254223562345,49.06621170043945
1664526818698,40.91342267630584,-73.13255206856505,14.908254223562345,49.06547164916992
1664526820665,40.91342267630584,-73.13255206856505,14.908254223562345,49.066444396972656
1664526832665,40.91342267630584,-73.13255206856505,14.908254223562345,49.06520080566406
1664526844665,40.91342267630584,-73.13255206856505,14.908254223562345,49.0675163269043
1664526856665,40.91342267630584,-73.13255206856505,14.908254223562345,49.071109771728516
1664526868665,40.91342267630584,-73.13255206856505,14.908254223562345,49.07172393798828
1664526880665,40.91342267630584,-73.13255206856505,14.908254223562345,49.07317352294922
1664526892666,40.91342267630584,-73.13255206856505,14.908254223562345,49.075862884521484
1664526904666,40.91342267630584,-73.13255206856505,14.908254223562345,49.07795715332031
1664526916666,40.91342267630584,-73.13255206856505,14.908254223562345,49.078208923339844
1664526928666,40.91342267630584,-73.13255206856505,14.908254223562345,49.08097839355469
1664526940667,40.91342267630584,-73.13255206856505,14.908254223562345,49.083805084228516
1664526952666,40.91342267630584,-73.13255206856505,14.908254223562345,49.08662796020508
1664526964666,40.91342267630584,-73.13255206856505,14.908254223562345,49.089996337890625
1664526976667,40.91342267630584,-73.13255206856505,14.908254223562345,49.091915130615234
1664526988662,40.91342267630584,-73.13255206856505,14.908254223562345,49.09336853027344
1664527000667,40.91342267630584,-73.13255206856505,14.908254223562345,49.095848083496094
1664527012667,40.91342267630584,-73.13255206856505,14.908254223562345,49.09852600097656
1664527024667,40.91342267630584,-73.13255206856505,14.908254223562345,49.09944534301758
1664527036667,40.91342267630584,-73.13255206856505,14.908254223562345,49.1020622253418
1664527048668,40.91342267630584,-73.13255206856505,14.908254223562345,49.104915618896484
1664527060668,40.91342267630584,-73.13255206856505,14.908254223562345,49.107505798339844
1664527072668,40.91342267630584,-73.13255206856505,14.908254223562345,49.109779357910156
1664527084668,40.91342267630584,-73.13255206856505,14.908254223562345,49.11197280883789
1664527096668,40.91342267630584,-73.13255206856505,14.908254223562345,49.113746643066406
1664527108668,40.91342267630584,-73.13255206856505,14.908254223562345,49.116275787353516
1664527118723,40.91342267630584,-73.13255206856505,14.908254223562345,49.117794036865234
1664527120669,40.91342267630584,-73.13255206856505,14.908254223562345,49.11865997314453
1664527132668,40.91342267630584,-73.13255206856505,14.908254223562345,49.12063980102539
1664527144669,40.91342267630584,-73.13255206856505,14.908254223562345,49.122650146484375
1664527156669,40.91342267630584,-73.13255206856505,14.908254223562345,49.12495040893555
1664527168669,40.91342267630584,-73.13255206856505,14.908254223562345,49.12500762939453
1664527180669,40.91342267630584,-73.13255206856505,14.908254223562345,49.12700271606445
1664527192669,40.91342267630584,-73.13255206856505,14.908254223562345,49.129310607910156
1664527198711,40.91342267630584,-73.13255206856505,14.908254223562345,49.13144302368164
1664527210669,40.91342267630584,-73.13255206856505,14.908254223562345,49.13975143432617
1664527222669,40.91342267630584,-73.13255206856505,14.908254223562345,49.14271926879883
1664527234669,40.91342267630584,-73.13255206856505,14.908254223562345,49.14532470703125
1664527246669,40.91342267630584,-73.13255206856505,14.908254223562345,49.147953033447266
1664527258670,40.91342267630584,-73.13255206856505,14.908254223562345,49.15023422241211
1664527270670,40.91342267630584,-73.13255206856505,14.908254223562345,49.153343200683594
1664527282670,40.91342267630584,-73.13255206856505,14.908254223562345,49.15559387207031
1664527294668,40.91342267630584,-73.13255206856505,14.908254223562345,49.15670394897461
1664527306670,40.91342267630584,-73.13255206856505,14.908254223562345,49.159210205078125
1664527318670,40.91342267630584,-73.13255206856505,14.908254223562345,49.16093063354492
1664527330670,40.91342267630584,-73.13255206856505,14.908254223562345,49.161922454833984
1664527342671,40.91342267630584,-73.13255206856505,14.908254223562345,49.164405822753906
1664527348757,40.91342267630584,-73.13255206856505,14.908254223562345,49.16679000854492
1664527360671,40.91342267630584,-73.13255206856505,14.908254223562345,49.174015045166016
1664527372671,40.91342267630584,-73.13255206856505,14.908254223562345,49.17605209350586
1664527384671,40.91342267630584,-73.13255206856505,14.908254223562345,49.1775016784668
1664527396671,40.91342267630584,-73.13255206856505,14.908254223562345,49.17959213256836
1664527408671,40.91342267630584,-73.13255206856505,14.908254223562345,49.18028259277344
1664527418763,40.91342267630584,-73.13255206856505,14.908254223562345,49.17988586425781
1664527420671,40.91342267630584,-73.13255206856505,14.908254223562345,49.180625915527344
1664527432671,40.91342267630584,-73.13255206856505,14.908254223562345,49.18220520019531
1664527444672,40.91342267630584,-73.13255206856505,14.908254223562345,49.18451690673828
1664527456672,40.91342267630584,-73.13255206856505,14.908254223562345,49.185691833496094
1664527468672,40.91342267630584,-73.13255206856505,14.908254223562345,49.18593978881836
1664527480672,40.91342267630584,-73.13255206856505,14.908254223562345,49.18660354614258
1664527492672,40.91342267630584,-73.13255206856505,14.908254223562345,49.18928909301758
1664527504672,40.91342267630584,-73.13255206856505,14.908254223562345,49.191261291503906
1664527516672,40.91342267630584,-73.13255206856505,14.908254223562345,49.19394302368164
1664527528672,40.91342267630584,-73.13255206856505,14.908254223562345,49.19443893432617
1664527540673,40.91342267630584,-73.13255206856505,14.908254223562345,49.194419860839844
1664527552673,40.91342267630584,-73.13255206856505,14.908254223562345,49.19520568847656
1664527564673,40.91342267630584,-73.13255206856505,14.908254223562345,49.196372985839844
1664527576674,40.91342267630584,-73.13255206856505,14.908254223562345,49.19657516479492
1664527588668,40.91342267630584,-73.13255206856505,14.908254223562345,49.197750091552734
1664527594730,40.91342267630584,-73.13255206856505,14.908254223562345,49.198909759521484
1664527606674,40.91342267630584,-73.13255206856505,14.908254223562345,49.19926834106445
1664527618674,40.91342267630584,-73.13255206856505,14.908254223562345,49.199588775634766
1664527624731,40.91342267630584,-73.13255206856505,14.908254223562345,49.200721740722656
1664527636675,40.91342267630584,-73.13255206856505,14.908254223562345,49.204803466796875
1664527648675,40.91342267630584,-73.13255206856505,14.908254223562345,49.20668411254883
1664527660674,40.91342267630584,-73.13255206856505,14.908254223562345,49.20777130126953
1664527672674,40.91342267630584,-73.13255206856505,14.908254223562345,49.2083740234375
1664527684675,40.91342267630584,-73.13255206856505,14.908254223562345,49.20869445800781
1664527696683,40.91342267630584,-73.13255206856505,14.908254223562345,49.20976638793945
1664527708688,40.91342267630584,-73.13255206856505,14.908254223562345,49.210758209228516
1664527718809,40.91342267630584,-73.13255206856505,14.908254223562345,49.211090087890625
1664527720690,40.91342267630584,-73.13255206856505,14.908254223562345,49.21176528930664
1664527732691,40.91342267630584,-73.13255206856505,14.908254223562345,49.21285629272461
1664527744693,40.91342267630584,-73.13255206856505,14.908254223562345,49.214656829833984
1664527756692,40.91342267630584,-73.13255206856505,14.908254223562345,49.215797424316406
1664527768693,40.91342267630584,-73.13255206856505,14.908254223562345,49.21652603149414
1664527780693,40.91342267630584,-73.13255206856505,14.908254223562345,49.21555709838867
1664527792692,40.91342267630584,-73.13255206856505,14.908254223562345,49.214569091796875
1664527804693,40.91342267630584,-73.13255206856505,14.908254223562345,49.21485137939453
1664527816693,40.91342267630584,-73.13255206856505,14.908254223562345,49.215675354003906
1664527828693,40.91342267630584,-73.13255206856505,14.908254223562345,49.216148376464844
1664527840694,40.91342267630584,-73.13255206856505,14.908254223562345,49.216434478759766
1664527852694,40.91342267630584,-73.13255206856505,14.908254223562345,49.216915130615234
1664527864694,40.91342267630584,-73.13255206856505,14.908254223562345,49.21635055541992
1664527876694,40.91342267630584,-73.13255206856505,14.908254223562345,49.21780776977539
1664527888687,40.91342267630584,-73.13255206856505,14.908254223562345,49.21803283691406
1664527900693,40.91342267630584,-73.13255206856505,14.908254223562345,49.21881866455078
1664527912694,40.91342267630584,-73.13255206856505,14.908254223562345,49.21995162963867
1664527918793,40.91342267630584,-73.13255206856505,14.908254223562345,49.220703125
1664527930694,40.91342267630584,-73.13255206856505,14.908254223562345,49.22172927856445
1664527942694,40.91342267630584,-73.13255206856505,14.908254223562345,49.22246170043945
1664527954695,40.91342267630584,-73.13255206856505,14.908254223562345,49.22346496582031
1664527966693,40.91342267630584,-73.13255206856505,14.908254223562345,49.22469711303711
1664527978695,40.91342267630584,-73.13255206856505,14.908254223562345,49.225337982177734
1664527990695,40.91342267630584,-73.13255206856505,14.908254223562345,49.22361373901367
1664528002695,40.91342267630584,-73.13255206856505,14.908254223562345,49.22052001953125
1664528014696,40.91342267630584,-73.13255206856505,14.908254223562345,49.21781921386719
1664528026695,40.91342267630584,-73.13255206856505,14.908254223562345,49.218807220458984
1664528038696,40.91342267630584,-73.13255206856505,14.908254223562345,49.21998596191406
1664528050696,40.91342267630584,-73.13255206856505,14.908254223562345,49.22081756591797
1664528062693,40.91342267630584,-73.13255206856505,14.908254223562345,49.22126007080078
1664528074696,40.91342267630584,-73.13255206856505,14.908254223562345,49.222450256347656
1664528086697,40.91342267630584,-73.13255206856505,14.908254223562345,49.21986389160156
1664528098696,40.91342267630584,-73.13255206856505,14.908254223562345,49.22050476074219
1664528110697,40.91342267630584,-73.13255206856505,14.908254223562345,49.221256256103516
1664528122696,40.91342267630584,-73.13255206856505,14.908254223562345,49.22187042236328
1664528134697,40.91342267630584,-73.13255206856505,14.908254223562345,49.22269058227539
1664528146696,40.91342267630584,-73.13255206856505,14.908254223562345,49.223663330078125
1664528158694,40.91342267630584,-73.13255206856505,14.908254223562345,49.22513198852539
1664528170697,40.91342267630584,-73.13255206856505,14.908254223562345,49.22563934326172
1664528182698,40.91342267630584,-73.13255206856505,14.908254223562345,49.225826263427734
1664528194697,40.91342267630584,-73.13255206856505,14.908254223562345,49.225582122802734
1664528206697,40.91342267630584,-73.13255206856505,14.908254223562345,49.22281265258789
1664528218698,40.91342267630584,-73.13255206856505,14.908254223562345,49.22332000732422
1664528230698,40.91342267630584,-73.13255206856505,14.908254223562345,49.22395706176758
1664528242698,40.91342267630584,-73.13255206856505,14.908254223562345,49.2236328125
1664528254696,40.91342267630584,-73.13255206856505,14.908254223562345,49.22437286376953
1664528266698,40.91342267630584,-73.13255206856505,14.908254223562345,49.2254753112793
1664528272809,40.91342267630584,-73.13255206856505,14.908254223562345,49.226280212402344
1664528284699,40.91342267630584,-73.13255206856505,14.908254223562345,49.22826385498047
1664528296699,40.91342267630584,-73.13255206856505,14.908254223562345,49.22947692871094
1664528308699,40.91342267630584,-73.13255206856505,14.908254223562345,49.230255126953125
1664528318880,40.91342267630584,-73.13255206856505,14.908254223562345,49.230247497558594
1664528320699,40.91342267630584,-73.13255206856505,14.908254223562345,49.23088455200195
1664528332699,40.91342267630584,-73.13255206856505,14.908254223562345,49.2318000793457
1664528344699,40.91342267630584,-73.13255206856505,14.908254223562345,49.23136901855469
1664528350703,40.91342267630584,-73.13255206856505,14.908254223562345,49.232078552246094
1664528362700,40.91342267630584,-73.13255206856505,14.908254223562345,49.233890533447266
1664528374700,40.91342267630584,-73.13255206856505,14.908254223562345,49.23187255859375
1664528380718,40.91342267630584,-73.13255206856505,14.908254223562345,49.23187255859375
1664528392700,40.91342267630584,-73.13255206856505,14.908254223562345,49.23303985595703
1664528404700,40.91342267630584,-73.13255206856505,14.908254223562345,49.23341369628906
1664528416700,40.91342267630584,-73.13255206856505,14.908254223562345,49.232566833496094
1664528428700,40.91342267630584,-73.13255206856505,14.908254223562345,49.232337951660156
1664528440700,40.91342267630584,-73.13255206856505,14.908254223562345,49.232025146484375
1664528452700,40.91342267630584,-73.13255206856505,14.908254223562345,49.23207092285156
1664528464701,40.91342267630584,-73.13255206856505,14.908254223562345,49.230979919433594
1664528476701,40.91342267630584,-73.13255206856505,14.908254223562345,49.230712890625
1664528488695,40.91342267630584,-73.13255206856505,14.908254223562345,49.23065948486328
1664528500701,40.91342267630584,-73.13255206856505,14.908254223562345,49.23051452636719
1664528512701,40.91342267630584,-73.13255206856505,14.908254223562345,49.23031997680664
1664528518765,40.91342267630584,-73.13255206856505,14.908254223562345,49.23017883300781
1664528530702,40.91342267630584,-73.13255206856505,14.908254223562345,49.2286491394043
1664528542699,40.91342267630584,-73.13255206856505,14.908254223562345,49.22848129272461
1664528554702,40.91342267630584,-73.13255206856505,14.908254223562345,49.23126983642578
1664528566702,40.91342267630584,-73.13255206856505,14.908254223562345,49.23111343383789
1664528578702,40.91342267630584,-73.13255206856505,14.908254223562345,49.23148727416992
1664528590702,40.91342267630584,-73.13255206856505,14.908254223562345,49.231685638427734
1664528602703,40.91342267630584,-73.13255206856505,14.908254223562345,49.231468200683594
1664528608774,40.91342267630584,-73.13255206856505,14.908254223562345,49.23131561279297
1664528618910,40.91342267630584,-73.13255206856505,14.908254223562345,49.22920608520508
1664528620702,40.91342267630584,-73.13255206856505,14.908254223562345,49.22983169555664
1664528632703,40.91342267630584,-73.13255206856505,14.908254223562345,49.229434967041016
1664528644704,40.91342267630584,-73.13255206856505,14.908254223562345,49.22965621948242
1664528656703,40.91342267630584,-73.13255206856505,14.908254223562345,49.229881286621094
1664528668703,40.91342267630584,-73.13255206856505,14.908254223562345,49.22935485839844
1664528680703,40.91342267630584,-73.13255206856505,14.908254223562345,49.22939682006836
1664528692704,40.91342267630584,-73.13255206856505,14.908254223562345,49.22917175292969
1664528704704,40.91342267630584,-73.13255206856505,14.908254223562345,49.23001480102539
1664528716704,40.91342267630584,-73.13255206856505,14.908254223562345,49.22993087768555
1664528728704,40.91342267630584,-73.13255206856505,14.908254223562345,49.229736328125
1664528740704,40.91342267630584,-73.13255206856505,14.908254223562345,49.22743225097656
1664528752705,40.91342267630584,-73.13255206856505,14.908254223562345,49.2275390625
1664528764704,40.91342267630584,-73.13255206856505,14.908254223562345,49.22803497314453
1664528776697,40.91342267630584,-73.13255206856505,14.908254223562345,49.22898483276367
1664528788698,40.91342267630584,-73.13255206856505,14.908254223562345,49.22954177856445
1664528800705,40.91342267630584,-73.13255206856505,14.908254223562345,49.229736328125
1664528812706,40.91342267630584,-73.13255206856505,14.908254223562345,49.23069763183594
1664528824705,40.91342267630584,-73.13255206856505,14.908254223562345,49.228878021240234
1664528836705,40.91342267630584,-73.13255206856505,14.908254223562345,49.22916793823242
1664528848705,40.91342267630584,-73.13255206856505,14.908254223562345,49.229190826416016
1664528860706,40.91342267630584,-73.13255206856505,14.908254223562345,49.22928237915039
1664528872706,40.91342267630584,-73.13255206856505,14.908254223562345,49.229515075683594
1664528884702,40.91342267630584,-73.13255206856505,14.908254223562345,49.22951126098633
1664528896700,40.91342267630584,-73.13255206856505,14.908254223562345,49.228240966796875
1664528908697,40.91342267630584,-73.13255206856505,14.908254223562345,49.22832107543945
1664528918939,40.91342267630584,-73.13255206856505,14.908254223562345,49.22786331176758
1664528920698,40.91342267630584,-73.13255206856505,14.908254223562345,49.2285041809082
1664528932697,40.91342267630584,-73.13255206856505,14.908254223562345,49.229061126708984
1664528944696,40.91342267630584,-73.13255206856505,14.908254223562345,49.22808837890625
1664528956696,40.91342267630584,-73.13255206856505,14.908254223562345,49.22903823852539
1664528968696,40.91342267630584,-73.13255206856505,14.908254223562345,49.22684860229492
1664528980697,40.91342267630584,-73.13255206856505,14.908254223562345,49.22694778442383
1664528992698,40.91342267630584,-73.13255206856505,14.908254223562345,49.22928237915039
1664529004697,40.91342267630584,-73.13255206856505,14.908254223562345,49.22652816772461
1664529016697,40.91342267630584,-73.13255206856505,14.908254223562345,49.22681427001953
1664529028697,40.91342267630584,-73.13255206856505,14.908254223562345,49.22698211669922
1664529040697,40.91342267630584,-73.13255206856505,14.908254223562345,49.227081298828125
1664529052697,40.91342267630584,-73.13255206856505,14.908254223562345,49.228023529052734
1664529064697,40.91342267630584,-73.13255206856505,14.908254223562345,49.2282829284668
1664529076697,40.91342267630584,-73.13255206856505,14.908254223562345,49.229331970214844
1664529088691,40.91342267630584,-73.13255206856505,14.908254223562345,49.22980499267578
1664529100698,40.91342267630584,-73.13255206856505,14.908254223562345,49.22943115234375
1664529112697,40.91342267630584,-73.13255206856505,14.908254223562345,49.22956848144531
1664529124698,40.91342267630584,-73.13255206856505,14.908254223562345,49.23035430908203
1664529136697,40.91342267630584,-73.13255206856505,14.908254223562345,49.230224609375
1664529148697,40.91342267630584,-73.13255206856505,14.908254223562345,49.23055648803711
1664529160697,40.91342267630584,-73.13255206856505,14.908254223562345,49.230560302734375
1664529172698,40.91342267630584,-73.13255206856505,14.908254223562345,49.23020553588867
1664529184697,40.91342267630584,-73.13255206856505,14.908254223562345,49.23050308227539
1664529196698,40.91342267630584,-73.13255206856505,14.908254223562345,49.23054885864258
1664529208698,40.91342267630584,-73.13255206856505,14.908254223562345,49.2296028137207
1664529218963,40.91342267630584,-73.13255206856505,14.908254223562345,49.22595977783203
1664529220698,40.91342267630584,-73.13255206856505,14.908254223562345,49.22660827636719
1664529232698,40.91342267630584,-73.13255206856505,14.908254223562345,49.224910736083984
1664529244698,40.91342267630584,-73.13255206856505,14.908254223562345,49.2226676940918
1664529256698,40.91342267630584,-73.13255206856505,14.908254223562345,49.22346878051758
1664529268697,40.91342267630584,-73.13255206856505,14.908254223562345,49.22423553466797
1664529280698,40.91342267630584,-73.13255206856505,14.908254223562345,49.22429656982422
1664529292698,40.91342267630584,-73.13255206856505,14.908254223562345,49.22508239746094
1664529304698,40.91342267630584,-73.13255206856505,14.908254223562345,49.22746658325195
1664529316699,40.91342267630584,-73.13255206856505,14.908254223562345,49.22780990600586
1664529328697,40.91342267630584,-73.13255206856505,14.908254223562345,49.22873306274414
1664529340699,40.91342267630584,-73.13255206856505,14.908254223562345,49.228843688964844
1664529352699,40.91342267630584,-73.13255206856505,14.908254223562345,49.228782653808594
1664529364698,40.91342267630584,-73.13255206856505,14.908254223562345,49.229766845703125
1664529376699,40.91342267630584,-73.13255206856505,14.908254223562345,49.230438232421875
1664529388692,40.91342267630584,-73.13255206856505,14.908254223562345,49.23142623901367
1664529400699,40.91342267630584,-73.13255206856505,14.908254223562345,49.23175048828125
1664529412698,40.91342267630584,-73.13255206856505,14.908254223562345,49.23371887207031
1664529424699,40.91342267630584,-73.13255206856505,14.908254223562345,49.23473358154297
1664529436698,40.91342267630584,-73.13255206856505,14.908254223562345,49.235774993896484
1664529448699,40.91342267630584,-73.13255206856505,14.908254223562345,49.236751556396484
1664529460699,40.91342267630584,-73.13255206856505,14.908254223562345,49.23747253417969
1664529472699,40.91342267630584,-73.13255206856505,14.908254223562345,49.23686218261719
1664529484699,40.91342267630584,-73.13255206856505,14.908254223562345,49.23707580566406
1664529496700,40.91342267630584,-73.13255206856505,14.908254223562345,49.23761749267578
1664529508699,40.91342267630584,-73.13255206856505,14.908254223562345,49.23777389526367
1664529519001,40.91342267630584,-73.13255206856505,14.908254223562345,49.23752212524414
1664529520699,40.91342267630584,-73.13255206856505,14.908254223562345,49.23815155029297
1664529532701,40.91342267630584,-73.13255206856505,14.908254223562345,49.2381477355957
1664529544700,40.91342267630584,-73.13255206856505,14.908254223562345,49.23781967163086
1664529556700,40.91342267630584,-73.13255206856505,14.908254223562345,49.23838424682617
1664529568699,40.91342267630584,-73.13255206856505,14.908254223562345,49.23835372924805
1664529580701,40.91342267630584,-73.13255206856505,14.908254223562345,49.2381706237793
1664529592700,40.91342267630584,-73.13255206856505,14.908254223562345,49.238250732421875
1664529604700,40.91342267630584,-73.13255206856505,14.908254223562345,49.238487243652344
1664529616700,40.91342267630584,-73.13255206856505,14.908254223562345,49.24070739746094
1664529628700,40.91342267630584,-73.13255206856505,14.908254223562345,49.24129104614258
1664529640699,40.91342267630584,-73.13255206856505,14.908254223562345,49.24164962768555
1664529652700,40.91342267630584,-73.13255206856505,14.908254223562345,49.24097442626953
1664529664700,40.91342267630584,-73.13255206856505,14.908254223562345,49.24126434326172
1664529676701,40.91342267630584,-73.13255206856505,14.908254223562345,49.24123764038086
1664529688694,40.91342267630584,-73.13255206856505,14.908254223562345,49.24163055419922
1664529700701,40.91342267630584,-73.13255206856505,14.908254223562345,49.24242401123047
1664529712701,40.91342267630584,-73.13255206856505,14.908254223562345,49.24258041381836
1664529718725,40.91342267630584,-73.13255206856505,14.908254223562345,49.24252700805664
1664529730701,40.91342267630584,-73.13255206856505,14.908254223562345,49.2426643371582
1664529742701,40.91342267630584,-73.13255206856505,14.908254223562345,49.24306106567383
1664529754701,40.91342267630584,-73.13255206856505,14.908254223562345,49.24360656738281
1664529766701,40.91342267630584,-73.13255206856505,14.908254223562345,49.243568420410156
1664529778701,40.91342267630584,-73.13255206856505,14.908254223562345,49.24409103393555
1664529790698,40.91342267630584,-73.13255206856505,14.908254223562345,49.24397659301758
1664529802701,40.91342267630584,-73.13255206856505,14.908254223562345,49.24386215209961
1664529814701,40.91342267630584,-73.13255206856505,14.908254223562345,49.243377685546875
1664529826700,40.91342267630584,-73.13255206856505,14.908254223562345,49.24334716796875
1664529838701,40.91342267630584,-73.13255206856505,14.908254223562345,49.24346160888672
1664529850702,40.91342267630584,-73.13255206856505,14.908254223562345,49.24296188354492
1664529862701,40.91342267630584,-73.13255206856505,14.908254223562345,49.24414825439453
1664529874701,40.91342267630584,-73.13255206856505,14.908254223562345,49.24364471435547
1664529886698,40.91342267630584,-73.13255206856505,14.908254223562345,49.243534088134766
1664529898702,40.91342267630584,-73.13255206856505,14.908254223562345,49.24355697631836
1664529910702,40.91342267630584,-73.13255206856505,14.908254223562345,49.24364471435547
1664529922701,40.91342267630584,-73.13255206856505,14.908254223562345,49.24380874633789
1664529934701,40.91342267630584,-73.13255206856505,14.908254223562345,49.243831634521484
1664529946702,40.91342267630584,-73.13255206856505,14.908254223562345,49.24312210083008
1664529958702,40.91342267630584,-73.13255206856505,14.908254223562345,49.239810943603516
1664529970702,40.91342267630584,-73.13255206856505,14.908254223562345,49.23982238769531
1664529982700,40.91342267630584,-73.13255206856505,14.908254223562345,49.23981475830078
1664529994701,40.91342267630584,-73.13255206856505,14.908254223562345,49.23970413208008
1664530006702,40.91342267630584,-73.13255206856505,14.908254223562345,49.240116119384766
1664530018702,40.91342267630584,-73.13255206856505,14.908254223562345,49.239524841308594
1664530030700,40.91342267630584,-73.13255206856505,14.908254223562345,49.23942565917969
1664530042703,40.91342267630584,-73.13255206856505,14.908254223562345,49.23931121826172
1664530054702,40.91342267630584,-73.13255206856505,14.908254223562345,49.239322662353516
1664530066703,40.91342267630584,-73.13255206856505,14.908254223562345,49.238426208496094
1664530078700,40.91342267630584,-73.13255206856505,14.908254223562345,49.2387809753418
1664530090696,40.91342267630584,-73.13255206856505,14.908254223562345,49.23933029174805
1664530102703,40.91342267630584,-73.13255206856505,14.908254223562345,49.240631103515625
1664530114703,40.91342267630584,-73.13255206856505,14.908254223562345,49.23776626586914
1664530126703,40.91342267630584,-73.13255206856505,14.908254223562345,49.236690521240234
1664530138702,40.91342267630584,-73.13255206856505,14.908254223562345,49.236732482910156
1664530150703,40.91342267630584,-73.13255206856505,14.908254223562345,49.23710250854492
1664530162702,40.91342267630584,-73.13255206856505,14.908254223562345,49.2379264831543
1664530174700,40.91342267630584,-73.13255206856505,14.908254223562345,49.240020751953125
1664530186704,40.91342267630584,-73.13255206856505,14.908254223562345,49.23979949951172
1664530198704,40.91342267630584,-73.13255206856505,14.908254223562345,49.24076461791992
1664530210703,40.91342267630584,-73.13255206856505,14.908254223562345,49.24031448364258
1664530222703,40.91342267630584,-73.13255206856505,14.908254223562345,49.23906326293945
1664530234703,40.91342267630584,-73.13255206856505,14.908254223562345,49.23967361450195
1664530246703,40.91342267630584,-73.13255206856505,14.908254223562345,49.23963928222656
1664530258703,40.91342267630584,-73.13255206856505,14.908254223562345,49.2396354675293
1664530270701,40.91342267630584,-73.13255206856505,14.908254223562345,49.238826751708984
1664530282703,40.91342267630584,-73.13255206856505,14.908254223562345,49.239501953125
1664530294704,40.91342267630584,-73.13255206856505,14.908254223562345,49.239349365234375
1664530306703,40.91342267630584,-73.13255206856505,14.908254223562345,49.242584228515625
1664530318704,40.91342267630584,-73.13255206856505,14.908254223562345,49.24188232421875
1664530330703,40.91342267630584,-73.13255206856505,14.908254223562345,49.24198913574219
1664530342704,40.91342267630584,-73.13255206856505,14.908254223562345,49.24164962768555
1664530354704,40.91342267630584,-73.13255206856505,14.908254223562345,49.24116134643555
1664530366701,40.91342267630584,-73.13255206856505,14.908254223562345,49.23786544799805
1664530378703,40.91342267630584,-73.13255206856505,14.908254223562345,49.23762130737305
1664530390704,40.91342267630584,-73.13255206856505,14.908254223562345,49.23716354370117
1664530402705,40.91342267630584,-73.13255206856505,14.908254223562345,49.23731231689453
1664530414704,40.91342267630584,-73.13255206856505,14.908254223562345,49.23725128173828
1664530426705,40.91342267630584,-73.13255206856505,14.908254223562345,49.237213134765625
1664530438706,40.91342267630584,-73.13255206856505,14.908254223562345,49.23798370361328
1664530450705,40.91342267630584,-73.13255206856505,14.908254223562345,49.23765182495117
1664530462701,40.91342267630584,-73.13255206856505,14.908254223562345,49.237892150878906
1664530474705,40.91342267630584,-73.13255206856505,14.908254223562345,49.23812484741211
1664530486705,40.91342267630584,-73.13255206856505,14.908254223562345,49.23905944824219
1664530498705,40.91342267630584,-73.13255206856505,14.908254223562345,49.235877990722656
1664530510704,40.91342267630584,-73.13255206856505,14.908254223562345,49.23580551147461
1664530522704,40.91342267630584,-73.13255206856505,14.908254223562345,49.23448944091797
1664530534705,40.91342267630584,-73.13255206856505,14.908254223562345,49.23344039916992
1664530546705,40.91342267630584,-73.13255206856505,14.908254223562345,49.233055114746094
1664530558703,40.91342267630584,-73.13255206856505,14.908254223562345,49.23016357421875
1664530570705,40.91342267630584,-73.13255206856505,14.908254223562345,49.22734832763672
1664530582705,40.91342267630584,-73.13255206856505,14.908254223562345,49.22771453857422
1664530594706,40.91342267630584,-73.13255206856505,14.908254223562345,49.228824615478516
1664530606706,40.91342267630584,-73.13255206856505,14.908254223562345,49.225738525390625
1664530618706,40.91342267630584,-73.13255206856505,14.908254223562345,49.22584915161133
1664530630705,40.91342267630584,-73.13255206856505,14.908254223562345,49.22662353515625
1664530642705,40.91342267630584,-73.13255206856505,14.908254223562345,49.226959228515625
1664530654703,40.91342267630584,-73.13255206856505,14.908254223562345,49.2274284362793
1664530660746,40.91342267630584,-73.13255206856505,14.908254223562345,49.22826385498047
1664530672706,40.91342267630584,-73.13255206856505,14.908254223562345,49.231712341308594
1664530684706,40.91342267630584,-73.13255206856505,14.908254223562345,49.23270797729492
1664530696706,40.91342267630584,-73.13255206856505,14.908254223562345,49.233131408691406
1664530708706,40.91342267630584,-73.13255206856505,14.908254223562345,49.23382568359375
1664530720706,40.91342267630584,-73.13255206856505,14.908254223562345,49.233856201171875
1664530732707,40.91342267630584,-73.13255206856505,14.908254223562345,49.23398208618164
1664530744706,40.91342267630584,-73.13255206856505,14.908254223562345,49.23400115966797
1664530756706,40.91342267630584,-73.13255206856505,14.908254223562345,49.23391342163086
1664530768706,40.91342267630584,-73.13255206856505,14.908254223562345,49.23356246948242
1664530780707,40.91342267630584,-73.13255206856505,14.908254223562345,49.23286437988281
1664530792706,40.91342267630584,-73.13255206856505,14.908254223562345,49.233211517333984
1664530804707,40.91342267630584,-73.13255206856505,14.908254223562345,49.23356628417969
1664530816707,40.91342267630584,-73.13255206856505,14.908254223562345,49.233543395996094
1664530828707,40.91342267630584,-73.13255206856505,14.908254223562345,49.23348617553711
1664530840706,40.91342267630584,-73.13255206856505,14.908254223562345,49.23031997680664
1664530852708,40.91342267630584,-73.13255206856505,14.908254223562345,49.23072814941406
1664530864707,40.91342267630584,-73.13255206856505,14.908254223562345,49.231475830078125
1664530876707,40.91342267630584,-73.13255206856505,14.908254223562345,49.232147216796875
1664530888707,40.91342267630584,-73.13255206856505,14.908254223562345,49.23130798339844
1664530900708,40.91342267630584,-73.13255206856505,14.908254223562345,49.2308235168457
1664530912708,40.91342267630584,-73.13255206856505,14.908254223562345,49.23101043701172
1664530924708,40.91342267630584,-73.13255206856505,14.908254223562345,49.23089599609375
1664530936707,40.91342267630584,-73.13255206856505,14.908254223562345,49.2311897277832
1664530948707,40.91342267630584,-73.13255206856505,14.908254223562345,49.23074722290039
1664530960708,40.91342267630584,-73.13255206856505,14.908254223562345,49.22768020629883
1664530972708,40.91342267630584,-73.13255206856505,14.908254223562345,49.2275505065918
1664530984708,40.91342267630584,-73.13255206856505,14.908254223562345,49.22707748413086
1664530996708,40.91342267630584,-73.13255206856505,14.908254223562345,49.22705841064453
1664531008708,40.91342267630584,-73.13255206856505,14.908254223562345,49.2270393371582
1664531020707,40.91342267630584,-73.13255206856505,14.908254223562345,49.226200103759766
1664531032707,40.91342267630584,-73.13255206856505,14.908254223562345,49.22578430175781
1664531044708,40.91342267630584,-73.13255206856505,14.908254223562345,49.22555160522461
1664531056706,40.91342267630584,-73.13255206856505,14.908254223562345,49.2259407043457
1664531068707,40.91342267630584,-73.13255206856505,14.908254223562345,49.22538375854492
1664531080707,40.91342267630584,-73.13255206856505,14.908254223562345,49.224857330322266
1664531092707,40.91342267630584,-73.13255206856505,14.908254223562345,49.224910736083984
1664531104707,40.91342267630584,-73.13255206856505,14.908254223562345,49.224342346191406
1664531116707,40.91342267630584,-73.13255206856505,14.908254223562345,49.225013732910156
1664531128707,40.91342267630584,-73.13255206856505,14.908254223562345,49.22548294067383
1664531140707,40.91342267630584,-73.13255206856505,14.908254223562345,49.22703170776367
1664531152708,40.91342267630584,-73.13255206856505,14.908254223562345,49.226749420166016
1664531164708,40.91342267630584,-73.13255206856505,14.908254223562345,49.2275276184082
1664531176708,40.91342267630584,-73.13255206856505,14.908254223562345,49.227821350097656
1664531188708,40.91342267630584,-73.13255206856505,14.908254223562345,49.227500915527344
1664531200708,40.91342267630584,-73.13255206856505,14.908254223562345,49.22748565673828
1664531212707,40.91342267630584,-73.13255206856505,14.908254223562345,49.22795486450195
1664531224708,40.91342267630584,-73.13255206856505,14.908254223562345,49.227989196777344
1664531236708,40.91342267630584,-73.13255206856505,14.908254223562345,49.22716522216797
1664531248708,40.91342267630584,-73.13255206856505,14.908254223562345,49.228633880615234
1664531260709,40.91342267630584,-73.13255206856505,14.908254223562345,49.22047424316406
1664531272709,40.91342267630584,-73.13255206856505,14.908254223562345,49.240875244140625
1664531284708,40.91342267630584,-73.13255206856505,14.908254223562345,49.23847579956055
1664531296709,40.91342267630584,-73.13255206856505,14.908254223562345,49.226905822753906
1664531308708,40.91342267630584,-73.13255206856505,14.908254223562345,49.2386360168457
1664531320708,40.91342267630584,-73.13255206856505,14.908254223562345,49.17750549316406
1664531326809,40.91342267630584,-73.13255206856505,14.908254223562345,49.19354248046875
1664531338708,40.91342267630584,-73.13255206856505,14.908254223562345,49.199466705322266
1664531350709,40.91342267630584,-73.13255206856505,14.908254223562345,49.209510803222656
1664531362709,40.91342267630584,-73.13255206856505,14.908254223562345,49.20773696899414
1664531374709,40.91342267630584,-73.13255206856505,14.908254223562345,49.20975875854492
1664531386708,40.91342267630584,-73.13255206856505,14.908254223562345,49.214393615722656
1664531398708,40.91342267630584,-73.13255206856505,14.908254223562345,49.216365814208984
1664531410709,40.91342267630584,-73.13255206856505,14.908254223562345,49.1997184753418
1664531422708,40.91342267630584,-73.13255206856505,14.908254223562345,49.20064163208008
1664531434708,40.91342267630584,-73.13255206856505,14.908254223562345,49.20476531982422
1664531446709,40.91342267630584,-73.13255206856505,14.908254223562345,49.20585250854492
1664531458709,40.91342267630584,-73.13255206856505,14.908254223562345,49.20875549316406
1664531470709,40.91342267630584,-73.13255206856505,14.908254223562345,49.205596923828125
1664531482710,40.91342267630584,-73.13255206856505,14.908254223562345,49.20574188232422
1664531494710,40.91342267630584,-73.13255206856505,14.908254223562345,49.20915985107422
1664531506709,40.91342267630584,-73.13255206856505,14.908254223562345,49.21121597290039
1664531518707,40.91342267630584,-73.13255206856505,14.908254223562345,49.200984954833984
1664531530710,40.91342267630584,-73.13255206856505,14.908254223562345,49.20234298706055
1664531542710,40.91342267630584,-73.13255206856505,14.908254223562345,49.20391082763672
1664531554710,40.91342267630584,-73.13255206856505,14.908254223562345,49.208763122558594
1664531566709,40.91342267630584,-73.13255206856505,14.908254223562345,49.20977020263672
1664531578709,40.91342267630584,-73.13255206856505,14.908254223562345,49.21000671386719
1664531590707,40.91342267630584,-73.13255206856505,14.908254223562345,49.211647033691406
1664531602710,40.91342267630584,-73.13255206856505,14.908254223562345,49.219871520996094
1664531614709,40.91342267630584,-73.13255206856505,14.908254223562345,49.22106170654297
1664531626710,40.91342267630584,-73.13255206856505,14.908254223562345,49.2197151184082
1664531638710,40.91342267630584,-73.13255206856505,14.908254223562345,49.220436096191406
1664531650710,40.91342267630584,-73.13255206856505,14.908254223562345,49.22141647338867
1664531662711,40.91342267630584,-73.13255206856505,14.908254223562345,49.22248840332031
1664531674711,40.91342267630584,-73.13255206856505,14.908254223562345,49.22285461425781
1664531686710,40.91342267630584,-73.13255206856505,14.908254223562345,49.21591567993164
1664531698710,40.91342267630584,-73.13255206856505,14.908254223562345,49.21597671508789
1664531710708,40.91342267630584,-73.13255206856505,14.908254223562345,49.216407775878906
1664531722710,40.91342267630584,-73.13255206856505,14.908254223562345,49.21612548828125
1664531734710,40.91342267630584,-73.13255206856505,14.908254223562345,49.21614456176758
1664531746711,40.91342267630584,-73.13255206856505,14.908254223562345,49.21661376953125
1664531758710,40.91342267630584,-73.13255206856505,14.908254223562345,49.21963882446289
1664531770710,40.91342267630584,-73.13255206856505,14.908254223562345,49.21971130371094
1664531782711,40.91342267630584,-73.13255206856505,14.908254223562345,49.220733642578125
1664531794711,40.91342267630584,-73.13255206856505,14.908254223562345,49.2203483581543
1664531806710,40.91342267630584,-73.13255206856505,14.908254223562345,49.22311019897461
1664531818711,40.91342267630584,-73.13255206856505,14.908254223562345,49.22230911254883
1664531830711,40.91342267630584,-73.13255206856505,14.908254223562345,49.2270393371582
1664531842711,40.91342267630584,-73.13255206856505,14.908254223562345,49.22715759277344
1664531854711,40.91342267630584,-73.13255206856505,14.908254223562345,49.227352142333984
1664531860719,40.91342267630584,-73.13255206856505,14.908254223562345,49.227630615234375
1664531872711,40.91342267630584,-73.13255206856505,14.908254223562345,49.23051452636719
1664531884712,40.91342267630584,-73.13255206856505,14.908254223562345,49.23126983642578
1664531890743,40.91342267630584,-73.13255206856505,14.908254223562345,49.231990814208984
1664531902710,40.91342267630584,-73.13255206856505,14.908254223562345,49.23377227783203
1664531914711,40.91342267630584,-73.13255206856505,14.908254223562345,49.23422622680664
1664531926711,40.91342267630584,-73.13255206856505,14.908254223562345,49.23385238647461
1664531938711,40.91342267630584,-73.13255206856505,14.908254223562345,49.23466491699219
1664531950711,40.91342267630584,-73.13255206856505,14.908254223562345,49.23288345336914
1664531962711,40.91342267630584,-73.13255206856505,14.908254223562345,49.22991943359375
1664531974712,40.91342267630584,-73.13255206856505,14.908254223562345,49.23011779785156
1664531986713,40.91342267630584,-73.13255206856505,14.908254223562345,49.22966766357422
1664531998711,40.91342267630584,-73.13255206856505,14.908254223562345,49.22975158691406
1664532010713,40.91342267630584,-73.13255206856505,14.908254223562345,49.22994613647461
1664532022712,40.91342267630584,-73.13255206856505,14.908254223562345,49.2303352355957
1664532032595,40.91342267630584,-73.13255206856505,14.908254223562345,49.23023223876953
1664532034712,40.91342267630584,-73.13255206856505,14.908254223562345,49.23040771484375
1664532046714,40.91342267630584,-73.13255206856505,14.908254223562345,49.22678756713867
1664532058713,40.91342267630584,-73.13255206856505,14.908254223562345,49.22666931152344
1664532070712,40.91342267630584,-73.13255206856505,14.908254223562345,49.22731399536133
1664532082712,40.91342267630584,-73.13255206856505,14.908254223562345,49.223453521728516
1664532094711,40.91342267630584,-73.13255206856505,14.908254223562345,49.22361373901367
1664532106713,40.91342267630584,-73.13255206856505,14.908254223562345,49.22306442260742
1664532118712,40.91342267630584,-73.13255206856505,14.908254223562345,49.221092224121094
1664532130712,40.91342267630584,-73.13255206856505,14.908254223562345,49.22225570678711
1664532142712,40.91342267630584,-73.13255206856505,14.908254223562345,49.22275161743164
1664532154713,40.91342267630584,-73.13255206856505,14.908254223562345,49.223209381103516
1664532166713,40.91342267630584,-73.13255206856505,14.908254223562345,49.22301483154297
1664532178713,40.91342267630584,-73.13255206856505,14.908254223562345,49.22245407104492
1664532190712,40.91342267630584,-73.13255206856505,14.908254223562345,49.2226676940918
1664532202713,40.91342267630584,-73.13255206856505,14.908254223562345,49.2232780456543
1664532214712,40.91342267630584,-73.13255206856505,14.908254223562345,49.22248458862305
1664532226714,40.91342267630584,-73.13255206856505,14.908254223562345,49.224761962890625
1664532238713,40.91342267630584,-73.13255206856505,14.908254223562345,49.224945068359375
1664532250713,40.91342267630584,-73.13255206856505,14.908254223562345,49.22415542602539
1664532262713,40.91342267630584,-73.13255206856505,14.908254223562345,49.22340393066406
1664532274713,40.91342267630584,-73.13255206856505,14.908254223562345,49.22396469116211
1664532286711,40.91342267630584,-73.13255206856505,14.908254223562345,49.224395751953125
1664532298714,40.91342267630584,-73.13255206856505,14.908254223562345,49.224822998046875
1664532310713,40.91342267630584,-73.13255206856505,14.908254223562345,49.22565841674805
1664532322714,40.91342267630584,-73.13255206856505,14.908254223562345,49.22537612915039
1664532335014,40.91342267630584,-73.13255206856505,14.908254223562345,49.22544860839844
1664532347013,40.91342267630584,-73.13255206856505,14.908254223562345,49.225189208984375
1664532359013,40.91342267630584,-73.13255206856505,14.908254223562345,49.22504806518555
1664532371012,40.91342267630584,-73.13255206856505,14.908254223562345,49.225284576416016
1664532383039,40.91342267630584,-73.13255206856505,14.908254223562345,49.22542190551758
1664532395012,40.91342267630584,-73.13255206856505,14.908254223562345,49.22240447998047
1664532407009,40.91342267630584,-73.13255206856505,14.908254223562345,49.22252655029297
1664532419010,40.91342267630584,-73.13255206856505,14.908254223562345,49.22241973876953
1664532431012,40.91342267630584,-73.13255206856505,14.908254223562345,49.220245361328125
1664532443012,40.91342267630584,-73.13255206856505,14.908254223562345,49.2204475402832
1664532455011,40.91342267630584,-73.13255206856505,14.908254223562345,49.22011947631836
1664532467011,40.91342267630584,-73.13255206856505,14.908254223562345,49.22004318237305
1664532479013,40.91342267630584,-73.13255206856505,14.908254223562345,49.21986770629883
1664532491012,40.91342267630584,-73.13255206856505,14.908254223562345,49.220088958740234
1664532503011,40.91342267630584,-73.13255206856505,14.908254223562345,49.21930694580078
1664532515013,40.91342267630584,-73.13255206856505,14.908254223562345,49.22085189819336
1664532527012,40.91342267630584,-73.13255206856505,14.908254223562345,49.220218658447266
1664532539013,40.91342267630584,-73.13255206856505,14.908254223562345,49.22040557861328
1664532551013,40.91342267630584,-73.13255206856505,14.908254223562345,49.220787048339844
1664532563018,40.91342267630584,-73.13255206856505,14.908254223562345,49.22029113769531
1664532575012,40.91342267630584,-73.13255206856505,14.908254223562345,49.220279693603516
1664532587012,40.91342267630584,-73.13255206856505,14.908254223562345,49.221099853515625
1664532599009,40.91342267630584,-73.13255206856505,14.908254223562345,49.221343994140625
1664532611013,40.91342267630584,-73.13255206856505,14.908254223562345,49.22150802612305
1664532617095,40.91342267630584,-73.13255206856505,14.908254223562345,49.22171401977539
1664532629011,40.91342267630584,-73.13255206856505,14.908254223562345,49.22267532348633
1664532641011,40.91342267630584,-73.13255206856505,14.908254223562345,49.222877502441406
1664532653013,40.91342267630584,-73.13255206856505,14.908254223562345,49.221927642822266
1664532665012,40.91342267630584,-73.13255206856505,14.908254223562345,49.22209548950195
1664532677011,40.91342267630584,-73.13255206856505,14.908254223562345,49.21930694580078
1664532689013,40.91342267630584,-73.13255206856505,14.908254223562345,49.21983337402344
1664532701013,40.91342267630584,-73.13255206856505,14.908254223562345,49.22041702270508
1664532713014,40.91342267630584,-73.13255206856505,14.908254223562345,49.22088623046875
1664532725013,40.91342267630584,-73.13255206856505,14.908254223562345,49.22209167480469
1664532737013,40.91342267630584,-73.13255206856505,14.908254223562345,49.222042083740234
1664532747013,40.91348064135863,-73.1322122924711,317.0647409112996,48.08449939172715
1664532757014,40.91344094437039,-73.13241359996331,249.40486717078443,47.28752517700195
1664532758014,40.91342637009769,-73.13248750759259,206.3506393981702,47.198974609375
1664532759011,40.91341639407082,-73.13253809704737,206.35063939817016,47.08828357234597
1664532760014,40.91341639407082,-73.13253809704737,186.27521320664582,47.08828357234597
1664532761014,40.91341639407082,-73.13253809704737,175.64616859914076,47.08828357234597
1664532762999,40.91341639407082,-73.13253809704737,169.0926871986417,47.08828357234597
1664532763999,40.91341639407082,-73.13253809704737,9.395582850988585,47.08828357234597
1664532764999,40.91341639407082,-73.13253809704737,9.483821484824938,47.08828357234597
1664532765999,40.91341639407082,-73.13253809704737,9.594352420350848,47.08828357234597
1664532766999,40.91341639407082,-73.13253809704737,9.671250425605972,47.08828357234597
1664532767999,40.91341639407082,-73.13253809704737,9.811199917732392,47.08828357234597
1664532769014,40.91341639407082,-73.13253809704737,9.89263538952302,47.08828357234597
1664532770999,40.91341639407082,-73.13253809704737,10.107883513108419,47.08828357234597
1664532772999,40.91341639407082,-73.13253809704737,10.307581537318512,47.08828357234597
1664532775014,40.91341639407082,-73.13253809704737,9.226882623720261,47.08828357234597
1664532777014,40.91341639407082,-73.13253809704737,9.521254879338665,47.08828357234597
1664532779013,40.91341639407082,-73.13253809704737,9.730858089384977,47.08828357234597
1664532780014,40.91341639407082,-73.13253809704737,9.844694187802755,47.08828357234597
1664532795014,40.91343309193615,-73.13253116942943,10.065695653035943,44.234708359465
1664532797013,40.91343309193615,-73.13253116942943,10.28443260313685,44.234708359465
1664532798016,40.91343309193615,-73.13253116942943,10.26376867702926,44.234708359465
1664532800014,40.91343309193615,-73.13253116942943,9.290399947071231,44.234708359465
1664532803014,40.91343309193615,-73.13253116942943,9.72030983171549,44.234708359465
1664532804015,40.91343309193615,-73.13253116942943,9.809206568180917,44.234708359465
1664532806014,40.91343309193615,-73.13253116942943,10.007357549065528,44.234708359465
1664532808014,40.91343309193615,-73.13253116942943,10.204207424849116,44.234708359465
1664532815014,40.913433856072,-73.13253216806801,9.761230415484325,44.12316247727722
1664532816014,40.913433856072,-73.13253216806801,9.863687105319812,44.12316247727722
1664532817015,40.913433856072,-73.13253216806801,9.96281427692843,44.12316247727722
1664532819015,40.913433856072,-73.13253216806801,10.144462019299466,44.12316247727722
1664532821015,40.913433856072,-73.13253216806801,10.339535435651204,44.12316247727722
1664532822015,40.913433856072,-73.13253216806801,9.16508810217595,44.12316247727722
1664532824015,40.913433856072,-73.13253216806801,9.379364740792099,44.12316247727722
1664532825015,40.913433856072,-73.13253216806801,9.489295765627345,44.12316247727722
1664532827014,40.913433856072,-73.13253216806801,9.677719325151394,44.12316247727722
1664532828015,40.913433856072,-73.13253216806801,9.781868592238093,44.12316247727722
1664532829015,40.913433856072,-73.13253216806801,9.978758024567838,44.12316247727722
1664532830015,40.913433856072,-73.13253216806801,10.10038864781192,44.12316247727722
1664532832014,40.913433856072,-73.13253216806801,10.28522741429135,44.12316247727722
1664532834017,40.913433856072,-73.13253216806801,9.201668983508522,44.12316247727722
1664532836015,40.913433856072,-73.13253216806801,9.39202774792437,44.12316247727722
1664532838014,40.913433856072,-73.13253216806801,9.620590428872807,44.12316247727722
1664532840015,40.913433856072,-73.13253216806801,9.826228102189072,44.12316247727722
1664532842014,40.913433856072,-73.13253216806801,10.017972463471498,44.12316247727722
1664532843015,40.913433856072,-73.13253216806801,10.107866454703013,44.12316247727722
1664532850015,40.91343466183153,-73.13252817360141,9.626629751963621,44.27619131002575
1664532852015,40.91343466183153,-73.13252817360141,9.846461671373094,44.27619131002575
1664532854014,40.91343466183153,-73.13252817360141,10.042371979982102,44.27619131002575
1664532859012,40.91343466183153,-73.13252817360141,9.357437051512635,44.27619131002575
1664532860014,40.91343466183153,-73.13252817360141,9.447673032127804,44.27619131002575
1664532862011,40.91343466183153,-73.13252817360141,9.661602007290808,44.27619131002575
1664532863020,40.91343466183153,-73.13252817360141,9.766988478328638,44.27619131002575
1664532881012,40.91342267630584,-73.13255206856505,14.908254223562345,41.68730545043945
1664532883041,40.913432835082304,-73.13253011797087,10.10017986886674,44.17507679853588
1664532885014,40.913432835082304,-73.13253011797087,10.281646377855296,44.17507679853588
1664532886014,40.913432835082304,-73.13253011797087,10.377864123671833,44.17507679853588
1664532888015,40.913432835082304,-73.13253011797087,10.576714550212305,44.17507679853588
1664532905014,40.91342267630584,-73.13255206856505,14.908254223562345,41.597312927246094
1664532910012,40.91343267866487,-73.13253189261467,9.870548922589254,44.3955757310614
1664532911014,40.91343267866487,-73.13253189261467,9.966935870058235,44.3955757310614
1664532913014,40.91343267866487,-73.13253189261467,10.152501672165368,44.3955757310614
1664532915013,40.91343267866487,-73.13253189261467,10.343138510223982,44.3955757310614
1664532917012,40.91343267866487,-73.13253189261467,10.552385958304688,44.3955757310614
1664532918013,40.91343267866487,-73.13253189261467,10.606653300742284,44.3955757310614
1664532920012,40.91343267866487,-73.13253189261467,10.801049306345785,44.3955757310614
1664532921012,40.91343267866487,-73.13253189261467,10.872832504991099,44.3955757310614
1664532923014,40.91343267866487,-73.13253189261467,11.064910721952339,44.3955757310614
1664532925012,40.91343267866487,-73.13253189261467,11.252950498619777,44.3955757310614
1664532926012,40.91343267866487,-73.13253189261467,11.324868074994077,44.3955757310614
1664532928012,40.91343267866487,-73.13253189261467,11.507714638102797,44.3955757310614
1664532929013,40.91343267866487,-73.13253189261467,11.58228220610795,44.3955757310614
1664532930015,40.91343267866487,-73.13253189261467,10.079360175795218,44.3955757310614
1664532932012,40.91343267866487,-73.13253189261467,10.33441273545672,44.3955757310614
1664532934012,40.91343267866487,-73.13253189261467,10.533142192142,44.3955757310614
1664532935012,40.91343267866487,-73.13253189261467,10.634314291464372,44.3955757310614
1664532937012,40.91343267866487,-73.13253189261467,10.822068410245947,44.3955757310614
1664532939012,40.91343267866487,-73.13253189261467,11.000767168380028,44.3955757310614
1664532941013,40.91343267866487,-73.13253189261467,11.182237236895453,44.3955757310614
1664532942015,40.91343267866487,-73.13253189261467,11.137265525295787,44.3955757310614
1664532944013,40.91343267866487,-73.13253189261467,9.897751443864896,44.3955757310614
1664532945013,40.91343267866487,-73.13253189261467,10.009248315106424,44.3955757310614
1664532947012,40.91343267866487,-73.13253189261467,10.188337955434827,44.3955757310614
1664532949013,40.91343267866487,-73.13253189261467,10.46849384454,44.3955757310614
1664532951010,40.91343267866487,-73.13253189261467,10.659607997299693,44.3955757310614
1664532952013,40.91343267866487,-73.13253189261467,10.756737926030103,44.3955757310614
1664532954016,40.91343267866487,-73.13253189261467,10.789929653527508,44.3955757310614
1664532956013,40.91343267866487,-73.13253189261467,9.698038799192657,44.3955757310614
1664532958012,40.91343267866487,-73.13253189261467,9.865603096185144,44.3955757310614
1664532959012,40.91343267866487,-73.13253189261467,9.983972980957759,44.3955757310614
1664532961013,40.91343267866487,-73.13253189261467,10.163134687022334,44.3955757310614
1664532963020,40.91343267866487,-73.13253189261467,10.435816258922074,44.3955757310614
1664532965012,40.91343267866487,-73.13253189261467,10.637848862469223,44.3955757310614
1664532966016,40.91343267866487,-73.13253189261467,10.593637178236044,44.3955757310614
1664532968014,40.91343267866487,-73.13253189261467,9.561980838686377,44.3955757310614
1664532970015,40.91343267866487,-73.13253189261467,9.744045228572979,44.3955757310614
1664532972014,40.91343267866487,-73.13253189261467,9.947851985606157,44.3955757310614
1664532973014,40.91343267866487,-73.13253189261467,10.044919555085842,44.3955757310614
1664532975012,40.91343267866487,-73.13253189261467,10.33829454165003,44.3955757310614
1664532976012,40.91343267866487,-73.13253189261467,10.448079629421974,44.3955757310614
1664532977012,40.91343267866487,-73.13253189261467,10.540868780870888,44.3955757310614
1664532978016,40.91343267866487,-73.13253189261467,9.290056156775233,44.3955757310614
1664532980014,40.91343267866487,-73.13253189261467,9.496099307491871,44.3955757310614
1664532981015,40.91343267866487,-73.13253189261467,9.593898973636845,44.3955757310614
1664532983035,40.91343267866487,-73.13253189261467,9.806969234436858,44.3955757310614
1664532985014,40.91343267866487,-73.13253189261467,9.980291249697018,44.3955757310614
1664532987012,40.91343267866487,-73.13253189261467,10.19125298189834,44.3955757310614
1664532988013,40.91343267866487,-73.13253189261467,10.288773098779991,44.3955757310614
1664532990015,40.91343267866487,-73.13253189261467,9.191691317279071,44.3955757310614
1664532992012,40.91343267866487,-73.13253189261467,9.461745242423074,44.3955757310614
1664532993013,40.91343267866487,-73.13253189261467,9.569209198777568,44.3955757310614
1664532995013,40.91343267866487,-73.13253189261467,9.777078147305145,44.3955757310614
1664532997013,40.91343267866487,-73.13253189261467,9.998271525153946,44.3955757310614
1664532998013,40.91343267866487,-73.13253189261467,10.076554964407048,44.3955757310614
1664533000012,40.91343267866487,-73.13253189261467,10.288797995098506,44.3955757310614
1664533001013,40.91343267866487,-73.13253189261467,10.384859609854512,44.3955757310614
1664533003013,40.91343267866487,-73.13253189261467,10.575536503459565,44.3955757310614
1664533004015,40.91343267866487,-73.13253189261467,10.676191353975518,44.3955757310614
1664533006014,40.91343267866487,-73.13253189261467,10.86256499090551,44.3955757310614
1664533007015,40.91343267866487,-73.13253189261467,11.042977739382325,44.3955757310614
1664533009015,40.91343267866487,-73.13253189261467,11.233425472654561,44.3955757310614
1664533011013,40.91343267866487,-73.13253189261467,11.404356305583946,44.3955757310614
1664533013014,40.91343267866487,-73.13253189261467,11.563086512443272,44.3955757310614
1664533014014,40.91343267866487,-73.13253189261467,11.562975824217984,44.3955757310614
1664533017013,40.91343267866487,-73.13253189261467,10.367753688274137,44.3955757310614
1664533018013,40.91343267866487,-73.13253189261467,10.44747202589694,44.3955757310614
1664533020013,40.91343267866487,-73.13253189261467,10.622264027319641,44.3955757310614
1664533022013,40.91343267866487,-73.13253189261467,10.907405367056677,44.3955757310614
1664533024013,40.91343267866487,-73.13253189261467,11.113010422224212,44.3955757310614
1664533026014,40.91343267866487,-73.13253189261467,11.148536549220438,44.3955757310614
1664533028013,40.91343267866487,-73.13253189261467,9.923403054853468,44.3955757310614
1664533029267,40.91343267866487,-73.13253189261467,10.061986969927162,44.3955757310614
1664533031012,40.91343267866487,-73.13253189261467,10.232882516428289,44.3955757310614
1664533032013,40.91343267866487,-73.13253189261467,10.330427309725282,44.3955757310614
1664533034013,40.91343267866487,-73.13253189261467,10.512979600853601,44.3955757310614
1664533036013,40.91343267866487,-73.13253189261467,10.797183180726973,44.3955757310614
1664533038014,40.91343267866487,-73.13253189261467,9.527938910303497,44.3955757310614
1664533040014,40.91343267866487,-73.13253189261467,9.7479978129716,44.3955757310614
1664533042013,40.91343267866487,-73.13253189261467,9.847712817555948,44.3955757310614
1664533045013,40.91343267866487,-73.13253189261467,10.210302592587343,44.3955757310614
1664533046013,40.91343267866487,-73.13253189261467,10.327162117300912,44.3955757310614
1664533048012,40.91343267866487,-73.13253189261467,10.519427514209497,44.3955757310614
1664533049013,40.91343267866487,-73.13253189261467,10.612974316396064,44.3955757310614
1664533050014,40.91343267866487,-73.13253189261467,10.590027155325416,44.3955757310614
1664533051016,40.91343267866487,-73.13253189261467,9.459389965369338,44.3955757310614
1664533053015,40.91343267866487,-73.13253189261467,9.666492698154192,44.3955757310614
1664533055015,40.91343267866487,-73.13253189261467,9.853070045027838,44.3955757310614
1664533057014,40.91343267866487,-73.13253189261467,10.062454514448818,44.3955757310614
1664533061012,40.91343267866487,-73.13253189261467,10.54616029312645,44.3955757310614
1664533062015,40.91343267866487,-73.13253189261467,10.518172685794127,44.3955757310614
1664533063020,40.91343267866487,-73.13253189261467,9.396808802675105,44.3955757310614
1664533065013,40.91343267866487,-73.13253189261467,9.603282613283985,44.3955757310614
1664533067013,40.91343267866487,-73.13253189261467,9.789136325380122,44.3955757310614
1664533069013,40.91343267866487,-73.13253189261467,10.008918392612033,44.3955757310614
1664533071013,40.91343267866487,-73.13253189261467,10.21854621965826,44.3955757310614
1664533073013,40.91343267866487,-73.13253189261467,10.502073486046587,44.3955757310614
1664533074014,40.91343267866487,-73.13253189261467,9.210557317276216,44.3955757310614
1664533085013,40.91342267630584,-73.13255206856505,14.908254223562345,41.81144332885742
1664533087013,40.91343312070438,-73.13252962542855,9.296263927033477,44.72813768032938
1664533088013,40.91343312070438,-73.13252962542855,9.408189452243306,44.72813768032938
1664533090015,40.91343312070438,-73.13252962542855,9.704817812825185,44.72813768032938
1664533091016,40.91343312070438,-73.13252962542855,9.722492019156528,44.72813768032938
1664533109014,40.91342267630584,-73.13255206856505,14.908254223562345,42.14647674560547
1664533111012,40.91343367739131,-73.1325282072435,9.333406899876659,44.16371392458677
1664533112015,40.91343367739131,-73.1325282072435,9.426246406909232,44.16371392458677
1664533114014,40.91343367739131,-73.1325282072435,9.63550206878016,44.16371392458677
1664533115015,40.91343367739131,-73.1325282072435,9.758028168349345,44.16371392458677
1664533117014,40.91343367739131,-73.1325282072435,9.945150722206229,44.16371392458677
1664533122015,40.91343367739131,-73.1325282072435,10.340660334549074,44.16371392458677
1664533124015,40.91343367739131,-73.1325282072435,10.53589891585464,44.16371392458677
1664533126015,40.91343367739131,-73.1325282072435,10.692257360453306,44.16371392458677
1664533129014,40.91343367739131,-73.1325282072435,10.99536424145227,44.16371392458677
1664533130015,40.91343367739131,-73.1325282072435,11.172497333710057,44.16371392458677
1664533132014,40.91343367739131,-73.1325282072435,11.358127196597932,44.16371392458677
1664533134015,40.91343367739131,-73.1325282072435,11.416493666509687,44.16371392458677
1664533140014,40.91343281215094,-73.13252562884249,10.576207698696862,44.295567526482046
1664533141015,40.91343281215094,-73.13252562884249,10.669357987461803,44.295567526482046
1664533143012,40.91343281215094,-73.13252562884249,10.847724012474629,44.295567526482046
1664533144015,40.91343281215094,-73.13252562884249,10.91961829904317,44.295567526482046
1664533145016,40.91343281215094,-73.13252562884249,11.039376771271957,44.295567526482046
1664533147015,40.91343281215094,-73.13252562884249,9.786233748502012,44.295567526482046
1664533148015,40.91343281215094,-73.13252562884249,9.893275264736127,44.295567526482046
1664533150015,40.91343281215094,-73.13252562884249,10.10042501355342,44.295567526482046
1664533152015,40.91343281215094,-73.13252562884249,10.271969261395608,44.295567526482046
1664533154014,40.91343281215094,-73.13252562884249,10.465178287769243,44.295567526482046
1664533155015,40.91343281215094,-73.13252562884249,10.589181531043204,44.295567526482046
1664533157014,40.91343281215094,-73.13252562884249,10.764500303546178,44.295567526482046
1664533158015,40.91343281215094,-73.13252562884249,9.453896216023207,44.295567526482046
1664533160014,40.91343281215094,-73.13252562884249,9.633119353041021,44.295567526482046
1664533161015,40.91343281215094,-73.13252562884249,9.761939732425674,44.295567526482046
1664533163022,40.91343281215094,-73.13252562884249,9.963431340945935,44.295567526482046
1664533165014,40.91343281215094,-73.13252562884249,10.163992206801108,44.295567526482046
1664533166015,40.91343281215094,-73.13252562884249,10.254398194363729,44.295567526482046
1664533168015,40.91343281215094,-73.13252562884249,10.43919651959395,44.295567526482046
1664533170016,40.91343281215094,-73.13252562884249,9.301122287060759,44.295567526482046
1664533172014,40.91343281215094,-73.13252562884249,9.584884301825634,44.295567526482046
1664533173014,40.91343281215094,-73.13252562884249,9.56609751318867,44.295567526482046
1664533175012,40.91343281215094,-73.13252562884249,9.876249851011611,44.295567526482046
1664533176015,40.91343281215094,-73.13252562884249,9.996101775434932,44.295567526482046
1664533177015,40.91343281215094,-73.13252562884249,10.087550291310516,44.295567526482046
1664533179015,40.91343281215094,-73.13252562884249,10.271633930672694,44.295567526482046
1664533181015,40.91343281215094,-73.13252562884249,10.478517044978602,44.295567526482046
1664533182015,40.91343281215094,-73.13252562884249,9.255882445039008,44.295567526482046
1664533183041,40.91343281215094,-73.13252562884249,9.369310584006717,44.295567526482046
1664533185014,40.91343281215094,-73.13252562884249,9.640282080782207,44.295567526482046
1664533186015,40.91343281215094,-73.13252562884249,9.677893560175194,44.295567526482046
1664533187015,40.91343281215094,-73.13252562884249,9.856628625881841,44.295567526482046
1664533189014,40.91343281215094,-73.13252562884249,10.035274888352271,44.295567526482046
1664533190015,40.91343281215094,-73.13252562884249,10.165493931834314,44.295567526482046
1664533192014,40.91343281215094,-73.13252562884249,10.346732374822478,44.295567526482046
1664533193015,40.91343281215094,-73.13252562884249,10.443096344651613,44.295567526482046
1664533195009,40.91343281215094,-73.13252562884249,9.34181351774844,44.295567526482046
1664533196009,40.91343281215094,-73.13252562884249,9.377554135190524,44.295567526482046
1664533197009,40.91343281215094,-73.13252562884249,383.27434424561085,44.295567526482046
1664533198009,40.91343281215094,-73.13252562884249,389.7535857331993,44.295567526482046
1664533199014,40.91343281215094,-73.13252562884249,397.11300076026373,44.295567526482046
1664533203014,40.91343281215094,-73.13252562884249,10.164787053932102,44.295567526482046
1664533204015,40.91343281215094,-73.13252562884249,10.269875414013704,44.295567526482046
1664533206015,40.91343281215094,-73.13252562884249,9.2497470049216,44.295567526482046
1664533208016,40.91343281215094,-73.13252562884249,9.365653878700837,44.295567526482046
1664533210015,40.91343281215094,-73.13252562884249,9.666417533108305,44.295567526482046
1664533211015,40.91343281215094,-73.13252562884249,9.780827217252664,44.295567526482046
1664533213016,40.91343281215094,-73.13252562884249,9.99053126810008,44.295567526482046
1664533215013,40.91343281215094,-73.13252562884249,10.154702217313984,44.295567526482046
1664533216013,40.91343281215094,-73.13252562884249,10.269344505971125,44.295567526482046
1664533218017,40.91343281215094,-73.13252562884249,10.462708986469645,44.295567526482046
1664533223014,40.913432738795706,-73.1325273082026,9.787452912014466,44.25577362626791
1664533224015,40.913432738795706,-73.1325273082026,9.869332035240785,44.25577362626791
1664533226015,40.913432738795706,-73.1325273082026,10.10863240399006,44.25577362626791
1664533227015,40.913432738795706,-73.1325273082026,10.20745592205319,44.25577362626791
1664533240015,40.91343368708181,-73.13252382865839,10.29329848052177,44.114565572701395
1664533241015,40.91343368708181,-73.13252382865839,10.411209869969817,44.114565572701395
1664533242016,40.91343368708181,-73.13252382865839,9.21110136041021,44.114565572701395
1664533244016,40.91343368708181,-73.13252382865839,9.41501816764117,44.114565572701395
1664533252015,40.913433924215134,-73.13252297642906,10.225907635265544,44.23729739151895
1664533254014,40.913433924215134,-73.13252297642906,9.160099512979926,44.23729739151895
1664533255015,40.913433924215134,-73.13252297642906,9.274565681539526,44.23729739151895
1664533258012,40.913433924215134,-73.13252297642906,9.568315506199681,44.23729739151895
1664533259015,40.913433924215134,-73.13252297642906,9.743791162870947,44.23729739151895
1664533261015,40.913433924215134,-73.13252297642906,9.960528914824675,44.23729739151895
1664533262015,40.913433924215134,-73.13252297642906,10.06148960119013,44.23729739151895
1664533263022,40.913433924215134,-73.13252297642906,10.174415265654742,44.23729739151895
1664533265015,40.913433924215134,-73.13252297642906,10.375928448802908,44.23729739151895
1664533266015,40.913433924215134,-73.13252297642906,9.183733990008989,44.23729739151895
1664533268014,40.913433924215134,-73.13252297642906,9.388466910305794,44.23729739151895
1664533270013,40.913433924215134,-73.13252297642906,9.609546312138793,44.23729739151895
1664533272015,40.913433924215134,-73.13252297642906,9.818246651847003,44.23729739151895
1664533274016,40.913433924215134,-73.13252297642906,10.003477250306538,44.23729739151895
1664533277013,40.913433924215134,-73.13252297642906,10.38506704703352,44.23729739151895
1664533279013,40.913433924215134,-73.13252297642906,9.318985874662712,44.23729739151895
1664533280015,40.913433924215134,-73.13252297642906,9.401705304898856,44.23729739151895
1664533281015,40.913433924215134,-73.13252297642906,9.513035314478104,44.23729739151895
1664533283039,40.913433924215134,-73.13252297642906,9.71964308164417,44.23729739151895
1664533285014,40.913433924215134,-73.13252297642906,9.91931331850896,44.23729739151895
1664533286015,40.913433924215134,-73.13252297642906,10.037545495016875,44.23729739151895
1664533288015,40.913433924215134,-73.13252297642906,10.242606953055285,44.23729739151895
1664533290016,40.913433924215134,-73.13252297642906,9.156676472695118,44.23729739151895
1664533292013,40.913433924215134,-73.13252297642906,9.367425429976036,44.23729739151895
1664533293013,40.913433924215134,-73.13252297642906,9.480152651456327,44.23729739151895
1664533295013,40.913433924215134,-73.13252297642906,9.752979124266046,44.23729739151895
1664533297013,40.913433924215134,-73.13252297642906,9.977674650025062,44.23729739151895
1664533299015,40.913433924215134,-73.13252297642906,10.172577829626968,44.23729739151895
1664533301015,40.913433924215134,-73.13252297642906,10.362544424919843,44.23729739151895
1664533302015,40.913433924215134,-73.13252297642906,9.179818405024204,44.23729739151895
1664533304014,40.913433924215134,-73.13252297642906,9.401819358056008,44.23729739151895
1664533306013,40.913433924215134,-73.13252297642906,9.598564485748653,44.23729739151895
1664533311014,40.91343356044532,-73.13252569549606,10.208364969241288,44.24996595364064
1664533312015,40.91343356044532,-73.13252569549606,10.291875206063764,44.24996595364064
1664533314014,40.91343356044532,-73.13252569549606,9.202295203986465,44.24996595364064
1664533316013,40.91343356044532,-73.13252569549606,9.323896953809886,44.24996595364064
1664533330012,40.91343388939526,-73.1325255556546,9.567938956418725,44.45638259500265
1664533331013,40.91343388939526,-73.1325255556546,9.68059640102376,44.45638259500265
1664533332016,40.91343388939526,-73.1325255556546,9.858299353934536,44.45638259500265
1664533334012,40.91343388939526,-73.1325255556546,10.067937898732012,44.45638259500265
1664533336013,40.91343388939526,-73.1325255556546,10.265203520585546,44.45638259500265
1664533337014,40.91343388939526,-73.1325255556546,10.369930488636761,44.45638259500265
1664533338015,40.91343388939526,-73.1325255556546,9.187441037817546,44.45638259500265
1664533340012,40.91343388939526,-73.1325255556546,9.398358640334001,44.45638259500265
1664533341013,40.91343388939526,-73.1325255556546,9.511506812231962,44.45638259500265
1664533343013,40.91343388939526,-73.1325255556546,9.61628091599406,44.45638259500265
1664533347012,40.91343388939526,-73.1325255556546,10.128719442738323,44.45638259500265
1664533349012,40.91343388939526,-73.1325255556546,10.305949986559828,44.45638259500265
1664533350013,40.91343388939526,-73.1325255556546,10.300080595046488,44.45638259500265
1664533352012,40.91343388939526,-73.1325255556546,9.34802138616608,44.45638259500265
1664533353013,40.91343388939526,-73.1325255556546,9.47014701446153,44.45638259500265
1664533355013,40.91343388939526,-73.1325255556546,9.659830616038048,44.45638259500265
1664533357013,40.91343388939526,-73.1325255556546,9.849037830604185,44.45638259500265
1664533360012,40.91343388939526,-73.1325255556546,10.268716928317753,44.45638259500265
1664533361013,40.91343388939526,-73.1325255556546,10.360365947057959,44.45638259500265
1664533363020,40.91343388939526,-73.1325255556546,9.283660062264952,44.45638259500265
1664533365012,40.91343388939526,-73.1325255556546,9.504949701913063,44.45638259500265
1664533366013,40.91343388939526,-73.1325255556546,9.58997722096417,44.45638259500265
1664533370013,40.91343388939526,-73.1325255556546,10.011268951308642,44.45638259500265
1664533372013,40.91343388939526,-73.1325255556546,10.183837874207411,44.45638259500265
1664533374014,40.91343388939526,-73.1325255556546,9.151039531360313,44.45638259500265
1664533376012,40.91343388939526,-73.1325255556546,9.351075590525,44.45638259500265
1664533377012,40.91343388939526,-73.1325255556546,9.455883717292572,44.45638259500265
1664533379013,40.91343388939526,-73.1325255556546,9.676499558684686,44.45638259500265
1664533381013,40.91343388939526,-73.1325255556546,9.965537905113573,44.45638259500265
1664533383040,40.91343388939526,-73.1325255556546,10.151609462586118,44.45638259500265
1664533385013,40.91343388939526,-73.1325255556546,10.366718772285445,44.45638259500265
1664533386013,40.91343388939526,-73.1325255556546,9.17813092861914,44.45638259500265
1664533388012,40.91343388939526,-73.1325255556546,9.382968224654089,44.45638259500265
1664533389013,40.91343388939526,-73.1325255556546,9.502321042153511,44.45638259500265
1664533391013,40.91343388939526,-73.1325255556546,9.706447077947994,44.45638259500265
1664533393013,40.91343388939526,-73.1325255556546,9.91221727626916,44.45638259500265
1664533395013,40.91343388939526,-73.1325255556546,10.09508163001754,44.45638259500265
1664533409013,40.91342267630584,-73.13255206856505,14.908254223562345,41.867313385009766
1664533410014,40.913434456555834,-73.13252767778796,11.481235978097137,44.0550083052367
1664533412012,40.913434456555834,-73.13252767778796,10.215157592020958,44.0550083052367
1664533413013,40.913434456555834,-73.13252767778796,10.313253244528978,44.0550083052367
1664533415015,40.913434456555834,-73.13252767778796,10.507012879852686,44.0550083052367
1664533416015,40.913434456555834,-73.13252767778796,10.591389882401039,44.0550083052367
1664533418014,40.913434456555834,-73.13252767778796,10.71301468913386,44.0550083052367
1664533419015,40.913434456555834,-73.13252767778796,10.883841641915788,44.0550083052367
1664533421013,40.913434456555834,-73.13252767778796,11.07676493337182,44.0550083052367
1664533422014,40.913434456555834,-73.13252767778796,11.033879926450739,44.0550083052367
1664533424013,40.913434456555834,-73.13252767778796,9.817742115889343,44.0550083052367
1664533430013,40.913432367018736,-73.1325266300818,10.441619777983531,44.13562832213938
1664533432012,40.913432367018736,-73.1325266300818,10.719496390509192,44.13562832213938
1664533433013,40.913432367018736,-73.1325266300818,10.816607349806683,44.13562832213938
1664533434014,40.913432367018736,-73.1325266300818,9.47303919307559,44.13562832213938
1664533436013,40.913432367018736,-73.1325266300818,9.68813841841395,44.13562832213938
1664533437013,40.913432367018736,-73.1325266300818,9.69089990887867,44.13562832213938
1664533440013,40.913432367018736,-73.1325266300818,10.07753452545789,44.13562832213938
1664533442012,40.913432367018736,-73.1325266300818,10.289485174445032,44.13562832213938
1664533443013,40.913432367018736,-73.1325266300818,10.375051598858104,44.13562832213938
1664533445013,40.913432367018736,-73.1325266300818,10.657606704958459,44.13562832213938
1664533447012,40.913432367018736,-73.1325266300818,10.626656030251358,44.13562832213938
1664533451013,40.913432367018736,-73.1325266300818,11.105924113981237,44.13562832213938
1664533452013,40.913432367018736,-73.1325266300818,11.18302825386239,44.13562832213938
1664533453267,40.913432367018736,-73.1325266300818,11.330310961032916,44.13562832213938
1664533455012,40.913432367018736,-73.1325266300818,11.448289638404317,44.13562832213938
1664533456013,40.913432367018736,-73.1325266300818,11.562789913310164,44.13562832213938
1664533458014,40.913432367018736,-73.1325266300818,10.105188072793442,44.13562832213938
1664533460013,40.913432367018736,-73.1325266300818,10.2905170063205,44.13562832213938
1664533462013,40.913432367018736,-73.1325266300818,10.494452163178178,44.13562832213938
1664533463014,40.913432367018736,-73.1325266300818,10.583436759350786,44.13562832213938
1664533465012,40.913432367018736,-73.1325266300818,10.767642709407593,44.13562832213938
1664533479013,40.91343122000046,-73.1325307804506,10.628417100711339,44.18099358584732
1664533480015,40.91343122000046,-73.1325307804506,10.714315261580733,44.18099358584732
1664533482015,40.91343122000046,-73.1325307804506,10.773651001893375,44.18099358584732
1664533483041,40.91343122000046,-73.1325307804506,9.572827038315133,44.18099358584732
1664533505015,40.91342267630584,-73.13255206856505,14.908254223562345,41.60227966308594
1664533514106,40.91342267630584,-73.13255206856505,14.908254223562345,41.7148323059082
1664533526014,40.91342267630584,-73.13255206856505,14.908254223562345,41.833885192871094
1664533532220,40.91342267630584,-73.13255206856505,14.908254223562345,41.9178581237793
1664533544014,40.91342267630584,-73.13255206856505,14.908254223562345,42.196128845214844
1664533550022,40.91342267630584,-73.13255206856505,14.908254223562345,42.28709411621094
1664533558014,40.91344490236174,-73.13252958089338,9.791682818805395,46.05572875775397
1664533560013,40.91344490236174,-73.13252958089338,9.856197707478152,46.05572875775397
1664533561014,40.91344490236174,-73.13252958089338,9.960157634881194,46.05572875775397
1664533563018,40.91344490236174,-73.13252958089338,10.044890782695472,46.05572875775397
1664533570014,40.91345112517355,-73.13253001088218,9.6877965211806,44.3145829224959
1664533572013,40.91345112517355,-73.13253001088218,9.865330274657111,44.3145829224959
1664533574013,40.91345112517355,-73.13253001088218,10.058967468417412,44.3145829224959
1664533575014,40.91345112517355,-73.13253001088218,10.190532707785664,44.3145829224959
1664533578015,40.91345112517355,-73.13253001088218,9.308740816519823,44.3145829224959
1664533580014,40.91345112517355,-73.13253001088218,9.597652348132328,44.3145829224959
1664533581014,40.91345112517355,-73.13253001088218,9.712696070570564,44.3145829224959
1664533583039,40.91345112517355,-73.13253001088218,9.906348233660484,44.3145829224959
1664533585013,40.91345112517355,-73.13253001088218,10.106190141611398,44.3145829224959
1664533587014,40.91345112517355,-73.13253001088218,10.205673327686789,44.3145829224959
1664533589013,40.91345112517355,-73.13253001088218,9.29176437001869,44.3145829224959
1664533590013,40.91345112517355,-73.13253001088218,9.388149644146687,44.3145829224959
1664533592012,40.91345112517355,-73.13253001088218,9.70814021271173,44.3145829224959
1664533593013,40.91345112517355,-73.13253001088218,9.68846114816752,44.3145829224959
1664533601014,40.91344200237525,-73.13252981198022,9.346491222708128,44.086018573492765
1664533602015,40.91344200237525,-73.13252981198022,9.463096953730936,44.086018573492765
1664533604014,40.91344200237525,-73.13252981198022,9.67215949685348,44.086018573492765
1664533605015,40.91344200237525,-73.13252981198022,9.764196298346524,44.086018573492765
1664533606015,40.91344200237525,-73.13252981198022,9.841547365730285,44.086018573492765
1664533615013,40.9134397244695,-73.13253033974725,9.61537769117901,44.10291265975684
1664533616013,40.9134397244695,-73.13253033974725,9.688821741530854,44.10291265975684
1664533618013,40.9134397244695,-73.13253033974725,9.92550695967005,44.10291265975684
1664533620013,40.9134397244695,-73.13253033974725,10.099631710093691,44.10291265975684
1664533622013,40.9134397244695,-73.13253033974725,10.309452358035896,44.10291265975684
1664533624013,40.9134397244695,-73.13253033974725,9.265149648010848,44.10291265975684
1664533625013,40.9134397244695,-73.13253033974725,9.428495249724495,44.10291265975684
1664533627013,40.9134397244695,-73.13253033974725,9.648116895114399,44.10291265975684
1664533629013,40.9134397244695,-73.13253033974725,9.848120124014962,44.10291265975684
1664533631013,40.9134397244695,-73.13253033974725,10.059916580940172,44.10291265975684
1664533633013,40.9134397244695,-73.13253033974725,10.257490673546592,44.10291265975684
1664533634013,40.9134397244695,-73.13253033974725,10.252496557247587,44.10291265975684
1664533638013,40.9134397244695,-73.13253033974725,10.621335997038932,44.10291265975684
1664533639013,40.9134397244695,-73.13253033974725,10.71508769658777,44.10291265975684
1664533641013,40.9134397244695,-73.13253033974725,10.991857416705916,44.10291265975684
1664533647014,40.9134397244695,-73.13253033974725,11.531132878762614,44.10291265975684
1664533649014,40.9134397244695,-73.13253033974725,10.191675829215558,44.10291265975684
1664533651013,40.9134397244695,-73.13253033974725,10.373331438426538,44.10291265975684
1664533670013,40.91342267630584,-73.13255206856505,14.908254223562345,41.521236419677734
1664533682013,40.91342267630584,-73.13255206856505,14.908254223562345,41.61445617675781
1664533694014,40.91342267630584,-73.13255206856505,14.908254223562345,41.709651947021484
1664533706013,40.91342267630584,-73.13255206856505,14.908254223562345,41.800106048583984
1664533718013,40.91342267630584,-73.13255206856505,14.908254223562345,41.88896942138672
1664533730013,40.91342267630584,-73.13255206856505,14.908254223562345,41.95051956176758
1664533742014,40.91342267630584,-73.13255206856505,14.908254223562345,42.03356170654297
1664533754013,40.91342267630584,-73.13255206856505,14.908254223562345,42.104740142822266
1664533766014,40.91342267630584,-73.13255206856505,14.908254223562345,42.184532165527344
1664533778014,40.91342267630584,-73.13255206856505,14.908254223562345,42.26518630981445
1664533790013,40.91342267630584,-73.13255206856505,14.908254223562345,42.344573974609375
1664533802013,40.91342267630584,-73.13255206856505,14.908254223562345,42.421791076660156
1664533814012,40.91342267630584,-73.13255206856505,14.908254223562345,42.498931884765625
1664533826013,40.91342267630584,-73.13255206856505,14.908254223562345,42.572959899902344
1664533838013,40.91342267630584,-73.13255206856505,14.908254223562345,42.641357421875
1664533848013,40.91342511306024,-73.13252774242306,10.229350941880423,48.19174808263779
1664533849014,40.91342511306024,-73.13252774242306,10.295529584265998,48.19174808263779
1664533851015,40.91342511306024,-73.13252774242306,10.396253460532773,48.19174808263779
1664533853014,40.91342511306024,-73.13252774242306,9.405870948562896,48.19174808263779
1664533855013,40.91342511306024,-73.13252774242306,9.644162840914625,48.19174808263779
1664533857014,40.91342511306024,-73.13252774242306,9.834559637251676,48.19174808263779
1664533859013,40.91342511306024,-73.13252774242306,10.133652310547678,48.19174808263779
1664533861014,40.91342511306024,-73.13252774242306,10.31588530886651,48.19174808263779
1664533863019,40.91342511306024,-73.13252774242306,9.234123298621117,48.19174808263779
1664533865013,40.91342511306024,-73.13252774242306,9.439065613537268,48.19174808263779
1664533866013,40.91342511306024,-73.13252774242306,9.52861695404069,48.19174808263779
1664533868013,40.91342511306024,-73.13252774242306,9.751318600575875,48.19174808263779
1664533870013,40.91342511306024,-73.13252774242306,9.953443810445547,48.19174808263779
1664533872014,40.91342511306024,-73.13252774242306,10.159523124276285,48.19174808263779
1664533874013,40.91342511306024,-73.13252774242306,10.441588089965013,48.19174808263779
1664533875014,40.91342511306024,-73.13252774242306,9.2561860210188,48.19174808263779
1664533877013,40.91342511306024,-73.13252774242306,9.466300251249214,48.19174808263779
1664533878013,40.91342511306024,-73.13252774242306,9.579797441946724,48.19174808263779
1664533880013,40.91342511306024,-73.13252774242306,9.77779462728207,48.19174808263779
1664533881014,40.91342511306024,-73.13252774242306,9.888890014977427,48.19174808263779
1664533883039,40.91342511306024,-73.13252774242306,10.097766626121567,48.19174808263779
1664533885014,40.91342511306024,-73.13252774242306,10.288851593811312,48.19174808263779
1664533887015,40.91342511306024,-73.13252774242306,9.199138453220147,48.19174808263779
1664533889014,40.91342511306024,-73.13252774242306,9.405546013217215,48.19174808263779
1664533891013,40.91342511306024,-73.13252774242306,9.62006111020337,48.19174808263779
1664533893014,40.91342511306024,-73.13252774242306,9.813189213670183,48.19174808263779
1664533895014,40.91342511306024,-73.13252774242306,10.016028928744674,48.19174808263779
1664533897014,40.91342511306024,-73.13252774242306,10.296807328325157,48.19174808263779
1664533899015,40.91342511306024,-73.13252774242306,9.217163316728108,48.19174808263779
1664533901013,40.91342511306024,-73.13252774242306,9.412502627968047,48.19174808263779
1664533902015,40.91342511306024,-73.13252774242306,9.514180998791018,48.19174808263779
1664533904015,40.91342511306024,-73.13252774242306,9.721467899673591,48.19174808263779
1664533906015,40.91342511306024,-73.13252774242306,9.945777263017566,48.19174808263779
1664533908014,40.91342511306024,-73.13252774242306,10.135247889703699,48.19174808263779
1664533910014,40.91342511306024,-73.13252774242306,10.3267561938099,48.19174808263779
1664533912015,40.91342511306024,-73.13252774242306,10.424442971495461,48.19174808263779
1664533914016,40.91342511306024,-73.13252774242306,10.731937869357214,48.19174808263779
1664533916015,40.91342511306024,-73.13252774242306,10.914427990203148,48.19174808263779
1664533924015,40.91343100905989,-73.13252348654288,10.103337957289911,44.32910146098584
1664533926015,40.91343100905989,-73.13252348654288,10.306326331512668,44.32910146098584
1664533927016,40.91343100905989,-73.13252348654288,10.47879518997341,44.32910146098584
1664533929016,40.91343100905989,-73.13252348654288,10.58915202837447,44.32910146098584
1664533932016,40.91343100905989,-73.13252348654288,10.946288729967774,44.32910146098584
1664533933017,40.91343100905989,-73.13252348654288,11.053163327041878,44.32910146098584
1664533935015,40.91343100905989,-73.13252348654288,9.72932251643758,44.32910146098584
1664533936016,40.91343100905989,-73.13252348654288,9.85784884808622,44.32910146098584
1664533938016,40.91343100905989,-73.13252348654288,10.039211958262232,44.32910146098584
1664533940001,40.91343100905989,-73.13252348654288,148.5725783943978,44.32910146098584
1664533942001,40.913426714917705,-73.13252904568473,200.0,44.3475456237793
1664533943001,40.91343100905989,-73.13252348654288,220.60224283623623,44.32910146098584
1664533945001,40.91342594371144,-73.13253004407854,260.0482087361635,44.3475456237793
1664533946001,40.91343100905989,-73.13252348654288,332.72704897924064,44.32910146098584
1664533948000,40.91343100905989,-73.13252348654288,347.2224480517789,44.32910146098584
1664533950000,40.91343100905989,-73.13252348654288,339.15782184052506,44.32910146098584
1664533952000,40.91343100905989,-73.13252348654288,219.8760888679648,44.32910146098584
1664533954000,40.91342495594502,-73.13253132282838,202.62981794494186,44.3475456237793
1664533955000,40.91343100905989,-73.13252348654288,222.59310501888407,44.32910146098584
1664533956000,40.913426183799935,-73.13252973326303,222.59331795894724,44.3475456237793
1664533957000,40.913423401633864,-73.13253333501987,222.59349678524367,46.59444808959961
1664533958000,40.91343100905989,-73.13252348654288,320.011682378353,44.32910146098584
1664533959000,40.91342267770134,-73.1325342722137,248.56172135275057,44.3475456237793
1664533960000,40.913420058299394,-73.13253766325816,238.26859774031726,46.59444808959961
1664533961000,40.91343100905989,-73.13252348654288,238.2685977403192,44.32910146098584
1664533963000,40.91343100905989,-73.13252348654288,190.6639233182179,44.32910146098584
1664533964000,40.91343100905989,-73.13252348654288,178.71469389033408,44.32910146098584
1664533965000,40.913505064523385,-73.1325476809328,200.0,44.401126861572266
1664533967000,40.91353650805102,-73.13255795373284,200.0,50.71503829956055
1664533970000,40.91351309612233,-73.13255460394299,200.0,49.888240814208984
1664533971000,40.9134176513563,-73.13254094689447,360.8413601629944,48.59298328123987
1664533972015,40.9134176513563,-73.13254094689447,399.5296419080298,48.59298328123987
1664533974000,40.91341765135618,-73.13254094689444,342.13737437310556,48.59298324584961
1664533975000,40.9134176513563,-73.13254094689447,342.1373743731056,48.59298328123987
1664533976000,40.9134176513563,-73.13254094689447,313.59102922036715,48.59298328123987
1664533977000,40.9134176513562,-73.13254094689445,313.5911803773551,48.59298324584961
1664533978000,40.9134176513563,-73.13254094689447,324.5846268472622,48.59298328123987
1664533979014,40.9134176513563,-73.13254094689447,363.9967313204173,48.59298328123987
1664533987000,40.91341763169926,-73.13254098620831,364.0050079597592,48.559322357177734
1664534005014,40.91342267630584,-73.13255206856505,14.908254223562345,49.11221694946289
1664534017012,40.91342267630584,-73.13255206856505,14.908254223562345,49.115482330322266
1664534029012,40.91342267630584,-73.13255206856505,14.908254223562345,49.12234115600586
1664534041011,40.91342267630584,-73.13255206856505,14.908254223562345,49.10244369506836
1664534046012,40.913429874762215,-73.1325240267444,9.682348905124956,45.59847615566105
1664534048012,40.913429874762215,-73.1325240267444,9.879823355212638,45.59847615566105
1664534050012,40.913429874762215,-73.1325240267444,10.07986740577778,45.59847615566105
1664534052012,40.913429874762215,-73.1325240267444,10.366994024065384,45.59847615566105
1664534054013,40.913429874762215,-73.1325240267444,10.450299019556795,45.59847615566105
1664534056012,40.913429874762215,-73.1325240267444,9.473107013399447,45.59847615566105
1664534058011,40.913429874762215,-73.1325240267444,9.671214539056663,45.59847615566105
1664534059011,40.913429874762215,-73.1325240267444,9.784499752251193,45.59847615566105
1664534060012,40.913429874762215,-73.1325240267444,9.879343055220149,45.59847615566105
1664534062012,40.913429874762215,-73.1325240267444,10.086900507586483,45.59847615566105
1664534063019,40.913429874762215,-73.1325240267444,10.177324377971138,45.59847615566105
1664534077012,40.91342267630584,-73.13255206856505,14.908254223562345,43.01176452636719
1664534089012,40.91342267630584,-73.13255206856505,14.908254223562345,43.077518463134766
1664534094028,40.91342267630584,-73.13255206856505,14.908254223562345,43.301570892333984
1664534096012,40.91343907858006,-73.1325308805593,8.629592367368925,45.100882740691304
1664534097012,40.91343907858006,-73.1325308805593,8.728667910038496,45.100882740691304
1664534099012,40.91343907858006,-73.1325308805593,8.930431773343122,45.100882740691304
1664534101012,40.91343907858006,-73.1325308805593,9.158758705581992,45.100882740691304
1664534102013,40.91343907858006,-73.1325308805593,8.320551642818323,45.100882740691304
1664534113012,40.91342267630584,-73.13255206856505,14.908254223562345,42.51806640625
1664534125012,40.91342267630584,-73.13255206856505,14.908254223562345,42.582923889160156
1664534133095,40.91342267630584,-73.13255206856505,14.908254223562345,42.66748809814453
1664534145012,40.91342267630584,-73.13255206856505,14.908254223562345,42.76123809814453
1664534157013,40.91342267630584,-73.13255206856505,14.908254223562345,42.83793640136719
1664534163025,40.91342267630584,-73.13255206856505,14.908254223562345,42.898860931396484
1664534175012,40.91342267630584,-73.13255206856505,14.908254223562345,43.10015869140625
1664534187013,40.91342267630584,-73.13255206856505,14.908254223562345,43.185298919677734
1664534199011,40.91342267630584,-73.13255206856505,14.908254223562345,43.255455017089844
1664534208012,40.91343364661771,-73.13252623047157,9.9705693695342,46.840223968960345
1664534209013,40.91343364661771,-73.13252623047157,10.063930055153804,46.840223968960345
1664534211013,40.91343364661771,-73.13252623047157,10.258006416162402,46.840223968960345
1664534212013,40.91343364661771,-73.13252623047157,10.336772322961254,46.840223968960345
1664534223012,40.91342267630584,-73.13255206856505,14.908254223562345,44.25587844848633
1664534235012,40.91342267630584,-73.13255206856505,14.908254223562345,44.33345413208008
1664534243018,40.91342267630584,-73.13255206856505,14.908254223562345,44.40719223022461
1664534255012,40.91342267630584,-73.13255206856505,14.908254223562345,44.493438720703125
1664534267013,40.91342267630584,-73.13255206856505,14.908254223562345,44.56538391113281
1664534279012,40.91342267630584,-73.13255206856505,14.908254223562345,44.62449264526367
1664534291012,40.91342267630584,-73.13255206856505,14.908254223562345,44.6941032409668
1664534303012,40.91342267630584,-73.13255206856505,14.908254223562345,44.760643005371094
1664534315011,40.91342267630584,-73.13255206856505,14.908254223562345,44.83381652832031
1664534327010,40.91342267630584,-73.13255206856505,14.908254223562345,44.896026611328125
1664534339012,40.91342267630584,-73.13255206856505,14.908254223562345,44.95683288574219
1664534351012,40.91342267630584,-73.13255206856505,14.908254223562345,45.014381408691406
1664534363018,40.91342267630584,-73.13255206856505,14.908254223562345,45.07061004638672
1664534375012,40.91342267630584,-73.13255206856505,14.908254223562345,45.1284065246582
1664534387012,40.91342267630584,-73.13255206856505,14.908254223562345,45.183380126953125
1664534399012,40.91342267630584,-73.13255206856505,14.908254223562345,45.236610412597656
1664534405093,40.91342267630584,-73.13255206856505,14.908254223562345,45.278961181640625
1664534417012,40.91342267630584,-73.13255206856505,14.908254223562345,45.41876220703125
1664534429012,40.91342267630584,-73.13255206856505,14.908254223562345,45.472869873046875
1664534441012,40.91342267630584,-73.13255206856505,14.908254223562345,45.51649475097656
1664534453012,40.91342267630584,-73.13255206856505,14.908254223562345,45.55100631713867
1664534458012,40.91342487405619,-73.13252217351861,9.64677076679936,48.41848012898117
1664534460012,40.91342487405619,-73.13252217351861,9.822429264766425,48.41848012898117
1664534462012,40.91342487405619,-73.13252217351861,10.019843785122637,48.41848012898117
1664534466013,40.91342487405619,-73.13252217351861,9.167222337657147,48.41848012898117
1664534468012,40.91342487405619,-73.13252217351861,9.361711294562916,48.41848012898117
1664534469013,40.91342487405619,-73.13252217351861,9.458548195517352,48.41848012898117
1664534471012,40.91342487405619,-73.13252217351861,9.763129165286138,48.41848012898117
1664534473012,40.91342487405619,-73.13252217351861,9.939424974698893,48.41848012898117
1664534475012,40.91342487405619,-73.13252217351861,10.157366338072316,48.41848012898117
1664534477012,40.91342487405619,-73.13252217351861,10.334949081255786,48.41848012898117
1664534478013,40.91342487405619,-73.13252217351861,9.185911546059698,48.41848012898117
1664534480011,40.91342487405619,-73.13252217351861,9.392243454682205,48.41848012898117
1664534481012,40.91342487405619,-73.13252217351861,9.504919838825279,48.41848012898117
1664534483035,40.91342487405619,-73.13252217351861,9.704960302085468,48.41848012898117
1664534485012,40.91342487405619,-73.13252217351861,9.895855718767669,48.41848012898117
1664534487010,40.91342487405619,-73.13252217351861,10.088843408655427,48.41848012898117
1664534488012,40.91342487405619,-73.13252217351861,10.18799024772856,48.41848012898117
1664534489012,40.91342487405619,-73.13252217351861,10.286214146574855,48.41848012898117
1664534490013,40.91342487405619,-73.13252217351861,9.149592430686678,48.41848012898117
1664534492012,40.91342487405619,-73.13252217351861,9.348060872241334,48.41848012898117
1664534493013,40.91342487405619,-73.13252217351861,9.454638268687754,48.41848012898117
1664534495013,40.91342487405619,-73.13252217351861,9.749797723110218,48.41848012898117
1664534497012,40.91342487405619,-73.13252217351861,9.952940550671727,48.41848012898117
1664534498012,40.91342487405619,-73.13252217351861,10.054509092227974,48.41848012898117
1664534499012,40.91342487405619,-73.13252217351861,10.140855595249464,48.41848012898117
1664534501013,40.91342487405619,-73.13252217351861,10.24735730043564,48.41848012898117
1664534503013,40.91342487405619,-73.13252217351861,9.282458513789326,48.41848012898117
1664534505012,40.91342487405619,-73.13252217351861,9.491391178376688,48.41848012898117
1664534507012,40.91342487405619,-73.13252217351861,9.70437068719808,48.41848012898117
1664534509012,40.91342487405619,-73.13252217351861,9.892277076791208,48.41848012898117
1664534511012,40.91342487405619,-73.13252217351861,10.1077935459214,48.41848012898117
1664534513011,40.91342487405619,-73.13252217351861,10.396539158655397,48.41848012898117
1664534514012,40.91342487405619,-73.13252217351861,9.200794283930634,48.41848012898117
1664534516011,40.91342487405619,-73.13252217351861,9.396175197527098,48.41848012898117
1664534517012,40.91342487405619,-73.13252217351861,9.522097314566016,48.41848012898117
1664534519009,40.91342487405619,-73.13252217351861,9.725636446676575,48.41848012898117
1664534520011,40.91342487405619,-73.13252217351861,9.816940803630306,48.41848012898117
1664534521012,40.91342487405619,-73.13252217351861,9.937696677864892,48.41848012898117
1664534523011,40.91342487405619,-73.13252217351861,10.137254177364383,48.41848012898117
1664534525012,40.91342487405619,-73.13252217351861,10.326980920160045,48.41848012898117
1664534526012,40.91342487405619,-73.13252217351861,9.155648457581893,48.41848012898117
1664534528011,40.91342487405619,-73.13252217351861,9.363572506045376,48.41848012898117
1664534529011,40.91342487405619,-73.13252217351861,9.46767403992425,48.41848012898117
1664534531012,40.91342487405619,-73.13252217351861,9.765825430785988,48.41848012898117
1664534533011,40.91342487405619,-73.13252217351861,9.970068105817631,48.41848012898117
1664534535011,40.91342487405619,-73.13252217351861,10.16201558036127,48.41848012898117
1664534537012,40.91342487405619,-73.13252217351861,10.367730347459682,48.41848012898117
1664534538013,40.91342487405619,-73.13252217351861,10.344209448492402,48.41848012898117
1664534540011,40.91342487405619,-73.13252217351861,10.533838462536014,48.41848012898117
1664534541011,40.91342487405619,-73.13252217351861,10.612335076714068,48.41848012898117
1664534542011,40.91342487405619,-73.13252217351861,10.718163226815525,48.41848012898117
1664534543012,40.91342487405619,-73.13252217351861,10.815549173953567,48.41848012898117
1664534545012,40.91342487405619,-73.13252217351861,10.984827111722385,48.41848012898117
1664534547012,40.91342487405619,-73.13252217351861,11.16540085670566,48.41848012898117
1664534549012,40.91342487405619,-73.13252217351861,11.441644837245022,48.41848012898117
1664534550012,40.91342487405619,-73.13252217351861,11.528158297365476,48.41848012898117
1664534552012,40.91342487405619,-73.13252217351861,10.20453646461424,48.41848012898117
1664534554012,40.91342487405619,-73.13252217351861,10.380795582496239,48.41848012898117
1664534556012,40.91342487405619,-73.13252217351861,10.56249594100417,48.41848012898117
1664534558012,40.91342487405619,-73.13252217351861,10.766655970111328,48.41848012898117
1664534560011,40.91342487405619,-73.13252217351861,10.94368274642629,48.41848012898117
1664534562012,40.91342487405619,-73.13252217351861,11.080411942723448,48.41848012898117
1664534563017,40.91342487405619,-73.13252217351861,9.796371382152696,48.41848012898117
1664534565012,40.91342487405619,-73.13252217351861,9.997875661542144,48.41848012898117
1664534570012,40.91342487405619,-73.13252217351861,10.46938227263985,48.41848012898117
1664534572012,40.91342487405619,-73.13252217351861,10.682241566979906,48.41848012898117
1664534573012,40.91342487405619,-73.13252217351861,10.766167032701013,48.41848012898117
1664534574013,40.91342487405619,-73.13252217351861,10.744643949506354,48.41848012898117
1664534576011,40.91342487405619,-73.13252217351861,9.658125869789805,48.41848012898117
1664534577012,40.91342487405619,-73.13252217351861,9.743430567568687,48.41848012898117
1664534578012,40.91342487405619,-73.13252217351861,9.843251329728139,48.41848012898117
1664534580012,40.91342487405619,-73.13252217351861,10.058588400866999,48.41848012898117
1664534582012,40.91342487405619,-73.13252217351861,10.252133002005454,48.41848012898117
1664534583033,40.91342487405619,-73.13252217351861,10.431076118487395,48.41848012898117
1664534585012,40.91342487405619,-73.13252217351861,10.621090784743922,48.41848012898117
1664534586012,40.91342487405619,-73.13252217351861,10.59520551110319,48.41848012898117
1664534590011,40.91342487405619,-73.13252217351861,9.774376042310742,48.41848012898117
1664534591012,40.91342487405619,-73.13252217351861,9.87788168151999,48.41848012898117
1664534593012,40.91342487405619,-73.13252217351861,10.074269843965656,48.41848012898117
1664534595012,40.91342487405619,-73.13252217351861,10.272545468305625,48.41848012898117
1664534596012,40.91342487405619,-73.13252217351861,10.371991563866338,48.41848012898117
1664534598013,40.91342487405619,-73.13252217351861,9.323066890767759,48.41848012898117
1664534600012,40.91342487405619,-73.13252217351861,9.433578096433795,48.41848012898117
1664534602012,40.91342487405619,-73.13252217351861,9.73757256862979,48.41848012898117
1664534604012,40.91342487405619,-73.13252217351861,9.938277554160875,48.41848012898117
1664534605013,40.91342487405619,-73.13252217351861,10.051978053907145,48.41848012898117
1664534607011,40.91342487405619,-73.13252217351861,10.229059460802041,48.41848012898117
1664534608012,40.91342487405619,-73.13252217351861,10.339523093497933,48.41848012898117
1664534610013,40.91342487405619,-73.13252217351861,10.416634183663692,48.41848012898117
1664534612012,40.91342487405619,-73.13252217351861,9.43986544794458,48.41848012898117
1664534613013,40.91342487405619,-73.13252217351861,9.540652268590435,48.41848012898117
1664534622014,40.91343404761913,-73.13252619471288,9.238169286062362,44.35532808769494
1664534624011,40.91343404761913,-73.13252619471288,9.434789878473294,44.35532808769494
1664534625012,40.91343404761913,-73.13252619471288,9.544618032558185,44.35532808769494
1664534626013,40.91343404761913,-73.13252619471288,9.641800465452146,44.35532808769494
1664534628012,40.91343404761913,-73.13252619471288,9.839726997251661,44.35532808769494
1664534630013,40.91343404761913,-73.13252619471288,10.14240422242079,44.35532808769494
1664534632012,40.91343404761913,-73.13252619471288,10.243926851297248,44.35532808769494
1664534638013,40.913433107662726,-73.13252719185186,9.656648329260262,44.03421046491712
1664534640012,40.913433107662726,-73.13252719185186,9.851493713124636,44.03421046491712
1664534642012,40.913433107662726,-73.13252719185186,10.06294011011309,44.03421046491712
1664534644012,40.913433107662726,-73.13252719185186,10.265465651450606,44.03421046491712
1664534646013,40.913433107662726,-73.13252719185186,9.18288511370129,44.03421046491712
1664534648012,40.913433107662726,-73.13252719185186,9.386805634823705,44.03421046491712
1664534649012,40.913433107662726,-73.13252719185186,9.474527483200728,44.03421046491712
1664534651012,40.913433107662726,-73.13252719185186,9.785586358034543,44.03421046491712
1664534653012,40.913433107662726,-73.13252719185186,9.990004467338979,44.03421046491712
1664534654012,40.913433107662726,-73.13252719185186,10.085284053802086,44.03421046491712
1664534656012,40.913433107662726,-73.13252719185186,10.286446485286895,44.03421046491712
1664534658014,40.913433107662726,-73.13252719185186,9.206645241623868,44.03421046491712
1664534660012,40.913433107662726,-73.13252719185186,9.414622517256806,44.03421046491712
1664534662012,40.913433107662726,-73.13252719185186,9.58864941966881,44.03421046491712
1664534670013,40.913433083794054,-73.13252879010518,9.15398554398192,44.24811178352684
1664534672012,40.913433083794054,-73.13252879010518,9.436230611992547,44.24811178352684
1664534674012,40.913433083794054,-73.13252879010518,9.658148562317672,44.24811178352684
1664534676012,40.913433083794054,-73.13252879010518,9.849600966966793,44.24811178352684
1664534678012,40.913433083794054,-73.13252879010518,10.048450266223663,44.24811178352684
1664534680011,40.913433083794054,-73.13252879010518,10.250183634532666,44.24811178352684
1664534681012,40.913433083794054,-73.13252879010518,10.335615263962627,44.24811178352684
1664534682013,40.913433083794054,-73.13252879010518,10.324648745226712,44.24811178352684
1664534683037,40.913433083794054,-73.13252879010518,9.276569842184013,44.24811178352684
1664534685012,40.913433083794054,-73.13252879010518,9.466619764013789,44.24811178352684
1664534692012,40.91343338483616,-73.13252720139741,10.29031467643985,43.975489595904946
1664534693012,40.91343338483616,-73.13252720139741,10.388357759596193,43.975489595904946
1664534694014,40.91343338483616,-73.13252720139741,9.204135620797539,43.975489595904946
1664534696012,40.91343338483616,-73.13252720139741,9.416470746464302,43.975489595904946
1664534698012,40.91343338483616,-73.13252720139741,9.626174457033015,43.975489595904946
1664534699012,40.91343338483616,-73.13252720139741,9.71388863634815,43.975489595904946
1664534701012,40.91343338483616,-73.13252720139741,9.934397753410869,43.975489595904946
1664534703012,40.91343338483616,-73.13252720139741,10.117702507763513,43.975489595904946
1664534705012,40.91343338483616,-73.13252720139741,10.314063058907786,43.975489595904946
1664534707012,40.91343338483616,-73.13252720139741,10.394675066160156,43.975489595904946
1664534708012,40.91343338483616,-73.13252720139741,10.502323799129849,43.975489595904946
1664534710012,40.91343338483616,-73.13252720139741,10.784550786186186,43.975489595904946
1664534714012,40.91343338483616,-73.13252720139741,11.150191019562152,43.975489595904946
1664534715012,40.91343338483616,-73.13252720139741,11.241947311344807,43.975489595904946
1664534716012,40.91343338483616,-73.13252720139741,11.31142629006393,43.975489595904946
1664534717013,40.91343338483616,-73.13252720139741,11.420985185223643,43.975489595904946
1664534718014,40.91343338483616,-73.13252720139741,9.974743334113944,43.975489595904946
1664534720016,40.91343338483616,-73.13252720139741,10.149012428724953,43.975489595904946
1664534722012,40.91343338483616,-73.13252720139741,10.356314635542855,43.975489595904946
1664534724012,40.91343338483616,-73.13252720139741,10.54698004963205,43.975489595904946
1664534726012,40.91343338483616,-73.13252720139741,10.713168593618585,43.975489595904946
1664534732013,40.9134314517784,-73.13252542470168,9.882775652968222,44.22525175195187
1664534734012,40.9134314517784,-73.13252542470168,10.094740883207177,44.22525175195187
1664534735013,40.9134314517784,-73.13252542470168,10.172301618774394,44.22525175195187
1664534737013,40.9134314517784,-73.13252542470168,10.373838779066922,44.22525175195187
1664534739013,40.9134314517784,-73.13252542470168,10.571652652556121,44.22525175195187
1664534741013,40.9134314517784,-73.13252542470168,10.765282726033622,44.22525175195187
1664534742013,40.9134314517784,-73.13252542470168,9.447175344268787,44.22525175195187
1664534744013,40.9134314517784,-73.13252542470168,9.648949821232609,44.22525175195187
1664534746012,40.9134314517784,-73.13252542470168,9.835573866896649,44.22525175195187
1664534748013,40.9134314517784,-73.13252542470168,10.140979576731711,44.22525175195187
1664534750012,40.9134314517784,-73.13252542470168,10.329241097615366,44.22525175195187
1664534752011,40.9134314517784,-73.13252542470168,10.52012753453372,44.22525175195187
1664534753012,40.9134314517784,-73.13252542470168,10.627483878921229,44.22525175195187
1664534754012,40.9134314517784,-73.13252542470168,10.60433648304012,44.22525175195187
1664534756012,40.9134314517784,-73.13252542470168,10.787053678673473,44.22525175195187
1664534758012,40.9134314517784,-73.13252542470168,10.97684007606925,44.22525175195187
1664534761011,40.9134314517784,-73.13252542470168,11.251958484556335,44.22525175195187
1664534762012,40.9134314517784,-73.13252542470168,11.323286529664838,44.22525175195187
1664534763020,40.9134314517784,-73.13252542470168,11.415613521089556,44.22525175195187
1664534765011,40.9134314517784,-73.13252542470168,11.599889497392802,44.22525175195187
1664534766013,40.9134314517784,-73.13252542470168,11.77555097788952,44.22525175195187
1664534768012,40.9134314517784,-73.13252542470168,10.35080297170665,44.22525175195187
1664534770011,40.9134314517784,-73.13252542470168,10.534359843121054,44.22525175195187
1664534772012,40.9134314517784,-73.13252542470168,10.709772030898657,44.22525175195187
1664534774012,40.9134314517784,-73.13252542470168,10.90880187210315,44.22525175195187
1664534776011,40.9134314517784,-73.13252542470168,11.080877183558941,44.22525175195187
1664534778013,40.9134314517784,-73.13252542470168,11.136162255008196,44.22525175195187
1664534780012,40.9134314517784,-73.13252542470168,9.92182460872296,44.22525175195187
1664534782011,40.9134314517784,-73.13252542470168,10.179910616429279,44.22525175195187
1664534786012,40.9134314517784,-73.13252542470168,10.59917360180838,44.22525175195187
1664534788012,40.9134314517784,-73.13252542470168,10.771907683217846,44.22525175195187
1664534790012,40.9134314517784,-73.13252542470168,10.841198334484648,44.22525175195187
1664534792012,40.9134314517784,-73.13252542470168,9.722360141205383,44.22525175195187
1664534794012,40.9134314517784,-73.13252542470168,9.902994253469268,44.22525175195187
1664534796011,40.9134314517784,-73.13252542470168,10.191287517784724,44.22525175195187
1664534798012,40.9134314517784,-73.13252542470168,10.38505566500836,44.22525175195187
1664534800011,40.9134314517784,-73.13252542470168,10.591557785093762,44.22525175195187
1664534802012,40.9134314517784,-73.13252542470168,9.399936707501443,44.22525175195187
1664534804011,40.9134314517784,-73.13252542470168,9.600594558831176,44.22525175195187
1664534806011,40.9134314517784,-73.13252542470168,9.803308433938748,44.22525175195187
1664534808011,40.9134314517784,-73.13252542470168,9.988192069650184,44.22525175195187
1664534809011,40.9134314517784,-73.13252542470168,10.096820121859357,44.22525175195187
1664534811011,40.9134314517784,-73.13252542470168,10.308316778941998,44.22525175195187
1664534813011,40.9134314517784,-73.13252542470168,10.49559010809707,44.22525175195187
1664534814012,40.9134314517784,-73.13252542470168,9.271196126499785,44.22525175195187
1664534816011,40.9134314517784,-73.13252542470168,9.474917255148865,44.22525175195187
1664534817012,40.9134314517784,-73.13252542470168,9.653402028799254,44.22525175195187
1664534819011,40.9134314517784,-73.13252542470168,9.858264282606463,44.22525175195187
1664534821011,40.9134314517784,-73.13252542470168,10.074328604055834,44.22525175195187
1664534823011,40.9134314517784,-73.13252542470168,10.273161727277914,44.22525175195187
1664534824011,40.9134314517784,-73.13252542470168,10.363766018668468,44.22525175195187
1664534826013,40.9134314517784,-73.13252542470168,10.431312145281474,44.22525175195187
1664534828012,40.9134314517784,-73.13252542470168,9.45457306672498,44.22525175195187
1664534830012,40.9134314517784,-73.13252542470168,9.661060338810495,44.22525175195187
1664534832012,40.9134314517784,-73.13252542470168,9.86480197379295,44.22525175195187
1664534834012,40.9134314517784,-73.13252542470168,10.065160908394805,44.22525175195187
1664534836011,40.9134314517784,-73.13252542470168,10.357772802308665,44.22525175195187
1664534838013,40.9134314517784,-73.13252542470168,9.253517767395733,44.22525175195187
1664534840012,40.9134314517784,-73.13252542470168,9.446117139144201,44.22525175195187
1664534841012,40.9134314517784,-73.13252542470168,9.546958899937108,44.22525175195187
1664534843011,40.9134314517784,-73.13252542470168,9.76858031616215,44.22525175195187
1664534845011,40.9134314517784,-73.13252542470168,9.972548694235648,44.22525175195187
1664534847011,40.9134314517784,-73.13252542470168,10.154026861428152,44.22525175195187
1664534849011,40.9134314517784,-73.13252542470168,10.348977202277077,44.22525175195187
1664534850012,40.9134314517784,-73.13252542470168,10.348863092422372,44.22525175195187
1664534852011,40.9134314517784,-73.13252542470168,9.397134286686047,44.22525175195187
1664534853012,40.9134314517784,-73.13252542470168,9.494596476791067,44.22525175195187
1664534855012,40.9134314517784,-73.13252542470168,9.79871674464186,44.22525175195187
1664534857012,40.9134314517784,-73.13252542470168,9.974984064819271,44.22525175195187
1664534859012,40.9134314517784,-73.13252542470168,10.179674728580087,44.22525175195187
1664534861011,40.9134314517784,-73.13252542470168,10.394598586582507,44.22525175195187
1664534862013,40.9134314517784,-73.13252542470168,9.191765226889551,44.22525175195187
1664534863018,40.9134314517784,-73.13252542470168,9.314283444380484,44.22525175195187
1664534865011,40.9134314517784,-73.13252542470168,9.512602086957873,44.22525175195187
1664534866012,40.9134314517784,-73.13252542470168,9.60381577288884,44.22525175195187
1664534868012,40.9134314517784,-73.13252542470168,9.821002434045,44.22525175195187
1664534870013,40.9134314517784,-73.13252542470168,10.022573826784777,44.22525175195187
1664534872011,40.9134314517784,-73.13252542470168,10.317567193186287,44.22525175195187
1664534873012,40.9134314517784,-73.13252542470168,10.415217672125836,44.22525175195187
1664534874012,40.9134314517784,-73.13252542470168,10.397182685640539,44.22525175195187
1664534876012,40.9134314517784,-73.13252542470168,9.4141729804222,44.22525175195187
1664534878012,40.9134314517784,-73.13252542470168,9.632368976070284,44.22525175195187
1664534880012,40.9134314517784,-73.13252542470168,9.82737964819872,44.22525175195187
1664534881012,40.9134314517784,-73.13252542470168,9.943853597255263,44.22525175195187
1664534883039,40.9134314517784,-73.13252542470168,10.137782120408273,44.22525175195187
1664534885014,40.9134314517784,-73.13252542470168,10.3337047188008,44.22525175195187
1664534886014,40.9134314517784,-73.13252542470168,10.414769172785919,44.22525175195187
1664534888013,40.9134314517784,-73.13252542470168,9.44842519255107,44.22525175195187
1664534890012,40.9134314517784,-73.13252542470168,9.65325769747509,44.22525175195187
1664534892012,40.9134314517784,-73.13252542470168,9.85954378313934,44.22525175195187
1664534894012,40.9134314517784,-73.13252542470168,10.059747348941722,44.22525175195187
1664534895013,40.9134314517784,-73.13252542470168,10.166405619083625,44.22525175195187
1664534896014,40.9134314517784,-73.13252542470168,10.245174111711037,44.22525175195187
1664534898014,40.9134314517784,-73.13252542470168,9.178814485919785,44.22525175195187
1664534900014,40.9134314517784,-73.13252542470168,9.368258680124729,44.22525175195187
1664534902012,40.9134314517784,-73.13252542470168,9.580467564261758,44.22525175195187
1664534904012,40.9134314517784,-73.13252542470168,9.80450459045276,44.22525175195187
1664534906012,40.9134314517784,-73.13252542470168,10.087774565955451,44.22525175195187
1664534907012,40.9134314517784,-73.13252542470168,10.186706270090017,44.22525175195187
1664534909012,40.9134314517784,-73.13252542470168,10.381967810799994,44.22525175195187
1664534910013,40.9134314517784,-73.13252542470168,10.370064622924332,44.22525175195187
1664534912012,40.9134314517784,-73.13252542470168,9.412965643103059,44.22525175195187
1664534913012,40.9134314517784,-73.13252542470168,9.505135732119157,44.22525175195187
1664534915012,40.9134314517784,-73.13252542470168,9.714903326280805,44.22525175195187
1664534917012,40.9134314517784,-73.13252542470168,9.910963179252304,44.22525175195187
1664534919012,40.9134314517784,-73.13252542470168,10.127639281497995,44.22525175195187
1664534920012,40.9134314517784,-73.13252542470168,10.216902215982536,44.22525175195187
1664534922013,40.9134314517784,-73.13252542470168,9.158337094961079,44.22525175195187
1664534924012,40.9134314517784,-73.13252542470168,9.435490172418518,44.22525175195187
1664534925012,40.9134314517784,-73.13252542470168,9.52661084844079,44.22525175195187
1664534927012,40.9134314517784,-73.13252542470168,9.738041806420632,44.22525175195187
1664534929012,40.9134314517784,-73.13252542470168,9.953221740207331,44.22525175195187
1664534931012,40.9134314517784,-73.13252542470168,10.164177194451014,44.22525175195187
1664534932012,40.9134314517784,-73.13252542470168,10.25205576729668,44.22525175195187
1664534934013,40.9134314517784,-73.13252542470168,9.183847929820736,44.22525175195187
1664534936012,40.9134314517784,-73.13252542470168,9.392745783309916,44.22525175195187
1664534937012,40.9134314517784,-73.13252542470168,9.460519235212761,44.22525175195187
1664534940012,40.9134314517784,-73.13252542470168,9.793684841771615,44.22525175195187
1664534941012,40.9134314517784,-73.13252542470168,9.903857824996631,44.22525175195187
1664534943012,40.9134314517784,-73.13252542470168,10.094321597772819,44.22525175195187
1664534945012,40.9134314517784,-73.13252542470168,10.28899149459296,44.22525175195187
1664534946013,40.9134314517784,-73.13252542470168,9.138448540354453,44.22525175195187
1664534948012,40.9134314517784,-73.13252542470168,9.341044379554356,44.22525175195187
1664534949012,40.9134314517784,-73.13252542470168,9.449061643881052,44.22525175195187
1664534951012,40.9134314517784,-73.13252542470168,9.65968338806277,44.22525175195187
1664534953012,40.9134314517784,-73.13252542470168,9.843875668700733,44.22525175195187
1664534955012,40.9134314517784,-73.13252542470168,10.059516242655917,44.22525175195187
1664534957012,40.9134314517784,-73.13252542470168,10.351261815634842,44.22525175195187
1664534958013,40.9134314517784,-73.13252542470168,10.335639856978505,44.22525175195187
1664534960012,40.9134314517784,-73.13252542470168,9.387119621693829,44.22525175195187
1664534961012,40.9134314517784,-73.13252542470168,9.497886847271493,44.22525175195187
1664534963018,40.9134314517784,-73.13252542470168,9.707911658085234,44.22525175195187
1664534965012,40.9134314517784,-73.13252542470168,9.904449216622126,44.22525175195187
1664534967010,40.9134314517784,-73.13252542470168,10.10214243221971,44.22525175195187
1664534968012,40.9134314517784,-73.13252542470168,10.188279752005569,44.22525175195187
1664534969012,40.9134314517784,-73.13252542470168,10.307976522172236,44.22525175195187
1664534970013,40.9134314517784,-73.13252542470168,9.141940854802861,44.22525175195187
1664534972012,40.9134314517784,-73.13252542470168,9.31923394627703,44.22525175195187
1664534973013,40.9134314517784,-73.13252542470168,9.42798009847972,44.22525175195187
1664534975012,40.9134314517784,-73.13252542470168,9.651986938516378,44.22525175195187
1664534985012,40.91343401722255,-73.13252727802318,9.48859816542538,44.25214279349893
1664534987012,40.91343401722255,-73.13252727802318,9.70256450191068,44.25214279349893
1664534989011,40.91343401722255,-73.13252727802318,9.90407023758055,44.25214279349893
1664534991012,40.91343401722255,-73.13252727802318,10.106463650130515,44.25214279349893
1664534993012,40.91343401722255,-73.13252727802318,10.300518643149507,44.25214279349893
1664534994013,40.91343401722255,-73.13252727802318,9.145831047692745,44.25214279349893
1664534996011,40.91343401722255,-73.13252727802318,9.340850105777237,44.25214279349893
1664534997012,40.91343401722255,-73.13252727802318,9.438231801018604,44.25214279349893
1664534999010,40.91343401722255,-73.13252727802318,9.655872349957011,44.25214279349893
1664535000011,40.91343401722255,-73.13252727802318,9.848250925174913,44.25214279349893
1664535002011,40.91343401722255,-73.13252727802318,10.055821453717067,44.25214279349893
1664535004012,40.91343401722255,-73.13252727802318,10.240892848697557,44.25214279349893
1664535006013,40.91343401722255,-73.13252727802318,9.177895069993479,44.25214279349893
1664535007023,40.91343401722255,-73.13252727802318,9.281850807865347,44.25214279349893
1664535009011,40.91343401722255,-73.13252727802318,9.496115020291647,44.25214279349893
1664535010012,40.91343401722255,-73.13252727802318,9.599373179709309,44.25214279349893
1664535012011,40.91343401722255,-73.13252727802318,9.800415224621526,44.25214279349893
1664535014012,40.91343401722255,-73.13252727802318,10.007281120484182,44.25214279349893
1664535016011,40.91343401722255,-73.13252727802318,10.20567510863816,44.25214279349893
1664535018013,40.91343401722255,-73.13252727802318,10.386877723216983,44.25214279349893
1664535020012,40.91343401722255,-73.13252727802318,9.422881252975495,44.25214279349893
1664535041012,40.91342267630584,-73.13255206856505,14.908254223562345,41.663368225097656
1664535049043,40.91342267630584,-73.13255206856505,14.908254223562345,41.710533142089844
1664535051029,40.91342267630584,-73.13255206856505,14.908254223562345,41.72539520263672
1664535063015,40.91342267630584,-73.13255206856505,14.908254223562345,41.815040588378906
1664535065012,40.91343129230658,-73.13252973554827,9.478378816567213,44.950714209116995
1664535067012,40.91343129230658,-73.13252973554827,9.677949816835026,44.950714209116995
1664535069012,40.91343129230658,-73.13252973554827,9.950067033775012,44.950714209116995
1664535071011,40.91343129230658,-73.13252973554827,10.050382624073569,44.950714209116995
1664535073012,40.91343129230658,-73.13252973554827,10.36504469090365,44.950714209116995
1664535075011,40.91343129230658,-73.13252973554827,10.555832303703577,44.950714209116995
1664535076012,40.91343129230658,-73.13252973554827,10.534174570755095,44.950714209116995
1664535098012,40.91342267630584,-73.13255206856505,14.908254223562345,42.36491012573242
1664535107037,40.91342267630584,-73.13255206856505,14.908254223562345,42.43864440917969
1664535119012,40.91342267630584,-73.13255206856505,14.908254223562345,42.52734375
1664535131012,40.91342267630584,-73.13255206856505,14.908254223562345,42.60246276855469
1664535143012,40.91342267630584,-73.13255206856505,14.908254223562345,42.675880432128906
1664535155011,40.91342267630584,-73.13255206856505,14.908254223562345,42.745574951171875
1664535167012,40.91342267630584,-73.13255206856505,14.908254223562345,42.81404495239258
1664535179012,40.91342267630584,-73.13255206856505,14.908254223562345,42.88178253173828
1664535191009,40.91342267630584,-73.13255206856505,14.908254223562345,42.949588775634766
1664535203012,40.91342267630584,-73.13255206856505,14.908254223562345,43.020225524902344
1664535215011,40.91342267630584,-73.13255206856505,14.908254223562345,43.08811569213867
1664535227011,40.91342267630584,-73.13255206856505,14.908254223562345,43.15576171875
1664535239011,40.91342267630584,-73.13255206856505,14.908254223562345,43.22161102294922
1664535243011,40.9134256393675,-73.13252984601206,9.50739976242792,47.97956749331206
1664535244011,40.9134256393675,-73.13252984601206,9.594049114860864,47.97956749331206
1664535246011,40.9134256393675,-73.13252984601206,9.79193435890995,47.97956749331206
1664535252011,40.9134256393675,-73.13252984601206,9.139711834132928,47.97956749331206
1664535254011,40.9134256393675,-73.13252984601206,9.398804667484642,47.97956749331206
1664535256011,40.9134256393675,-73.13252984601206,9.62810708895802,47.97956749331206
1664535260011,40.9134256393675,-73.13252984601206,10.032977864461463,47.97956749331206
1664535262011,40.9134256393675,-73.13252984601206,10.231023079946059,47.97956749331206
1664535263018,40.9134256393675,-73.13252984601206,10.335394020072577,47.97956749331206
1664535265011,40.9134256393675,-73.13252984601206,9.248965754252529,47.97956749331206
1664535266014,40.9134256393675,-73.13252984601206,9.365162256606453,47.97956749331206
1664535268011,40.9134256393675,-73.13252984601206,9.577076374467303,47.97956749331206
1664535269011,40.9134256393675,-73.13252984601206,9.678274699950624,47.97956749331206
1664535270011,40.9134256393675,-73.13252984601206,9.778297819131742,47.97956749331206
1664535272011,40.9134256393675,-73.13252984601206,9.979848583617274,47.97956749331206
1664535274011,40.9134256393675,-73.13252984601206,10.178500506160713,47.97956749331206
1664535276012,40.9134256393675,-73.13252984601206,10.359841460913138,47.97956749331206
1664535278011,40.9134256393675,-73.13252984601206,10.539487874450352,47.97956749331206
1664535279012,40.9134256393675,-73.13252984601206,10.648432932520867,47.97956749331206
1664535281011,40.9134256393675,-73.13252984601206,10.838277243923663,47.97956749331206
1664535283038,40.9134256393675,-73.13252984601206,11.017802723717105,47.97956749331206
1664535285011,40.9134256393675,-73.13252984601206,11.185766774962886,47.97956749331206
1664535287012,40.9134256393675,-73.13252984601206,11.363959640824355,47.97956749331206
1664535289009,40.9134256393675,-73.13252984601206,10.043180553630098,47.97956749331206
1664535291010,40.9134256393675,-73.13252984601206,10.313262736590646,47.97956749331206
1664535292011,40.9134256393675,-73.13252984601206,10.406221073071709,47.97956749331206
1664535294011,40.9134256393675,-73.13252984601206,10.595953206819187,47.97956749331206
1664535296009,40.9134256393675,-73.13252984601206,10.77746343977779,47.97956749331206
1664535297011,40.9134256393675,-73.13252984601206,10.872400137930812,47.97956749331206
1664535298011,40.9134256393675,-73.13252984601206,10.952614289869304,47.97956749331206
1664535300011,40.9134256393675,-73.13252984601206,11.01426999172591,47.97956749331206
1664535302012,40.9134256393675,-73.13252984601206,9.840683095630398,47.97956749331206
1664535304012,40.9134256393675,-73.13252984601206,10.039126624284037,47.97956749331206
1664535312013,40.9134318222942,-73.13252894033215,10.750332204826497,44.12354312930256
1664535314011,40.9134318222942,-73.13252894033215,9.680806968884816,44.12354312930256
1664535316011,40.9134318222942,-73.13252894033215,9.876640974650355,44.12354312930256
1664535318011,40.9134318222942,-73.13252894033215,10.067795912644328,44.12354312930256
1664535320011,40.9134318222942,-73.13252894033215,10.24917216980693,44.12354312930256
1664535335011,40.91342267630584,-73.13255206856505,14.908254223562345,41.54154586791992
1664535347012,40.91342267630584,-73.13255206856505,14.908254223562345,41.634944915771484
1664535348013,40.91343245663014,-73.13252937102341,9.240782194587883,44.37780866865069
1664535350011,40.91343245663014,-73.13252937102341,9.443782279342688,44.37780866865069
1664535352011,40.91343245663014,-73.13252937102341,9.656548963380791,44.37780866865069
1664535353011,40.91343245663014,-73.13252937102341,9.74902730302734,44.37780866865069
1664535371012,40.91342267630584,-73.13255206856505,14.908254223562345,41.80059051513672
1664535383033,40.91342267630584,-73.13255206856505,14.908254223562345,41.92618179321289
1664535395012,40.91342267630584,-73.13255206856505,14.908254223562345,42.04500961303711
1664535407011,40.91342267630584,-73.13255206856505,14.908254223562345,42.15172576904297
1664535419012,40.91342267630584,-73.13255206856505,14.908254223562345,42.2615852355957
1664535431012,40.91342267630584,-73.13255206856505,14.908254223562345,42.37262725830078
1664535443012,40.91342267630584,-73.13255206856505,14.908254223562345,42.4817008972168
1664535449042,40.91342267630584,-73.13255206856505,14.908254223562345,42.56929016113281
1664535461011,40.91342267630584,-73.13255206856505,14.908254223562345,42.84788513183594
1664535473011,40.91342267630584,-73.13255206856505,14.908254223562345,42.94546127319336
1664535485011,40.91342267630584,-73.13255206856505,14.908254223562345,43.031402587890625
1664535497012,40.91342267630584,-73.13255206856505,14.908254223562345,43.116085052490234
1664535509012,40.91342267630584,-73.13255206856505,14.908254223562345,43.19514846801758
1664535521012,40.91342267630584,-73.13255206856505,14.908254223562345,43.27449035644531
1664535527093,40.91342267630584,-73.13255206856505,14.908254223562345,43.33906936645508
1664535533011,40.91342989314753,-73.13252518413859,9.877947760660371,48.02459823526442
1664535535011,40.91342989314753,-73.13252518413859,9.973492948175098,48.02459823526442
1664535537011,40.91342989314753,-73.13252518413859,10.158845741367175,48.02459823526442
1664535546011,40.91344397104747,-73.13252550095166,9.836667496403331,44.57145815342665
1664535547012,40.91344397104747,-73.13252550095166,9.932734465533274,44.57145815342665
1664535549011,40.91344397104747,-73.13252550095166,10.12651014846249,44.57145815342665
1664535550011,40.91344397104747,-73.13252550095166,10.23335937390806,44.57145815342665
1664535563019,40.91342267630584,-73.13255206856505,14.908254223562345,41.990535736083984
1664535575011,40.91342267630584,-73.13255206856505,14.908254223562345,42.08613967895508
1664535581015,40.91342267630584,-73.13255206856505,14.908254223562345,42.18009948730469
1664535593009,40.91342267630584,-73.13255206856505,14.908254223562345,42.2879638671875
1664535605011,40.91342267630584,-73.13255206856505,14.908254223562345,42.376007080078125
1664535617011,40.91342267630584,-73.13255206856505,14.908254223562345,42.46757507324219
1664535629011,40.91342267630584,-73.13255206856505,14.908254223562345,42.554107666015625
1664535641012,40.91342267630584,-73.13255206856505,14.908254223562345,42.63726043701172
1664535653012,40.91342267630584,-73.13255206856505,14.908254223562345,42.71642303466797
1664535665011,40.91342267630584,-73.13255206856505,14.908254223562345,42.79649353027344
1664535677011,40.91342267630584,-73.13255206856505,14.908254223562345,42.87343215942383
1664535689011,40.91342267630584,-73.13255206856505,14.908254223562345,42.94737243652344
1664535695122,40.91342267630584,-73.13255206856505,14.908254223562345,43.0060920715332
1664535707010,40.91342267630584,-73.13255206856505,14.908254223562345,43.2125129699707
1664535708012,40.913431669531526,-73.13252763257685,10.237584171745048,47.736429788172245
1664535710011,40.913431669531526,-73.13252763257685,9.316339151282278,47.736429788172245
1664535712011,40.913431669531526,-73.13252763257685,9.537077109909358,47.736429788172245
1664535724010,40.913439512643144,-73.13253061766237,9.613331574562588,44.371206572279334
1664535725011,40.913439512643144,-73.13253061766237,9.71979886518256,44.371206572279334
1664535727011,40.913439512643144,-73.13253061766237,9.98694908293556,44.371206572279334
1664535729011,40.913439512643144,-73.13253061766237,10.221330087972166,44.371206572279334
1664535731011,40.913439512643144,-73.13253061766237,10.423722047539517,44.371206572279334
1664535732012,40.913439512643144,-73.13253061766237,10.40177355688231,44.371206572279334
1664535734011,40.913439512643144,-73.13253061766237,9.444033212577459,44.371206572279334
1664535736011,40.913439512643144,-73.13253061766237,9.643771849235156,44.371206572279334
1664535737011,40.913439512643144,-73.13253061766237,9.758760425006272,44.371206572279334
1664535738011,40.913439512643144,-73.13253061766237,9.864559064710745,44.371206572279334
1664535740011,40.913439512643144,-73.13253061766237,10.045543478074368,44.371206572279334
1664535742011,40.913439512643144,-73.13253061766237,10.240786572852995,44.371206572279334
1664535744011,40.913439512643144,-73.13253061766237,10.336072563942347,44.371206572279334
1664535746011,40.913439512643144,-73.13253061766237,9.454602201645901,44.371206572279334
1664535748011,40.913439512643144,-73.13253061766237,9.673614562167716,44.371206572279334
1664535749011,40.913439512643144,-73.13253061766237,9.778530347633083,44.371206572279334
1664535751011,40.913439512643144,-73.13253061766237,9.984201882443012,44.371206572279334
1664535752011,40.913439512643144,-73.13253061766237,10.08400984715274,44.371206572279334
1664535754011,40.913439512643144,-73.13253061766237,10.261552117627545,44.371206572279334
1664535755011,40.913439512643144,-73.13253061766237,10.340126654715446,44.371206572279334
1664535756012,40.913439512643144,-73.13253061766237,10.356834885544778,44.371206572279334
1664535758011,40.913439512643144,-73.13253061766237,9.39590001497203,44.371206572279334
1664535760011,40.913439512643144,-73.13253061766237,9.590112022523778,44.371206572279334
1664535761011,40.913439512643144,-73.13253061766237,9.698716325755676,44.371206572279334
1664535762011,40.913439512643144,-73.13253061766237,9.806577876176062,44.371206572279334
1664535763018,40.913439512643144,-73.13253061766237,10.005027385636465,44.371206572279334
1664535765010,40.913439512643144,-73.13253061766237,10.184236526224982,44.371206572279334
1664535766011,40.913439512643144,-73.13253061766237,10.288446089262697,44.371206572279334
1664535768012,40.913439512643144,-73.13253061766237,9.200473026023056,44.371206572279334
1664535770011,40.913439512643144,-73.13253061766237,9.408564740047838,44.371206572279334
1664535771011,40.913439512643144,-73.13253061766237,9.526009460774372,44.371206572279334
1664535772028,40.913439512643144,-73.13253061766237,9.626537442999284,44.371206572279334
1664535774011,40.913439512643144,-73.13253061766237,9.8215548805669,44.371206572279334
1664535776011,40.913439512643144,-73.13253061766237,10.041359124406913,44.371206572279334
1664535778010,40.913439512643144,-73.13253061766237,10.23386919390479,44.371206572279334
1664535779011,40.913439512643144,-73.13253061766237,10.3321583117741,44.371206572279334
1664535780012,40.913439512643144,-73.13253061766237,10.309966563462515,44.371206572279334
1664535782011,40.913439512643144,-73.13253061766237,9.369205033331793,44.371206572279334
1664535783037,40.913439512643144,-73.13253061766237,9.480133841584985,44.371206572279334
1664535785011,40.913439512643144,-73.13253061766237,9.744619908086461,44.371206572279334
1664535787011,40.913439512643144,-73.13253061766237,9.96798299102004,44.371206572279334
1664535789011,40.913439512643144,-73.13253061766237,10.15820098918801,44.371206572279334
1664535791013,40.913439512643144,-73.13253061766237,10.346338465263411,44.371206572279334
1664535792014,40.913439512643144,-73.13253061766237,10.342419018298191,44.371206572279334
1664535794012,40.913439512643144,-73.13253061766237,9.401007822987362,44.371206572279334
1664535795012,40.913439512643144,-73.13253061766237,9.50532598965553,44.371206572279334
1664535797013,40.913439512643144,-73.13253061766237,9.704968698620442,44.371206572279334
1664535799010,40.913439512643144,-73.13253061766237,10.009683651828063,44.371206572279334
1664535800013,40.913439512643144,-73.13253061766237,10.112174966731542,44.371206572279334
1664535801013,40.913439512643144,-73.13253061766237,10.207993554475012,44.371206572279334
1664535803012,40.913439512643144,-73.13253061766237,10.401057000310749,44.371206572279334
1664535804012,40.913439512643144,-73.13253061766237,9.20866173474287,44.371206572279334
1664535806011,40.913439512643144,-73.13253061766237,9.406956600433695,44.371206572279334
1664535807012,40.913439512643144,-73.13253061766237,9.505533387717577,44.371206572279334
1664535809011,40.913439512643144,-73.13253061766237,9.72306314738889,44.371206572279334
1664535811011,40.913439512643144,-73.13253061766237,9.936183054746005,44.371206572279334
1664535813011,40.913439512643144,-73.13253061766237,10.133758625147467,44.371206572279334
1664535815012,40.913439512643144,-73.13253061766237,10.329710413763634,44.371206572279334
1664535816014,40.913439512643144,-73.13253061766237,10.30695660538459,44.371206572279334
1664535818013,40.913439512643144,-73.13253061766237,9.425835474913054,44.371206572279334
1664535820012,40.913439512643144,-73.13253061766237,9.645797513796408,44.371206572279334
1664535821012,40.913439512643144,-73.13253061766237,9.758827730141356,44.371206572279334
1664535822014,40.913439512643144,-73.13253061766237,9.853923926734371,44.371206572279334
1664535824012,40.913439512643144,-73.13253061766237,10.038053156422405,44.371206572279334
1664535825013,40.913439512643144,-73.13253061766237,10.135448303558707,44.371206572279334
1664535827011,40.913439512643144,-73.13253061766237,10.350660287600515,44.371206572279334
1664535828012,40.913439512643144,-73.13253061766237,9.169885489248845,44.371206572279334
1664535829012,40.913439512643144,-73.13253061766237,9.277254159732895,44.371206572279334
1664535831009,40.913439512643144,-73.13253061766237,9.48905705842162,44.371206572279334
1664535832012,40.913439512643144,-73.13253061766237,9.58827767444492,44.371206572279334
1664535833012,40.913439512643144,-73.13253061766237,9.69370367457818,44.371206572279334
1664535835011,40.913439512643144,-73.13253061766237,9.88997895138699,44.371206572279334
1664535836012,40.913439512643144,-73.13253061766237,9.996564191856463,44.371206572279334
1664535838011,40.913439512643144,-73.13253061766237,10.188902465039343,44.371206572279334
1664535839012,40.913439512643144,-73.13253061766237,10.280634967518578,44.371206572279334
1664535840014,40.913439512643144,-73.13253061766237,9.18914113801016,44.371206572279334
1664535842013,40.913439512643144,-73.13253061766237,9.404815565302188,44.371206572279334
1664535844011,40.913439512643144,-73.13253061766237,9.606382652543283,44.371206572279334
1664535845013,40.913439512643144,-73.13253061766237,9.708300803790577,44.371206572279334
1664535847013,40.913439512643144,-73.13253061766237,9.894485545735373,44.371206572279334
1664535848013,40.913439512643144,-73.13253061766237,9.999397220876949,44.371206572279334
1664535849013,40.913439512643144,-73.13253061766237,10.091262375152267,44.371206572279334
1664535851012,40.913439512643144,-73.13253061766237,10.289546661284172,44.371206572279334
1664535852012,40.913439512643144,-73.13253061766237,10.258641680832376,44.371206572279334
1664535854012,40.913439512643144,-73.13253061766237,9.400583065358049,44.371206572279334
1664535856011,40.913439512643144,-73.13253061766237,9.633967357451947,44.371206572279334
1664535857013,40.913439512643144,-73.13253061766237,9.734865912656492,44.371206572279334
1664535858013,40.913439512643144,-73.13253061766237,9.820533787114778,44.371206572279334
1664535860013,40.913439512643144,-73.13253061766237,10.042852588792403,44.371206572279334
1664535862012,40.913439512643144,-73.13253061766237,10.232863112175712,44.371206572279334
1664535863015,40.913439512643144,-73.13253061766237,10.330018422334714,44.371206572279334
1664535865011,40.913439512643144,-73.13253061766237,9.246682963175886,44.371206572279334
1664535866014,40.913439512643144,-73.13253061766237,9.363559692051815,44.371206572279334
1664535868013,40.913439512643144,-73.13253061766237,9.555227139700005,44.371206572279334
1664535870012,40.913439512643144,-73.13253061766237,9.77828269081344,44.371206572279334
1664535872012,40.913439512643144,-73.13253061766237,10.052505698103344,44.371206572279334
1664535873012,40.913439512643144,-73.13253061766237,10.154260446170387,44.371206572279334
1664535874013,40.913439512643144,-73.13253061766237,10.254966129886114,44.371206572279334
1664535875013,40.913439512643144,-73.13253061766237,10.342894332351788,44.371206572279334
1664535876014,40.913439512643144,-73.13253061766237,9.170946349067357,44.371206572279334
1664535878011,40.913439512643144,-73.13253061766237,9.375238724074336,44.371206572279334
1664535879014,40.913439512643144,-73.13253061766237,9.491557230785006,44.371206572279334
1664535881013,40.913439512643144,-73.13253061766237,9.68269047768437,44.371206572279334
1664535883039,40.913439512643144,-73.13253061766237,9.897484556196792,44.371206572279334
1664535885013,40.913439512643144,-73.13253061766237,10.081310873337594,44.371206572279334
1664535887013,40.913439512643144,-73.13253061766237,10.271375033172895,44.371206572279334
1664535888014,40.913439512643144,-73.13253061766237,10.260982465038042,44.371206572279334
1664535890012,40.913439512643144,-73.13253061766237,10.577051358254533,44.371206572279334
1664535891013,40.913439512643144,-73.13253061766237,10.652876602820529,44.371206572279334
1664535893013,40.913439512643144,-73.13253061766237,10.856109796661503,44.371206572279334
1664535897012,40.913439512643144,-73.13253061766237,11.219571866074904,44.371206572279334
1664535898013,40.913439512643144,-73.13253061766237,11.308466196639307,44.371206572279334
1664535900012,40.913439512643144,-73.13253061766237,9.953786194637344,44.371206572279334
1664535901013,40.913439512643144,-73.13253061766237,10.055067212230385,44.371206572279334
1664535903013,40.913439512643144,-73.13253061766237,10.236651167455351,44.371206572279334
1664535904013,40.913439512643144,-73.13253061766237,10.334422015815358,44.371206572279334
1664535906013,40.913439512643144,-73.13253061766237,10.522727305064082,44.371206572279334
1664535907013,40.913439512643144,-73.13253061766237,10.70578575586351,44.371206572279334
1664535909013,40.913439512643144,-73.13253061766237,10.889575481835033,44.371206572279334
1664535911013,40.913439512643144,-73.13253061766237,11.076314243035249,44.371206572279334
1664535912014,40.913439512643144,-73.13253061766237,9.651638115091874,44.371206572279334
1664535914013,40.913439512643144,-73.13253061766237,9.850267256239636,44.371206572279334
1664535916014,40.913439512643144,-73.13253061766237,10.042709124667807,44.371206572279334
1664535918012,40.913439512643144,-73.13253061766237,10.203464357911326,44.371206572279334
1664535919013,40.913439512643144,-73.13253061766237,10.323810809085337,44.371206572279334
1664535921012,40.913439512643144,-73.13253061766237,10.522615126049745,44.371206572279334
1664535922014,40.913439512643144,-73.13253061766237,10.71277627533459,44.371206572279334
1664535924013,40.913439512643144,-73.13253061766237,10.760982926555766,44.371206572279334
1664535926013,40.913439512643144,-73.13253061766237,9.676890364653994,44.371206572279334
1664535928012,40.913439512643144,-73.13253061766237,9.872715595289147,44.371206572279334
1664535930012,40.913439512643144,-73.13253061766237,10.082406447483622,44.371206572279334
1664535932013,40.913439512643144,-73.13253061766237,10.269644131289088,44.371206572279334
1664535934012,40.913439512643144,-73.13253061766237,10.44572450339234,44.371206572279334
1664535936013,40.913439512643144,-73.13253061766237,10.529069747063911,44.371206572279334
1664535938012,40.913439512643144,-73.13253061766237,10.687604136325271,44.371206572279334
1664535939013,40.913439512643144,-73.13253061766237,10.798070191593546,44.371206572279334
1664535941011,40.913439512643144,-73.13253061766237,10.9788656300675,44.371206572279334
1664535942014,40.913439512643144,-73.13253061766237,11.14973538473609,44.371206572279334
1664535944013,40.913439512643144,-73.13253061766237,11.34840994884844,44.371206572279334
1664535946012,40.913439512643144,-73.13253061766237,11.510582049765194,44.371206572279334
1664535947998,40.913439512643144,-73.13253061766237,10.085581644031892,44.371206572279334
1664535948998,40.913439512643144,-73.13253061766237,10.170254485026282,44.371206572279334
1664535949999,40.913439512643144,-73.13253061766237,10.26036791246434,44.371206572279334
1664535950999,40.913439512643144,-73.13253061766237,10.37670923633134,44.371206572279334
1664535951999,40.913439512643144,-73.13253061766237,10.466791901679015,44.371206572279334
1664535952999,40.913439512643144,-73.13253061766237,10.534322655904846,44.371206572279334
1664535953999,40.913439512643144,-73.13253061766237,10.64784482161882,44.371206572279334
1664535954999,40.913439512643144,-73.13253061766237,10.747431275575634,44.371206572279334
1664535955999,40.913439512643144,-73.13253061766237,10.83968069997267,44.371206572279334
1664535956999,40.913439512643144,-73.13253061766237,10.922855993958414,44.371206572279334
1664535957999,40.913439512643144,-73.13253061766237,11.02776202963887,44.371206572279334
1664535958999,40.913439512643144,-73.13253061766237,11.191341534151952,44.371206572279334
1664535959999,40.913439512643144,-73.13253061766237,9.740159920275664,44.371206572279334
1664535960999,40.913439512643144,-73.13253061766237,9.846365668699747,44.371206572279334
1664535961999,40.913439512643144,-73.13253061766237,9.946954823936544,44.371206572279334
1664535962999,40.913439512643144,-73.13253061766237,10.044708941661815,44.371206572279334
1664535963999,40.913439512643144,-73.13253061766237,10.141180576453523,44.371206572279334
1664535964999,40.913439512643144,-73.13253061766237,10.24330187972929,44.371206572279334
1664535965999,40.913439512643144,-73.13253061766237,10.338331460920957,44.371206572279334
1664535967014,40.913439512643144,-73.13253061766237,10.428032056531446,44.371206572279334
1664535969013,40.913439512643144,-73.13253061766237,10.694197463393623,44.371206572279334
1664535970014,40.913439512643144,-73.13253061766237,10.779829649409601,44.371206572279334
1664535971999,40.913439512643144,-73.13253061766237,9.526071069504459,44.371206572279334
1664535973000,40.913439512643144,-73.13253061766237,9.617199660534427,44.371206572279334
1664535974000,40.913439512643144,-73.13253061766237,9.727685698991648,44.371206572279334
1664535975000,40.913439512643144,-73.13253061766237,9.828973988151473,44.371206572279334
1664535976000,40.913439512643144,-73.13253061766237,9.929811158002272,44.371206572279334
1664535977000,40.913439512643144,-73.13253061766237,10.030319687096096,44.371206572279334
1664535978000,40.913439512643144,-73.13253061766237,10.128742057453081,44.371206572279334
1664535979000,40.913439512643144,-73.13253061766237,10.227363029903893,44.371206572279334
1664535980000,40.913439512643144,-73.13253061766237,10.328251408074594,44.371206572279334
1664535981014,40.913439512643144,-73.13253061766237,10.408388847815973,44.371206572279334
1664535983000,40.913439512643144,-73.13253061766237,10.60913019238823,44.371206572279334
1664535984000,40.913439512643144,-73.13253061766237,9.412008840742187,44.371206572279334
1664535985000,40.913439512643144,-73.13253061766237,9.511839469261796,44.371206572279334
1664535986015,40.913439512643144,-73.13253061766237,9.624182056086251,44.371206572279334
1664535988014,40.913439512643144,-73.13253061766237,9.787441456031747,44.371206572279334
1664535989014,40.913439512643144,-73.13253061766237,9.91425880814912,44.371206572279334
1664535990015,40.913439512643144,-73.13253061766237,10.012417412067535,44.371206572279334
1664535992014,40.913439512643144,-73.13253061766237,10.209581845839018,44.371206572279334
1664535994014,40.913439512643144,-73.13253061766237,10.405533328095505,44.371206572279334
1664535996015,40.913439512643144,-73.13253061766237,9.272600270304105,44.371206572279334
1664535998014,40.913439512643144,-73.13253061766237,9.465279860453272,44.371206572279334
1664535999014,40.913439512643144,-73.13253061766237,9.570834167975253,44.371206572279334
1664536001013,40.913439512643144,-73.13253061766237,9.771562986957521,44.371206572279334
1664536002014,40.913439512643144,-73.13253061766237,9.86834418442304,44.371206572279334
1664536003014,40.913439512643144,-73.13253061766237,9.973147733586101,44.371206572279334
1664536005014,40.913439512643144,-73.13253061766237,10.262649865534863,44.371206572279334
1664536006014,40.913439512643144,-73.13253061766237,10.269970348746611,44.371206572279334
1664536008014,40.913439512643144,-73.13253061766237,9.24232232138733,44.371206572279334
1664536010014,40.913439512643144,-73.13253061766237,9.46097552819253,44.371206572279334
1664536012013,40.913439512643144,-73.13253061766237,9.656413629774574,44.371206572279334
1664536013014,40.913439512643144,-73.13253061766237,9.748490168887427,44.371206572279334
1664536014014,40.913439512643144,-73.13253061766237,9.867427815415839,44.371206572279334
1664536015014,40.913439512643144,-73.13253061766237,9.964219629782145,44.371206572279334
1664536017014,40.913439512643144,-73.13253061766237,10.155468497148773,44.371206572279334
1664536018014,40.913439512643144,-73.13253061766237,10.262957605515508,44.371206572279334
1664536020015,40.913439512643144,-73.13253061766237,9.180903882155572,44.371206572279334
1664536022014,40.913439512643144,-73.13253061766237,9.46326367221348,44.371206572279334
1664536024013,40.913439512643144,-73.13253061766237,9.683206936505186,44.371206572279334
1664536025014,40.913439512643144,-73.13253061766237,9.775898256816621,44.371206572279334
1664536026015,40.913439512643144,-73.13253061766237,9.857510681783674,44.371206572279334
1664536028013,40.913439512643144,-73.13253061766237,10.074077328565984,44.371206572279334
1664536029014,40.913439512643144,-73.13253061766237,10.171055867519387,44.371206572279334
1664536031014,40.913439512643144,-73.13253061766237,10.36160569098572,44.371206572279334
1664536032015,40.913439512643144,-73.13253061766237,9.1753809187817,44.371206572279334
1664536034012,40.913439512643144,-73.13253061766237,9.384758775478769,44.371206572279334
1664536036012,40.913439512643144,-73.13253061766237,9.661634815834764,44.371206572279334
1664536037012,40.913439512643144,-73.13253061766237,9.767881157286638,44.371206572279334
1664536038014,40.913439512643144,-73.13253061766237,9.88244494059877,44.371206572279334
1664536040013,40.913439512643144,-73.13253061766237,10.081254566010847,44.371206572279334
1664536041014,40.913439512643144,-73.13253061766237,10.18322716672175,44.371206572279334
1664536042014,40.913439512643144,-73.13253061766237,10.25813193309144,44.371206572279334
1664536045014,40.913439512643144,-73.13253061766237,9.29628099601916,44.371206572279334
1664536047012,40.913439512643144,-73.13253061766237,9.495073385268025,44.371206572279334
1664536049012,40.913439512643144,-73.13253061766237,9.709433984353462,44.371206572279334
1664536050013,40.913439512643144,-73.13253061766237,9.884390474882576,44.371206572279334
1664536051014,40.913439512643144,-73.13253061766237,9.989329562769592,44.371206572279334
1664536053014,40.913439512643144,-73.13253061766237,10.203583225899694,44.371206572279334
1664536055012,40.913439512643144,-73.13253061766237,10.383007762267324,44.371206572279334
1664536056014,40.913439512643144,-73.13253061766237,9.210863285916352,44.371206572279334
1664536058012,40.913439512643144,-73.13253061766237,9.409014156583375,44.371206572279334
1664536060012,40.913439512643144,-73.13253061766237,9.617786649877521,44.371206572279334
1664536061013,40.913439512643144,-73.13253061766237,9.721197169528216,44.371206572279334
1664536062014,40.913439512643144,-73.13253061766237,9.819802087902515,44.371206572279334
1664536063020,40.913439512643144,-73.13253061766237,9.917498894798005,44.371206572279334
1664536065014,40.913439512643144,-73.13253061766237,10.125161621728102,44.371206572279334
1664536067014,40.913439512643144,-73.13253061766237,10.32259891556661,44.371206572279334
1664536068015,40.913439512643144,-73.13253061766237,10.391421272415895,44.371206572279334
1664536070013,40.913439512643144,-73.13253061766237,9.43588498519097,44.371206572279334
1664536072012,40.913439512643144,-73.13253061766237,9.645625898313742,44.371206572279334
1664536073013,40.913439512643144,-73.13253061766237,9.735626127466565,44.371206572279334
1664536074013,40.913439512643144,-73.13253061766237,9.844358658667176,44.371206572279334
1664536076012,40.913439512643144,-73.13253061766237,10.049964286639758,44.371206572279334
1664536078012,40.913439512643144,-73.13253061766237,10.222731323045934,44.371206572279334
1664536080013,40.913439512643144,-73.13253061766237,10.312156147348137,44.371206572279334
1664536081013,40.913439512643144,-73.13253061766237,10.417507110256711,44.371206572279334
1664536083040,40.913439512643144,-73.13253061766237,10.634311565881301,44.371206572279334
1664536085013,40.913439512643144,-73.13253061766237,10.89775799547925,44.371206572279334
1664536087010,40.913439512643144,-73.13253061766237,11.08134265032665,44.371206572279334
1664536088012,40.913439512643144,-73.13253061766237,11.142048842638264,44.371206572279334
1664536089013,40.913439512643144,-73.13253061766237,11.246737246729941,44.371206572279334
1664536091013,40.913439512643144,-73.13253061766237,11.435429967923367,44.371206572279334
1664536092014,40.913439512643144,-73.13253061766237,9.977222972939522,44.371206572279334
1664536094013,40.913439512643144,-73.13253061766237,10.177601314449223,44.371206572279334
1664536095014,40.913439512643144,-73.13253061766237,10.26250864092684,44.371206572279334
1664536096015,40.913439512643144,-73.13253061766237,10.369846753453663,44.371206572279334
1664536097015,40.913439512643144,-73.13253061766237,10.465016686853662,44.371206572279334
1664536099014,40.913439512643144,-73.13253061766237,10.651476439261248,44.371206572279334
1664536100015,40.913439512643144,-73.13253061766237,10.752224477139157,44.371206572279334
1664536102014,40.913439512643144,-73.13253061766237,11.010149996830952,44.371206572279334
1664536104014,40.913439512643144,-73.13253061766237,9.626822481447073,44.371206572279334
1664536106013,40.913439512643144,-73.13253061766237,9.88291061379879,44.371206572279334
1664536107015,40.913439512643144,-73.13253061766237,9.972372563648536,44.371206572279334
1664536109014,40.913439512643144,-73.13253061766237,10.16417879529037,44.371206572279334
1664536111013,40.913439512643144,-73.13253061766237,10.352316768364812,44.371206572279334
1664536112014,40.913439512643144,-73.13253061766237,10.454358067670166,44.371206572279334
1664536114012,40.913439512643144,-73.13253061766237,10.607261559370436,44.371206572279334
1664536115012,40.913439512643144,-73.13253061766237,10.738031207281585,44.371206572279334
1664536116013,40.913439512643144,-73.13253061766237,10.695864970244113,44.371206572279334
1664536118012,40.913439512643144,-73.13253061766237,9.617205634347279,44.371206572279334
1664536120014,40.913439512643144,-73.13253061766237,9.817095275637374,44.371206572279334
1664536122014,40.913439512643144,-73.13253061766237,10.022050782712927,44.371206572279334
1664536124015,40.913439512643144,-73.13253061766237,10.314530722956356,44.371206572279334
1664536126012,40.913439512643144,-73.13253061766237,10.510881871120398,44.371206572279334
1664536128014,40.913439512643144,-73.13253061766237,10.586862155291822,44.371206572279334
1664536130013,40.913439512643144,-73.13253061766237,10.762831082369951,44.371206572279334
1664536132013,40.913439512643144,-73.13253061766237,10.951590550603486,44.371206572279334
1664536134013,40.913439512643144,-73.13253061766237,11.124900550471128,44.371206572279334
1664536136014,40.913439512643144,-73.13253061766237,11.313665700198046,44.371206572279334
1664536138012,40.913439512643144,-73.13253061766237,11.480728677706272,44.371206572279334
1664536140013,40.913439512643144,-73.13253061766237,11.663895874270764,44.371206572279334
1664536142013,40.913439512643144,-73.13253061766237,11.909618570307863,44.371206572279334
1664536144012,40.913439512643144,-73.13253061766237,12.091010519133102,44.371206572279334
1664536145013,40.913439512643144,-73.13253061766237,12.162771519864494,44.371206572279334
1664536147012,40.913439512643144,-73.13253061766237,12.319941123553868,44.371206572279334
1664536149012,40.913439512643144,-73.13253061766237,12.49571053156628,44.371206572279334
1664536151010,40.913439512643144,-73.13253061766237,12.656754097565555,44.371206572279334
1664536152013,40.913439512643144,-73.13253061766237,10.737610007813556,44.371206572279334
1664536154014,40.913439512643144,-73.13253061766237,10.913908582429157,44.371206572279334
1664536156013,40.913439512643144,-73.13253061766237,11.09924145840004,44.371206572279334
1664536158013,40.913439512643144,-73.13253061766237,11.268168910852237,44.371206572279334
1664536160012,40.913439512643144,-73.13253061766237,11.441248130604555,44.371206572279334
1664536162012,40.913439512643144,-73.13253061766237,11.700143875037968,44.371206572279334
1664536163020,40.913439512643144,-73.13253061766237,11.70112395493563,44.371206572279334
1664536165012,40.913439512643144,-73.13253061766237,10.203299988826208,44.371206572279334
1664536166012,40.913439512643144,-73.13253061766237,10.29830126281795,44.371206572279334
1664536167012,40.913439512643144,-73.13253061766237,10.395399518618786,44.371206572279334
1664536169012,40.913439512643144,-73.13253061766237,10.582669845784427,44.371206572279334
1664536171012,40.913439512643144,-73.13253061766237,10.769740779986513,44.371206572279334
1664536173012,40.913439512643144,-73.13253061766237,10.94621696426788,44.371206572279334
1664536175012,40.913439512643144,-73.13253061766237,11.140809725717867,44.371206572279334
1664536176013,40.913439512643144,-73.13253061766237,9.683997540918135,44.371206572279334
1664536178012,40.913439512643144,-73.13253061766237,9.882344959494034,44.371206572279334
1664536180012,40.913439512643144,-73.13253061766237,10.076583854920786,44.371206572279334
1664536181012,40.913439512643144,-73.13253061766237,10.174650598523865,44.371206572279334
1664536183032,40.913439512643144,-73.13253061766237,10.447272006626203,44.371206572279334
1664536185012,40.913439512643144,-73.13253061766237,10.650175744601531,44.371206572279334
1664536186012,40.913439512643144,-73.13253061766237,10.729759273887003,44.371206572279334
1664536188013,40.913439512643144,-73.13253061766237,10.783241524930368,44.371206572279334
1664536190012,40.913439512643144,-73.13253061766237,9.590291850955081,44.371206572279334
1664536200083,40.91342267630584,-73.13255206856505,14.908254223562345,41.77128219604492
1664536211012,40.91342267630584,-73.13255206856505,14.908254223562345,41.7874755859375
1664536220019,40.91342267630584,-73.13255206856505,14.908254223562345,41.87537384033203
1664536232012,40.91342267630584,-73.13255206856505,14.908254223562345,41.97132873535156
1664536244012,40.91342267630584,-73.13255206856505,14.908254223562345,42.05075454711914
1664536245014,40.91343185772072,-73.13253211040265,9.120622877692789,44.94732480496168
1664536247010,40.91343185772072,-73.13253211040265,9.335774205748052,44.94732480496168
1664536248012,40.91343185772072,-73.13253211040265,9.420791296196606,44.94732480496168
1664536268013,40.91342267630584,-73.13255206856505,14.908254223562345,42.368892669677734
1664536279104,40.91342267630584,-73.13255206856505,14.908254223562345,42.481510162353516
1664536291012,40.91342267630584,-73.13255206856505,14.908254223562345,42.616004943847656
1664536303013,40.91342267630584,-73.13255206856505,14.908254223562345,42.70402908325195
1664536315012,40.91342267630584,-73.13255206856505,14.908254223562345,42.800209045410156
1664536327012,40.91342267630584,-73.13255206856505,14.908254223562345,42.895389556884766
1664536339012,40.91342267630584,-73.13255206856505,14.908254223562345,42.993377685546875
1664536351012,40.91342267630584,-73.13255206856505,14.908254223562345,43.087318420410156
1664536363017,40.91342267630584,-73.13255206856505,14.908254223562345,43.16728210449219
1664536375011,40.91342267630584,-73.13255206856505,14.908254223562345,43.25670623779297
1664536387011,40.91342267630584,-73.13255206856505,14.908254223562345,43.27715301513672
1664536393075,40.91342267630584,-73.13255206856505,14.908254223562345,43.318538665771484
1664536405012,40.91342267630584,-73.13255206856505,14.908254223562345,43.504844665527344
1664536417012,40.91342267630584,-73.13255206856505,14.908254223562345,43.58793640136719
1664536429012,40.91342267630584,-73.13255206856505,14.908254223562345,43.66644287109375
1664536441012,40.91342267630584,-73.13255206856505,14.908254223562345,43.73798370361328
1664536453012,40.91342267630584,-73.13255206856505,14.908254223562345,43.808013916015625
1664536465013,40.91342267630584,-73.13255206856505,14.908254223562345,43.877498626708984
1664536477013,40.91342267630584,-73.13255206856505,14.908254223562345,43.94364929199219
1664536483278,40.91342267630584,-73.13255206856505,14.908254223562345,43.99619674682617
1664536495012,40.91342267630584,-73.13255206856505,14.908254223562345,44.171958923339844
1664536505012,40.91342442702651,-73.13252720223142,10.109108491063994,48.61727836262435
1664536506012,40.91342442702651,-73.13252720223142,10.133788280787648,48.61727836262435
1664536508014,40.91342442702651,-73.13252720223142,10.207120608304686,48.61727836262435
1664536510011,40.91342442702651,-73.13252720223142,9.289548133923946,48.61727836262435
1664536511012,40.91342442702651,-73.13252720223142,9.474846259812429,48.61727836262435
1664536513012,40.91342442702651,-73.13252720223142,9.685534226412232,48.61727836262435
1664536515012,40.91342442702651,-73.13252720223142,9.894227432603605,48.61727836262435
1664536517012,40.91342442702651,-73.13252720223142,10.081487198391814,48.61727836262435
1664536519012,40.91342442702651,-73.13252720223142,10.268263260433988,48.61727836262435
1664536520014,40.91342442702651,-73.13252720223142,10.273862035536178,48.61727836262435
1664536522012,40.91342442702651,-73.13252720223142,9.343491812028647,48.61727836262435
1664536523012,40.91342442702651,-73.13252720223142,9.447477651802913,48.61727836262435
1664536525013,40.91342442702651,-73.13252720223142,9.743619220581605,48.61727836262435
1664536527013,40.91342442702651,-73.13252720223142,9.951620553191425,48.61727836262435
1664536535010,40.91343659424306,-73.1325261247212,9.475270602934101,44.23108057118952
1664536536012,40.91343659424306,-73.1325261247212,9.563652727616017,44.23108057118952
1664536537012,40.91343659424306,-73.1325261247212,9.750777721766038,44.23108057118952
1664536539012,40.91343659424306,-73.1325261247212,9.89514735561092,44.23108057118952
1664536541012,40.91343659424306,-73.1325261247212,10.191989787896613,44.23108057118952
1664536543012,40.91343659424306,-73.1325261247212,10.386279279385322,44.23108057118952
1664536544013,40.91343659424306,-73.1325261247212,9.190214461010003,44.23108057118952
1664536546012,40.91343659424306,-73.1325261247212,9.398015002459537,44.23108057118952
1664536547013,40.91343659424306,-73.1325261247212,9.491048341017553,44.23108057118952
1664536549013,40.91343659424306,-73.1325261247212,9.72319589182247,44.23108057118952
1664536551013,40.91343659424306,-73.1325261247212,9.925450116840262,44.23108057118952
1664536553013,40.91343659424306,-73.1325261247212,10.113754999824042,44.23108057118952
1664536564013,40.913437911150524,-73.13252402654734,11.143809632132578,44.11503770761192
1664536566013,40.913437911150524,-73.13252402654734,11.3226206349302,44.11503770761192
1664536568013,40.913437911150524,-73.13252402654734,9.964658143602865,44.11503770761192
1664536573013,40.913437911150524,-73.13252402654734,10.455058725711151,44.11503770761192
1664536575013,40.913437911150524,-73.13252402654734,10.621100620664004,44.11503770761192
1664536577013,40.913437911150524,-73.13252402654734,10.833135229430432,44.11503770761192
1664536579013,40.913437911150524,-73.13252402654734,11.014752132230123,44.11503770761192
1664536580014,40.913437911150524,-73.13252402654734,11.085407443681037,44.11503770761192
1664536587012,40.91343409505357,-73.13252643826989,10.378483968476337,44.10411656741053
1664536588012,40.91343409505357,-73.13252643826989,10.47388208132809,44.10411656741053
1664536589013,40.91343409505357,-73.13252643826989,10.566496145813776,44.10411656741053
1664536591013,40.91343409505357,-73.13252643826989,10.755477750318413,44.10411656741053
1664536592014,40.91343409505357,-73.13252643826989,10.853041204999762,44.10411656741053
1664536598013,40.91343435110505,-73.13252743112858,10.024380321575707,44.20132382493466
1664536600012,40.91343435110505,-73.13252743112858,10.311215857758132,44.20132382493466
1664536601013,40.91343435110505,-73.13252743112858,10.393927795324995,44.20132382493466
1664536603012,40.91343435110505,-73.13252743112858,10.502760412163362,44.20132382493466
1664536615012,40.91342267630584,-73.13255206856505,14.908254223562345,41.61517333984375
1664536623012,40.91343272261344,-73.13252901989908,10.814458538436108,44.401996926404536
1664536625012,40.91343272261344,-73.13252901989908,10.983617561886998,44.401996926404536
1664536627012,40.91343272261344,-73.13252901989908,11.172675391719107,44.401996926404536
1664536628012,40.91343272261344,-73.13252901989908,11.128400610270099,44.401996926404536
1664536630012,40.91343272261344,-73.13252901989908,9.922050093214954,44.401996926404536
1664536632012,40.91343272261344,-73.13252901989908,10.101764271255963,44.401996926404536
1664536650011,40.9134332913586,-73.13252961921539,10.525824853252068,44.05899493768811
1664536651012,40.9134332913586,-73.13252961921539,10.617686354215268,44.05899493768811
1664536652013,40.9134332913586,-73.13252961921539,9.345427028724924,44.05899493768811
1664536654012,40.9134332913586,-73.13252961921539,9.546733714559045,44.05899493768811
1664536655012,40.9134332913586,-73.13252961921539,9.640629500741445,44.05899493768811
1664536675012,40.91342267630584,-73.13255206856505,14.908254223562345,41.48094177246094
1664536682012,40.91343388735138,-73.13252736910088,9.822146848780271,44.5449998350814
1664536683039,40.91343388735138,-73.13252736910088,9.930338867766958,44.5449998350814
1664536685012,40.91343388735138,-73.13252736910088,10.218169592935634,44.5449998350814
1664536687012,40.91343388735138,-73.13252736910088,10.405012804374351,44.5449998350814
1664536688013,40.91343388735138,-73.13252736910088,9.207156699665957,44.5449998350814
1664536694012,40.913434210348015,-73.13252902791487,9.840270324151973,44.216457785107195
1664536696012,40.913434210348015,-73.13252902791487,10.015622318706686,44.216457785107195
1664536697018,40.913434210348015,-73.13252902791487,10.145443542463726,44.216457785107195
1664536699012,40.913434210348015,-73.13252902791487,10.326080417965679,44.216457785107195
1664536700013,40.913434210348015,-73.13252902791487,10.316868323316807,44.216457785107195
1664536702012,40.913434210348015,-73.13252902791487,9.338633841408136,44.216457785107195
1664536704012,40.913434210348015,-73.13252902791487,9.557609348313585,44.216457785107195
1664536706012,40.913434210348015,-73.13252902791487,9.865622256119657,44.216457785107195
1664536707012,40.913434210348015,-73.13252902791487,9.966967163683892,44.216457785107195
1664536709012,40.913434210348015,-73.13252902791487,10.164404640185854,44.216457785107195
1664536711012,40.913434210348015,-73.13252902791487,10.360861195972873,44.216457785107195
1664536712013,40.913434210348015,-73.13252902791487,10.335183236951126,44.216457785107195
1664536714012,40.913434210348015,-73.13252902791487,9.390220018229533,44.216457785107195
1664536715012,40.913434210348015,-73.13252902791487,9.497789360862054,44.216457785107195
1664536717012,40.913434210348015,-73.13252902791487,9.702393195554473,44.216457785107195
1664536719012,40.913434210348015,-73.13252902791487,9.910716455769343,44.216457785107195
1664536720012,40.913434210348015,-73.13252902791487,10.00895651732067,44.216457785107195
1664536721012,40.913434210348015,-73.13252902791487,10.106713716691747,44.216457785107195
1664536722013,40.913434210348015,-73.13252902791487,10.200696476560509,44.216457785107195
1664536724013,40.913434210348015,-73.13252902791487,10.391289916132202,44.216457785107195
1664536726012,40.913434210348015,-73.13252902791487,10.58213496982788,44.216457785107195
1664536728012,40.913434210348015,-73.13252902791487,10.77252330149219,44.216457785107195
1664536729012,40.913434210348015,-73.13252902791487,10.859619745975175,44.216457785107195
1664536731012,40.913434210348015,-73.13252902791487,11.044086514054241,44.216457785107195
1664536733012,40.913434210348015,-73.13252902791487,11.213407701554068,44.216457785107195
1664536735012,40.913434210348015,-73.13252902791487,11.393942844309581,44.216457785107195
1664536736013,40.913434210348015,-73.13252902791487,11.481830524210157,44.216457785107195
1664536738012,40.913434210348015,-73.13252902791487,10.14860785428983,44.216457785107195
1664536740012,40.913434210348015,-73.13252902791487,10.328967953179978,44.216457785107195
1664536742013,40.913434210348015,-73.13252902791487,10.620793239112064,44.216457785107195
1664536744012,40.913434210348015,-73.13252902791487,10.810301912629425,44.216457785107195
1664536745012,40.913434210348015,-73.13252902791487,10.891929461725725,44.216457785107195
1664536746014,40.913434210348015,-73.13252902791487,10.993782851727632,44.216457785107195
1664536747014,40.913434210348015,-73.13252902791487,11.080425970413708,44.216457785107195
1664536748015,40.913434210348015,-73.13252902791487,9.656560866636045,44.216457785107195
1664536750014,40.913434210348015,-73.13252902791487,9.862008623394537,44.216457785107195
1664536751015,40.913434210348015,-73.13252902791487,9.943733591768337,44.216457785107195
1664536753012,40.913434210348015,-73.13252902791487,10.157259064385038,44.216457785107195
1664536754012,40.913434210348015,-73.13252902791487,10.330375216904477,44.216457785107195
1664536756012,40.913434210348015,-73.13252902791487,10.536928929406937,44.216457785107195
1664536757014,40.913434210348015,-73.13252902791487,10.63619632641657,44.216457785107195
1664536759012,40.913434210348015,-73.13252902791487,10.819833447531586,44.216457785107195
1664536760014,40.913434210348015,-73.13252902791487,9.476522686560985,44.216457785107195
1664536762012,40.913434210348015,-73.13252902791487,9.676368521838102,44.216457785107195
1664536763018,40.913434210348015,-73.13252902791487,9.772539281041343,44.216457785107195
1664536765012,40.913434210348015,-73.13252902791487,9.96420847024574,44.216457785107195
1664536766012,40.913434210348015,-73.13252902791487,10.059416759715464,44.216457785107195
1664536768012,40.913434210348015,-73.13252902791487,10.274026123745074,44.216457785107195
1664536770012,40.913434210348015,-73.13252902791487,10.568555667248646,44.216457785107195
1664536772013,40.913434210348015,-73.13252902791487,10.626125367472754,44.216457785107195
1664536774012,40.913434210348015,-73.13252902791487,9.594316800218506,44.216457785107195
1664536775012,40.913434210348015,-73.13252902791487,9.66521644360336,44.216457785107195
1664536777012,40.913434210348015,-73.13252902791487,9.890425094452125,44.216457785107195
1664536779013,40.913434210348015,-73.13252902791487,10.103362158447041,44.216457785107195
1664536781013,40.913434210348015,-73.13252902791487,10.297177912279716,44.216457785107195
1664536783038,40.913434210348015,-73.13252902791487,10.500212811905634,44.216457785107195
1664536785012,40.913434210348015,-73.13252902791487,9.364954993255699,44.216457785107195
1664536786012,40.913434210348015,-73.13252902791487,9.534085361476132,44.216457785107195
1664536788013,40.913434210348015,-73.13252902791487,9.755364286977157,44.216457785107195
1664536790012,40.913434210348015,-73.13252902791487,9.947431530063806,44.216457785107195
1664536792012,40.913434210348015,-73.13252902791487,10.159134144078779,44.216457785107195
1664536793013,40.913434210348015,-73.13252902791487,10.2613699875339,44.216457785107195
1664536795012,40.913434210348015,-73.13252902791487,10.420729949282213,44.216457785107195
1664536796014,40.913434210348015,-73.13252902791487,10.417045289422422,44.216457785107195
1664536798012,40.913434210348015,-73.13252902791487,9.421790997587562,44.216457785107195
1664536800012,40.913434210348015,-73.13252902791487,9.635176799117811,44.216457785107195
1664536819012,40.91342267630584,-73.13255206856505,14.908254223562345,41.63274002075195
1664536820014,40.91343325156261,-73.13253078502723,10.34398270899759,44.03066370822489
1664536822012,40.91343325156261,-73.13253078502723,9.39371301664051,44.03066370822489
1664536824012,40.91343325156261,-73.13253078502723,9.599892969845799,44.03066370822489
1664536825013,40.91343325156261,-73.13253078502723,9.780412860127772,44.03066370822489
1664536827013,40.91343325156261,-73.13253078502723,9.896458272910952,44.03066370822489
1664536843012,40.91342267630584,-73.13255206856505,14.908254223562345,41.450103759765625
1664536855010,40.91342267630584,-73.13255206856505,14.908254223562345,41.55439758300781
1664536857084,40.91342267630584,-73.13255206856505,14.908254223562345,41.87055587768555
1664536863166,40.91342267630584,-73.13255206856505,14.908254223562345,42.521297454833984
1664536875011,40.91342267630584,-73.13255206856505,14.908254223562345,43.13047790527344
1664536887009,40.91342267630584,-73.13255206856505,14.908254223562345,43.21546936035156
1664536899011,40.91342267630584,-73.13255206856505,14.908254223562345,43.28296661376953
1664536911012,40.91342267630584,-73.13255206856505,14.908254223562345,43.347015380859375
1664536917083,40.91342267630584,-73.13255206856505,14.908254223562345,43.39832305908203
1664536929013,40.91342267630584,-73.13255206856505,14.908254223562345,43.59043502807617
1664536941012,40.91342267630584,-73.13255206856505,14.908254223562345,43.66274642944336
1664536953012,40.91342267630584,-73.13255206856505,14.908254223562345,43.7259635925293
1664536965011,40.91342267630584,-73.13255206856505,14.908254223562345,43.78840255737305
1664536977012,40.91342267630584,-73.13255206856505,14.908254223562345,43.84697723388672
1664536989012,40.91342267630584,-73.13255206856505,14.908254223562345,43.90461349487305
1664537001012,40.91342267630584,-73.13255206856505,14.908254223562345,43.964656829833984
1664537013012,40.91342267630584,-73.13255206856505,14.908254223562345,44.02156448364258
1664537025013,40.91342267630584,-73.13255206856505,14.908254223562345,44.078514099121094
1664537037012,40.91342267630584,-73.13255206856505,14.908254223562345,44.129390716552734
1664537049013,40.91342267630584,-73.13255206856505,14.908254223562345,44.18373489379883
1664537055076,40.91342267630584,-73.13255206856505,14.908254223562345,44.22776794433594
1664537067012,40.91342267630584,-73.13255206856505,14.908254223562345,44.37931442260742
1664537079011,40.91342267630584,-73.13255206856505,14.908254223562345,44.433372497558594
1664537091011,40.91342267630584,-73.13255206856505,14.908254223562345,44.48613739013672
1664537103011,40.91342267630584,-73.13255206856505,14.908254223562345,44.53754806518555
1664537115012,40.91342267630584,-73.13255206856505,14.908254223562345,44.5882682800293
1664537127012,40.91342267630584,-73.13255206856505,14.908254223562345,44.63972473144531
1664537139012,40.91342267630584,-73.13255206856505,14.908254223562345,44.69258499145508
1664537140013,40.91342297552408,-73.13252977602042,9.197256729386453,48.81668260972947
1664537142012,40.91342297552408,-73.13252977602042,9.40118625790204,48.81668260972947
1664537144012,40.91342297552408,-73.13252977602042,9.571151805764575,48.81668260972947
1664537145012,40.91342297552408,-73.13252977602042,9.702467583463614,48.81668260972947
1664537147012,40.91342297552408,-73.13252977602042,9.909287619111748,48.81668260972947
1664537149012,40.91342297552408,-73.13252977602042,10.090495276065182,48.81668260972947
1664537151012,40.91342297552408,-73.13252977602042,10.300677182769478,48.81668260972947
1664537152012,40.91342297552408,-73.13252977602042,10.37629818249446,48.81668260972947
1664537154011,40.91342297552408,-73.13252977602042,9.426877000188604,48.81668260972947
1664537155013,40.91342297552408,-73.13252977602042,9.514838921513924,48.81668260972947
1664537157012,40.91342297552408,-73.13252977602042,9.72657451183107,48.81668260972947
1664537159012,40.91342297552408,-73.13252977602042,9.919004070682899,48.81668260972947
1664537161012,40.91342297552408,-73.13252977602042,10.111665424742654,48.81668260972947
1664537163019,40.91342297552408,-73.13252977602042,10.336225947847142,48.81668260972947
1664537165012,40.91342297552408,-73.13252977602042,9.262383723456576,48.81668260972947
1664537166012,40.91342297552408,-73.13252977602042,9.365821092508344,48.81668260972947
1664537168013,40.91342297552408,-73.13252977602042,9.567824400046277,48.81668260972947
1664537170012,40.91342297552408,-73.13252977602042,9.786743942682612,48.81668260972947
1664537171012,40.91342297552408,-73.13252977602042,9.884208366425774,48.81668260972947
1664537173012,40.91342297552408,-73.13252977602042,10.079852285132315,48.81668260972947
1664537176014,40.91342297552408,-73.13252977602042,9.184127709339123,48.81668260972947
1664537178012,40.91342297552408,-73.13252977602042,9.395683768896442,48.81668260972947
1664537180012,40.91342297552408,-73.13252977602042,9.613373352198035,48.81668260972947
1664537181012,40.91342297552408,-73.13252977602042,9.714115849397432,48.81668260972947
1664537183039,40.91342297552408,-73.13252977602042,9.908854506490101,48.81668260972947
1664537185012,40.91342297552408,-73.13252977602042,10.214877789864808,48.81668260972947
1664537188013,40.91342297552408,-73.13252977602042,9.210336227590785,48.81668260972947
1664537189013,40.91342297552408,-73.13252977602042,9.320181997418949,48.81668260972947
1664537191012,40.91342297552408,-73.13252977602042,9.513896752792132,48.81668260972947
1664537193012,40.91342297552408,-73.13252977602042,9.624940797221138,48.81668260972947
1664537201012,40.91343417101365,-73.13252974760562,10.529530069575774,44.041500801220536
1664537202013,40.91343417101365,-73.13252974760562,10.620922646397808,44.041500801220536
1664537204012,40.91343417101365,-73.13252974760562,10.803833986465298,44.041500801220536
1664537206012,40.91343417101365,-73.13252974760562,10.988462161349295,44.041500801220536
1664537210011,40.91343417101365,-73.13252974760562,11.341430108027804,44.041500801220536
1664537211012,40.91343417101365,-73.13252974760562,11.437499522385528,44.041500801220536
1664537212013,40.91343417101365,-73.13252974760562,9.988898149599368,44.041500801220536
1664537214011,40.91343417101365,-73.13252974760562,10.168379160764994,44.041500801220536
1664537215012,40.91343417101365,-73.13252974760562,10.276642534985124,44.041500801220536
1664537217013,40.91343417101365,-73.13252974760562,10.54191665205612,44.041500801220536
1664537219012,40.91343417101365,-73.13252974760562,10.702596653109786,44.041500801220536
1664537221013,40.91343417101365,-73.13252974760562,10.921834983562343,44.041500801220536
1664537223013,40.91343417101365,-73.13252974760562,11.09510022518171,44.041500801220536
1664537224014,40.91343417101365,-73.13252974760562,9.67235055868538,44.041500801220536
1664537226012,40.91343417101365,-73.13252974760562,9.85028412284231,44.041500801220536
1664537229012,40.91343417101365,-73.13252974760562,10.266037416929098,44.041500801220536
1664537230012,40.91343417101365,-73.13252974760562,10.354492079205425,44.041500801220536
1664537232012,40.91343417101365,-73.13252974760562,10.555130951524383,44.041500801220536
1664537234012,40.91343417101365,-73.13252974760562,10.705016204799772,44.041500801220536
1664537236013,40.91343417101365,-73.13252974760562,10.788774963643469,44.041500801220536
1664537237013,40.91343417101365,-73.13252974760562,9.595522760082082,44.041500801220536
1664537239010,40.91343417101365,-73.13252974760562,9.780370081548385,44.041500801220536
1664537240012,40.91343417101365,-73.13252974760562,9.889318203605853,44.041500801220536
1664537242012,40.91343417101365,-73.13252974760562,10.092991178096494,44.041500801220536
1664537244012,40.91343417101365,-73.13252974760562,10.347652970125242,44.041500801220536
1664537246012,40.91343417101365,-73.13252974760562,10.569046792729681,44.041500801220536
1664537248013,40.91343417101365,-73.13252974760562,10.648288678669047,44.041500801220536
1664537249013,40.91343417101365,-73.13252974760562,10.74130071078076,44.041500801220536
1664537251012,40.91343417101365,-73.13252974760562,10.898632794749856,44.041500801220536
1664537253012,40.91343417101365,-73.13252974760562,11.090552160007094,44.041500801220536
1664537255012,40.91343417101365,-73.13252974760562,11.288101539479698,44.041500801220536
1664537257013,40.91343417101365,-73.13252974760562,11.547267531021935,44.041500801220536
1664537259012,40.91343417101365,-73.13252974760562,11.723167352818376,44.041500801220536
1664537260013,40.91343417101365,-73.13252974760562,10.16424602940173,44.041500801220536
1664537262012,40.91343417101365,-73.13252974760562,10.362490519530546,44.041500801220536
1664537263019,40.91343417101365,-73.13252974760562,10.439511403642243,44.041500801220536
1664537265012,40.91343417101365,-73.13252974760562,10.6464055537853,44.041500801220536
1664537267012,40.91343417101365,-73.13252974760562,10.814086293775407,44.041500801220536
1664537268013,40.91343417101365,-73.13252974760562,10.926941628153108,44.041500801220536
1664537270012,40.91343417101365,-73.13252974760562,11.109563567585742,44.041500801220536
1664537272014,40.91343417101365,-73.13252974760562,9.78549340957656,44.041500801220536
1664537274012,40.91343417101365,-73.13252974760562,9.96963726579219,44.041500801220536
1664537275013,40.91343417101365,-73.13252974760562,10.095575135211837,44.041500801220536
1664537277012,40.91343417101365,-73.13252974760562,10.282742612501437,44.041500801220536
1664537279012,40.91343417101365,-73.13252974760562,10.475821076328524,44.041500801220536
1664537281012,40.91343417101365,-73.13252974760562,10.66900029013358,44.041500801220536
1664537283038,40.91343417101365,-73.13252974760562,10.860431998554017,44.041500801220536
1664537285012,40.91343417101365,-73.13252974760562,9.606446203215704,44.041500801220536
1664537286012,40.91343417101365,-73.13252974760562,9.778515494451385,44.041500801220536
1664537288012,40.91343417101365,-73.13252974760562,9.962607362496039,44.041500801220536
1664537290012,40.91343417101365,-73.13252974760562,10.181145278780294,44.041500801220536
1664537291012,40.91343417101365,-73.13252974760562,10.256103784216545,44.041500801220536
1664537292012,40.91343417101365,-73.13252974760562,10.351924790090413,44.041500801220536
1664537294013,40.91343417101365,-73.13252974760562,10.546005464073403,44.041500801220536
1664537296014,40.91343417101365,-73.13252974760562,9.380738362669646,44.041500801220536
1664537298012,40.91343417101365,-73.13252974760562,9.588447909142948,44.041500801220536
1664537299013,40.91343417101365,-73.13252974760562,9.6613720174166,44.041500801220536
1664537301013,40.91343417101365,-73.13252974760562,9.89336337624225,44.041500801220536
1664537303010,40.91343417101365,-73.13252974760562,10.09657777782725,44.041500801220536
1664537304012,40.91343417101365,-73.13252974760562,10.28978374308724,44.041500801220536
1664537305012,40.91343417101365,-73.13252974760562,10.382637614872682,44.041500801220536
1664537306013,40.91343417101365,-73.13252974760562,10.48274822317184,44.041500801220536
1664537308014,40.91343417101365,-73.13252974760562,9.31926317609649,44.041500801220536
1664537310013,40.91343417101365,-73.13252974760562,9.533443117262452,44.041500801220536
1664537312013,40.91343417101365,-73.13252974760562,9.739877853553965,44.041500801220536
1664537314013,40.91343417101365,-73.13252974760562,9.941660270434681,44.041500801220536
1664537316012,40.91343417101365,-73.13252974760562,10.239458223920924,44.041500801220536
1664537318012,40.91343417101365,-73.13252974760562,10.431981321034183,44.041500801220536
1664537320013,40.91343417101365,-73.13252974760562,10.50928718981639,44.041500801220536
1664537322011,40.91343417101365,-73.13252974760562,9.4841113861138,44.041500801220536
1664537323012,40.91343417101365,-73.13252974760562,9.580792187595678,44.041500801220536
1664537325012,40.91343417101365,-73.13252974760562,9.80392897427659,44.041500801220536
1664537327012,40.91343417101365,-73.13252974760562,10.010791557988126,44.041500801220536
1664537328012,40.91343417101365,-73.13252974760562,10.089086442399887,44.041500801220536
1664537329012,40.91343417101365,-73.13252974760562,10.207055184865377,44.041500801220536
1664537331012,40.91343417101365,-73.13252974760562,10.39900876185984,44.041500801220536
1664537332013,40.91343417101365,-73.13252974760562,9.198356755046229,44.041500801220536
1664537334011,40.91343417101365,-73.13252974760562,9.408123460367078,44.041500801220536
1664537336012,40.91343417101365,-73.13252974760562,9.698395711438334,44.041500801220536
1664537337012,40.91343417101365,-73.13252974760562,9.796327734047956,44.041500801220536
1664537339012,40.91343417101365,-73.13252974760562,10.001601044819134,44.041500801220536
1664537341014,40.91343417101365,-73.13252974760562,10.192941963070343,44.041500801220536
1664537343013,40.91343417101365,-73.13252974760562,10.392564326885841,44.041500801220536
1664537344015,40.91343417101365,-73.13252974760562,9.194034952071204,44.041500801220536
1664537346014,40.91343417101365,-73.13252974760562,9.411317027540385,44.041500801220536
1664537348012,40.91343417101365,-73.13252974760562,9.601610821933273,44.041500801220536
1664537350012,40.91343417101365,-73.13252974760562,9.87832895791998,44.041500801220536
1664537352012,40.91343417101365,-73.13252974760562,10.093520081664527,44.041500801220536
1664537354012,40.91343417101365,-73.13252974760562,10.286457314803945,44.041500801220536
1664537356014,40.91343417101365,-73.13252974760562,9.202874866367104,44.041500801220536
1664537358011,40.91343417101365,-73.13252974760562,9.422577733366392,44.041500801220536
1664537359012,40.91343417101365,-73.13252974760562,9.511342167974863,44.041500801220536
1664537361012,40.91343417101365,-73.13252974760562,9.732063416855638,44.041500801220536
1664537363020,40.91343417101365,-73.13252974760562,9.936912638076214,44.041500801220536
1664537365012,40.91343417101365,-73.13252974760562,10.136535691261976,44.041500801220536
1664537367010,40.91343417101365,-73.13252974760562,10.41629595529507,44.041500801220536
1664537368013,40.91343417101365,-73.13252974760562,9.217095313468029,44.041500801220536
1664537369014,40.91343417101365,-73.13252974760562,9.326110383975658,44.041500801220536
1664537371014,40.91343417101365,-73.13252974760562,9.542819253514928,44.041500801220536
1664537372014,40.91343417101365,-73.13252974760562,9.62356209746363,44.041500801220536
1664537374013,40.91343417101365,-73.13252974760562,9.842804842270352,44.041500801220536
1664537375014,40.91343417101365,-73.13252974760562,9.940322564603784,44.041500801220536
1664537377011,40.91343417101365,-73.13252974760562,10.158671616770691,44.041500801220536
1664537378012,40.91343417101365,-73.13252974760562,10.256941939198827,44.041500801220536
1664537380015,40.91343417101365,-73.13252974760562,9.237744239413088,44.041500801220536
1664537382014,40.91343417101365,-73.13252974760562,9.439668384204705,44.041500801220536
1664537383038,40.91343417101365,-73.13252974760562,9.557028994828356,44.041500801220536
1664537385014,40.91343417101365,-73.13252974760562,9.753079546907628,44.041500801220536
1664537387014,40.91343417101365,-73.13252974760562,9.967633562942472,44.041500801220536
1664537389012,40.91343417101365,-73.13252974760562,10.178641853545006,44.041500801220536
1664537391011,40.91343417101365,-73.13252974760562,10.281917666696616,44.041500801220536
1664537394011,40.91343417101365,-73.13252974760562,9.383932991510251,44.041500801220536
1664537395012,40.91343417101365,-73.13252974760562,9.504986370141832,44.041500801220536
1664537397013,40.91343417101365,-73.13252974760562,9.780896993821823,44.041500801220536
1664537399010,40.91343417101365,-73.13252974760562,9.98476156884948,44.041500801220536
1664537400012,40.91343417101365,-73.13252974760562,10.096694314271359,44.041500801220536
1664537402013,40.91343417101365,-73.13252974760562,10.305714887865124,44.041500801220536
1664537404013,40.91343417101365,-73.13252974760562,10.363291581978,44.041500801220536
1664537406012,40.91343417101365,-73.13252974760562,9.418576693314321,44.041500801220536
1664537407012,40.91343417101365,-73.13252974760562,9.500664279117913,44.041500801220536
1664537424012,40.91343358565873,-73.13253092573353,10.055097700397159,44.40280627179891
1664537426012,40.91343358565873,-73.13253092573353,10.24652511927005,44.40280627179891
1664537428013,40.91343358565873,-73.13253092573353,9.171276994473484,44.40280627179891
1664537430012,40.91343358565873,-73.13253092573353,9.367486923029164,44.40280627179891
1664537444012,40.91343422069383,-73.13252400000268,9.582778411969059,44.36792835406959
1664537446012,40.91343422069383,-73.13252400000268,9.8123916456242,44.36792835406959
1664537448012,40.91343422069383,-73.13252400000268,10.102680105969254,44.36792835406959
1664537450012,40.91343422069383,-73.13252400000268,10.307435707679836,44.36792835406959
1664537452013,40.91343422069383,-73.13252400000268,9.20260517556818,44.36792835406959
1664537454012,40.91343422069383,-73.13252400000268,9.42530510604268,44.36792835406959
1664537475012,40.91342267630584,-73.13255206856505,14.908254223562345,41.78447723388672
1664537485114,40.91342267630584,-73.13255206856505,14.908254223562345,41.86693572998047
1664537497012,40.91342267630584,-73.13255206856505,14.908254223562345,41.96223449707031
1664537509013,40.91342267630584,-73.13255206856505,14.908254223562345,42.04071807861328
1664537521013,40.91342267630584,-73.13255206856505,14.908254223562345,42.117164611816406
1664537533012,40.91342267630584,-73.13255206856505,14.908254223562345,42.19340133666992
1664537545013,40.91342267630584,-73.13255206856505,14.908254223562345,42.273193359375
1664537557013,40.91342267630584,-73.13255206856505,14.908254223562345,42.348148345947266
1664537569012,40.91342267630584,-73.13255206856505,14.908254223562345,42.42131423950195
1664537581012,40.91342267630584,-73.13255206856505,14.908254223562345,42.49789810180664
1664537593012,40.91342267630584,-73.13255206856505,14.908254223562345,42.56869125366211
1664537605012,40.91342267630584,-73.13255206856505,14.908254223562345,42.64267349243164
1664537617012,40.91342267630584,-73.13255206856505,14.908254223562345,42.712894439697266
1664537629013,40.91342267630584,-73.13255206856505,14.908254223562345,42.78301239013672
1664537635300,40.91342267630584,-73.13255206856505,14.908254223562345,42.84273910522461
1664537647012,40.91342267630584,-73.13255206856505,14.908254223562345,43.0638542175293
1664537659012,40.91342267630584,-73.13255206856505,14.908254223562345,43.14493942260742
1664537671011,40.91342267630584,-73.13255206856505,14.908254223562345,43.215911865234375
1664537683036,40.91342267630584,-73.13255206856505,14.908254223562345,43.285057067871094
1664537695012,40.91342267630584,-73.13255206856505,14.908254223562345,43.35107421875
1664537707012,40.91342267630584,-73.13255206856505,14.908254223562345,43.410057067871094
1664537719010,40.91342267630584,-73.13255206856505,14.908254223562345,43.476688385009766
1664537731012,40.91342267630584,-73.13255206856505,14.908254223562345,43.539581298828125
1664537743012,40.91342267630584,-73.13255206856505,14.908254223562345,43.60137939453125
1664537755012,40.91342267630584,-73.13255206856505,14.908254223562345,43.666168212890625
1664537767012,40.91342267630584,-73.13255206856505,14.908254223562345,43.73134231567383
1664537779012,40.91342267630584,-73.13255206856505,14.908254223562345,43.79582595825195
1664537791011,40.91342267630584,-73.13255206856505,14.908254223562345,43.85971450805664
1664537803011,40.91342267630584,-73.13255206856505,14.908254223562345,43.903846740722656
1664537815009,40.91342267630584,-73.13255206856505,14.908254223562345,43.96361541748047
1664537827011,40.91342267630584,-73.13255206856505,14.908254223562345,44.01887130737305
1664537839012,40.91342267630584,-73.13255206856505,14.908254223562345,44.08160400390625
1664537851012,40.91342267630584,-73.13255206856505,14.908254223562345,44.13867950439453
1664537863018,40.91342267630584,-73.13255206856505,14.908254223562345,44.19758224487305
1664537875012,40.91342267630584,-73.13255206856505,14.908254223562345,44.2562141418457
1664537881070,40.91342267630584,-73.13255206856505,14.908254223562345,44.30458068847656
1664537893012,40.91342267630584,-73.13255206856505,14.908254223562345,44.488685607910156
1664537905012,40.91342267630584,-73.13255206856505,14.908254223562345,44.546817779541016
1664537917012,40.91342267630584,-73.13255206856505,14.908254223562345,44.597984313964844
1664537929012,40.91342267630584,-73.13255206856505,14.908254223562345,44.64632797241211
1664537941012,40.91342267630584,-73.13255206856505,14.908254223562345,44.69452667236328
1664537953012,40.91342267630584,-73.13255206856505,14.908254223562345,44.743499755859375
1664537965012,40.91342267630584,-73.13255206856505,14.908254223562345,44.790184020996094
1664537977012,40.91342267630584,-73.13255206856505,14.908254223562345,44.82600021362305
1664537989012,40.91342267630584,-73.13255206856505,14.908254223562345,44.857078552246094
1664538000286,40.91342267630584,-73.13255206856505,14.908254223562345,44.894554138183594
1664538001422,40.91342267630584,-73.13255206856505,14.908254223562345,44.933349609375
1664538013012,40.91342267630584,-73.13255206856505,14.908254223562345,44.94163131713867
1664538025012,40.91342267630584,-73.13255206856505,14.908254223562345,44.98523712158203
1664538030011,40.913423249792764,-73.13252079068847,9.615044885855092,49.34037793148309
1664538032012,40.913423249792764,-73.13252079068847,9.884121392241868,49.34037793148309
1664538034011,40.913423249792764,-73.13252079068847,10.074083178989856,49.34037793148309
1664538036011,40.913423249792764,-73.13252079068847,10.28749851651113,49.34037793148309
1664538038012,40.913423249792764,-73.13252079068847,10.36688975283956,49.34037793148309
1664538040011,40.913423249792764,-73.13252079068847,9.33031981041355,49.34037793148309
1664538043012,40.913423249792764,-73.13252079068847,9.718890037389155,49.34037793148309
1664538045012,40.913423249792764,-73.13252079068847,9.907871123419467,49.34037793148309
1664538047011,40.913423249792764,-73.13252079068847,10.13547105973436,49.34037793148309
1664538048011,40.913423249792764,-73.13252079068847,10.236015220467841,49.34037793148309
1664538055011,40.91343192327299,-73.1325162807427,9.735755367301186,44.177908916026354
1664538056012,40.91343192327299,-73.1325162807427,9.852967029574799,44.177908916026354
1664538058012,40.91343192327299,-73.1325162807427,10.067558802396087,44.177908916026354
1664538060011,40.91343192327299,-73.1325162807427,10.264754383236506,44.177908916026354
1664538062013,40.91343192327299,-73.1325162807427,9.17633055790676,44.177908916026354
1664538063018,40.91343192327299,-73.1325162807427,9.26625749399979,44.177908916026354
1664538065012,40.91343192327299,-73.1325162807427,9.485286696590125,44.177908916026354
1664538066012,40.91343192327299,-73.1325162807427,9.576537525294746,44.177908916026354
1664538068012,40.91343192327299,-73.1325162807427,9.885746877711378,44.177908916026354
1664538069012,40.91343192327299,-73.1325162807427,9.974857625325917,44.177908916026354
1664538073012,40.91343192327299,-73.1325162807427,10.404100159391998,44.177908916026354
1664538074013,40.91343192327299,-73.1325162807427,9.20309876296411,44.177908916026354
1664538076011,40.91343192327299,-73.1325162807427,9.424292466115233,44.177908916026354
1664538078011,40.91343192327299,-73.1325162807427,9.618535893015068,44.177908916026354
1664538080012,40.91343192327299,-73.1325162807427,9.835288503757399,44.177908916026354
1664538082012,40.91343192327299,-73.1325162807427,10.040267634203092,44.177908916026354
1664538083038,40.91343192327299,-73.1325162807427,10.24559339628369,44.177908916026354
1664538085011,40.91343192327299,-73.1325162807427,10.403991443409739,44.177908916026354
1664538086013,40.91343192327299,-73.1325162807427,9.223081488807738,44.177908916026354
1664538088012,40.91343192327299,-73.1325162807427,9.441161140253532,44.177908916026354
1664538090012,40.91343192327299,-73.1325162807427,9.644363219491161,44.177908916026354
1664538092012,40.91343192327299,-73.1325162807427,9.835225300350467,44.177908916026354
1664538094012,40.91343192327299,-73.1325162807427,10.033103826002723,44.177908916026354
1664538096012,40.91343192327299,-73.1325162807427,10.335280750975556,44.177908916026354
1664538097013,40.91343192327299,-73.1325162807427,10.44832705009674,44.177908916026354
1664538098013,40.91343192327299,-73.1325162807427,9.239507062338271,44.177908916026354
1664538100012,40.91343192327299,-73.1325162807427,9.448787589429028,44.177908916026354
1664538102012,40.91343192327299,-73.1325162807427,9.669066577296379,44.177908916026354
1664538104011,40.91343192327299,-73.1325162807427,9.849315085594016,44.177908916026354
1664538106012,40.91343192327299,-73.1325162807427,10.044788291628484,44.177908916026354
1664538108012,40.91343192327299,-73.1325162807427,10.252247824105334,44.177908916026354
1664538110013,40.91343192327299,-73.1325162807427,10.450666542470596,44.177908916026354
1664538112012,40.91343192327299,-73.1325162807427,9.464905197869845,44.177908916026354
1664538114012,40.91343192327299,-73.1325162807427,9.684750604542623,44.177908916026354
1664538116012,40.91343192327299,-73.1325162807427,9.872222092257681,44.177908916026354
1664538118012,40.91343192327299,-73.1325162807427,10.07042797925811,44.177908916026354
1664538120012,40.91343192327299,-73.1325162807427,10.284195804594951,44.177908916026354
1664538122013,40.91343192327299,-73.1325162807427,10.362442027162519,44.177908916026354
1664538124012,40.91343192327299,-73.1325162807427,10.553581436149658,44.177908916026354
1664538125012,40.91343192327299,-73.1325162807427,10.659478772501663,44.177908916026354
1664538127012,40.91343192327299,-73.1325162807427,10.915097124673991,44.177908916026354
1664538129012,40.91343192327299,-73.1325162807427,11.104998416383784,44.177908916026354
1664538131012,40.91343192327299,-73.1325162807427,11.287036022016128,44.177908916026354
1664538133012,40.91343192327299,-73.1325162807427,11.457360130718689,44.177908916026354
1664538134012,40.91343192327299,-73.1325162807427,10.004136684368072,44.177908916026354
1664538136012,40.91343192327299,-73.1325162807427,10.200492122326535,44.177908916026354
1664538137013,40.91343192327299,-73.1325162807427,10.291018727196738,44.177908916026354
1664538139012,40.91343192327299,-73.1325162807427,10.487650465359078,44.177908916026354
1664538141012,40.91343192327299,-73.1325162807427,10.671255649649387,44.177908916026354
1664538157012,40.91342267630584,-73.13255206856505,14.908254223562345,41.594303131103516
1664538169013,40.91342267630584,-73.13255206856505,14.908254223562345,41.67149353027344
1664538171078,40.91342267630584,-73.13255206856505,14.908254223562345,41.68194580078125
1664538174011,40.91343085806239,-73.13252777401279,9.692736130955657,44.59996628575027
1664538175012,40.91343085806239,-73.13252777401279,9.78424539639133,44.59996628575027
1664538177012,40.91343085806239,-73.13252777401279,9.97955554088274,44.59996628575027
1664538179012,40.91343085806239,-73.13252777401279,10.292497152638099,44.59996628575027
1664538181012,40.91343085806239,-73.13252777401279,10.37856219952242,44.59996628575027
1664538185012,40.91343085806239,-73.13252777401279,9.544335526615832,44.59996628575027
1664538186012,40.91343085806239,-73.13252777401279,9.641287211148798,44.59996628575027
1664538188012,40.91343085806239,-73.13252777401279,9.826798741926366,44.59996628575027
1664538190012,40.91343085806239,-73.13252777401279,10.038509298284149,44.59996628575027
1664538192012,40.91343085806239,-73.13252777401279,10.212609322033149,44.59996628575027
1664538198012,40.91343103035706,-73.1325292816609,9.604990463679778,44.27709598187357
1664538200012,40.91343103035706,-73.1325292816609,9.798340662283037,44.27709598187357
1664538202013,40.91343103035706,-73.1325292816609,9.993754878034656,44.27709598187357
1664538212012,40.913431096471115,-73.13252994008583,9.760873145383991,44.26774611789733
1664538213013,40.913431096471115,-73.13252994008583,9.862571763706327,44.26774611789733
1664538215013,40.913431096471115,-73.13252994008583,10.080022588676833,44.26774611789733
1664538217012,40.913431096471115,-73.13252994008583,10.183056513477895,44.26774611789733
1664538231010,40.91342267630584,-73.13255206856505,14.908254223562345,41.68772888183594
1664538243012,40.91342267630584,-73.13255206856505,14.908254223562345,41.79092788696289
1664538247015,40.91342267630584,-73.13255206856505,14.908254223562345,42.11297607421875
1664538253028,40.91342267630584,-73.13255206856505,14.908254223562345,42.77211380004883
1664538265011,40.91342267630584,-73.13255206856505,14.908254223562345,43.36677169799805
1664538277012,40.91342267630584,-73.13255206856505,14.908254223562345,43.44462585449219
1664538289012,40.91342267630584,-73.13255206856505,14.908254223562345,43.50288009643555
1664538300317,40.91342267630584,-73.13255206856505,14.908254223562345,43.554443359375
1664538301418,40.91342267630584,-73.13255206856505,14.908254223562345,43.6200065612793
1664538309011,40.91343673167887,-73.1325269081046,9.681412963186247,46.71043059974909
1664538310012,40.91343673167887,-73.1325269081046,9.787244313504845,46.71043059974909
1664538312011,40.91343673167887,-73.1325269081046,10.068876151454875,46.71043059974909
1664538314012,40.91343673167887,-73.1325269081046,10.154206577839954,46.71043059974909
1664538320011,40.91343998295842,-73.13252801411502,9.710112277076261,44.346352741122246
1664538322011,40.91343998295842,-73.13252801411502,9.91451471675666,44.346352741122246
1664538323012,40.91343998295842,-73.13252801411502,9.995499571708889,44.346352741122246
1664538325012,40.91343998295842,-73.13252801411502,10.126728254483648,44.346352741122246
1664538326013,40.91343998295842,-73.13252801411502,9.073239886579167,44.346352741122246
1664538328012,40.91343998295842,-73.13252801411502,9.275459956039068,44.346352741122246
1664538329012,40.91343998295842,-73.13252801411502,9.382175830867643,44.346352741122246
1664538330012,40.91343998295842,-73.13252801411502,9.48610236202479,44.346352741122246
1664538349012,40.91342267630584,-73.13255206856505,14.908254223562345,41.75780487060547
1664538361014,40.91342267630584,-73.13255206856505,14.908254223562345,41.81254196166992
1664538373012,40.91342267630584,-73.13255206856505,14.908254223562345,41.893978118896484
1664538385011,40.91342267630584,-73.13255206856505,14.908254223562345,41.97281265258789
1664538391084,40.91342267630584,-73.13255206856505,14.908254223562345,42.036930084228516
1664538403012,40.91342267630584,-73.13255206856505,14.908254223562345,42.24833297729492
1664538409049,40.91342267630584,-73.13255206856505,14.908254223562345,42.31764221191406
1664538421011,40.91342267630584,-73.13255206856505,14.908254223562345,42.541378021240234
1664538433012,40.91342267630584,-73.13255206856505,14.908254223562345,42.6279182434082
1664538445011,40.91342267630584,-73.13255206856505,14.908254223562345,42.699562072753906
1664538457012,40.91342267630584,-73.13255206856505,14.908254223562345,42.769840240478516
1664538469012,40.91342267630584,-73.13255206856505,14.908254223562345,42.83501434326172
1664538481010,40.91342267630584,-73.13255206856505,14.908254223562345,42.90236282348633
1664538493011,40.91342267630584,-73.13255206856505,14.908254223562345,42.97130584716797
1664538499083,40.91342267630584,-73.13255206856505,14.908254223562345,43.0255126953125
1664538511009,40.91342267630584,-73.13255206856505,14.908254223562345,43.208438873291016
1664538523008,40.91342267630584,-73.13255206856505,14.908254223562345,43.281436920166016
1664538535008,40.91342267630584,-73.13255206856505,14.908254223562345,43.35142517089844
1664538547009,40.91342267630584,-73.13255206856505,14.908254223562345,43.419857025146484
1664538559008,40.91342267630584,-73.13255206856505,14.908254223562345,43.48276901245117
1664538571008,40.91342267630584,-73.13255206856505,14.908254223562345,43.54353713989258
1664538583029,40.91342267630584,-73.13255206856505,14.908254223562345,43.60432815551758
1664538595008,40.91342267630584,-73.13255206856505,14.908254223562345,43.66423797607422
1664538607009,40.91342267630584,-73.13255206856505,14.908254223562345,43.72446823120117
1664538619008,40.91342267630584,-73.13255206856505,14.908254223562345,43.783409118652344
1664538631009,40.91342267630584,-73.13255206856505,14.908254223562345,43.841102600097656
1664538637117,40.91342267630584,-73.13255206856505,14.908254223562345,43.887420654296875
1664538649008,40.91342267630584,-73.13255206856505,14.908254223562345,44.04429626464844
1664538661008,40.91342267630584,-73.13255206856505,14.908254223562345,44.05796813964844
1664538673010,40.91342267630584,-73.13255206856505,14.908254223562345,44.09913635253906
1664538685009,40.91342267630584,-73.13255206856505,14.908254223562345,44.150638580322266
1664538697009,40.91342267630584,-73.13255206856505,14.908254223562345,44.20417785644531
1664538709007,40.91342267630584,-73.13255206856505,14.908254223562345,44.257747650146484
1664538721007,40.91342267630584,-73.13255206856505,14.908254223562345,44.31162643432617
1664538733007,40.91342267630584,-73.13255206856505,14.908254223562345,44.36446762084961
1664538745008,40.91342267630584,-73.13255206856505,14.908254223562345,44.41632843017578
1664538757008,40.91342267630584,-73.13255206856505,14.908254223562345,44.47081756591797
1664538769008,40.91342267630584,-73.13255206856505,14.908254223562345,44.52415084838867
1664538781007,40.91342267630584,-73.13255206856505,14.908254223562345,44.577545166015625
1664538793008,40.91342267630584,-73.13255206856505,14.908254223562345,44.62591552734375
1664538805007,40.91342267630584,-73.13255206856505,14.908254223562345,44.675209045410156
1664538817007,40.91342267630584,-73.13255206856505,14.908254223562345,44.7250862121582
1664538829007,40.91342267630584,-73.13255206856505,14.908254223562345,44.773658752441406
1664538841007,40.91342267630584,-73.13255206856505,14.908254223562345,44.821224212646484
1664538853008,40.91342267630584,-73.13255206856505,14.908254223562345,44.867645263671875
1664538865008,40.91342267630584,-73.13255206856505,14.908254223562345,44.9134407043457
1664538877009,40.91342267630584,-73.13255206856505,14.908254223562345,44.95827865600586
1664538883022,40.91342267630584,-73.13255206856505,14.908254223562345,44.994117736816406
1664538895008,40.91342267630584,-73.13255206856505,14.908254223562345,45.13075637817383
1664538907008,40.91342267630584,-73.13255206856505,14.908254223562345,45.17963409423828
1664538919008,40.91342267630584,-73.13255206856505,14.908254223562345,45.22270584106445
1664538931008,40.91342267630584,-73.13255206856505,14.908254223562345,45.26359939575195
1664538943007,40.91342267630584,-73.13255206856505,14.908254223562345,45.30561065673828
1664538955007,40.91342267630584,-73.13255206856505,14.908254223562345,45.34744644165039
1664538967005,40.91342267630584,-73.13255206856505,14.908254223562345,45.38787078857422
1664538979007,40.91342267630584,-73.13255206856505,14.908254223562345,45.42805862426758
1664538991007,40.91342267630584,-73.13255206856505,14.908254223562345,45.467445373535156
1664539003007,40.91342267630584,-73.13255206856505,14.908254223562345,45.51018524169922
1664539015007,40.91342267630584,-73.13255206856505,14.908254223562345,45.549102783203125
1664539027007,40.91342267630584,-73.13255206856505,14.908254223562345,45.58757019042969
1664539039008,40.91342267630584,-73.13255206856505,14.908254223562345,45.62560272216797
1664539051009,40.91342267630584,-73.13255206856505,14.908254223562345,45.66517639160156
1664539063011,40.91342267630584,-73.13255206856505,14.908254223562345,45.7022705078125
1664539075007,40.91342267630584,-73.13255206856505,14.908254223562345,45.74070358276367
1664539087007,40.91342267630584,-73.13255206856505,14.908254223562345,45.776756286621094
1664539099007,40.91342267630584,-73.13255206856505,14.908254223562345,45.814605712890625
1664539111008,40.91342267630584,-73.13255206856505,14.908254223562345,45.85049057006836
1664539123008,40.91342267630584,-73.13255206856505,14.908254223562345,45.884613037109375
1664539129056,40.91342267630584,-73.13255206856505,14.908254223562345,45.912776947021484
1664539141007,40.91342267630584,-73.13255206856505,14.908254223562345,46.009925842285156
1664539153007,40.91342267630584,-73.13255206856505,14.908254223562345,46.047218322753906
1664539165007,40.91342267630584,-73.13255206856505,14.908254223562345,46.077327728271484
1664539166009,40.913422340344155,-73.13252518333182,9.178301344852647,48.953488742001355
1664539168007,40.913422340344155,-73.13252518333182,9.370990866662266,48.953488742001355
1664539169008,40.913422340344155,-73.13252518333182,9.46696236671596,48.953488742001355
1664539187007,40.91343315554453,-73.13252883394259,10.11238573073488,44.41285096947104
1664539189008,40.91343315554453,-73.13252883394259,10.314011594940359,44.41285096947104
1664539190010,40.91343315554453,-73.13252883394259,9.159636147358759,44.41285096947104
1664539192008,40.91343315554453,-73.13252883394259,9.35872906497903,44.41285096947104
1664539197008,40.91343352131666,-73.13252917645546,9.940932076732519,44.03110936284065
1664539199007,40.91343352131666,-73.13252917645546,10.14644613782904,44.03110936284065
1664539201007,40.91343352131666,-73.13252917645546,10.352366308722814,44.03110936284065
1664539202007,40.91343352131666,-73.13252917645546,10.44449590656443,44.03110936284065
1664539204009,40.91343352131666,-73.13252917645546,9.457218951691196,44.03110936284065
1664539206009,40.91343352131666,-73.13252917645546,9.661581633832775,44.03110936284065
1664539208008,40.91343352131666,-73.13252917645546,9.874175636647609,44.03110936284065
1664539210007,40.91343352131666,-73.13252917645546,10.078018405529601,44.03110936284065
1664539212007,40.91343352131666,-73.13252917645546,10.265723738372078,44.03110936284065
1664539214008,40.91343352131666,-73.13252917645546,10.355869943336282,44.03110936284065
1664539215008,40.91343352131666,-73.13252917645546,9.286377876464636,44.03110936284065
1664539216009,40.91343352131666,-73.13252917645546,9.392426359150775,44.03110936284065
1664539218009,40.91343352131666,-73.13252917645546,9.606045599031665,44.03110936284065
1664539220008,40.91343352131666,-73.13252917645546,9.885379464343425,44.03110936284065
1664539221008,40.91343352131666,-73.13252917645546,10.00741679303551,44.03110936284065
1664539222009,40.91343352131666,-73.13252917645546,10.083246898178256,44.03110936284065
1664539224006,40.91343352131666,-73.13252917645546,10.297690671656767,44.03110936284065
1664539225007,40.91343352131666,-73.13252917645546,10.405742399266144,44.03110936284065
1664539226008,40.91343352131666,-73.13252917645546,10.375580964115008,44.03110936284065
1664539227009,40.91343352131666,-73.13252917645546,9.288725610338151,44.03110936284065
1664539229009,40.91343352131666,-73.13252917645546,9.506341607159827,44.03110936284065
1664539231008,40.91343352131666,-73.13252917645546,9.727685327256074,44.03110936284065
1664539233008,40.91343352131666,-73.13252917645546,9.923804342127283,44.03110936284065
1664539234009,40.91343352131666,-73.13252917645546,10.005289442455014,44.03110936284065
1664539236007,40.91343352131666,-73.13252917645546,10.311989753652622,44.03110936284065
1664539238008,40.91343352131666,-73.13252917645546,10.32825291264631,44.03110936284065
1664539249006,40.91342267630584,-73.13255206856505,14.908254223562345,41.44770050048828
1664539251007,40.913433434610276,-73.1325276260349,9.280743893813895,44.51008683629334
1664539253007,40.913433434610276,-73.1325276260349,9.475052868339686,44.51008683629334
1664539254008,40.913433434610276,-73.1325276260349,9.576515480764725,44.51008683629334
1664539256007,40.913433434610276,-73.1325276260349,9.784259424274852,44.51008683629334
1664539259007,40.913433434610276,-73.1325276260349,10.100986354137728,44.51008683629334
1664539261007,40.913433434610276,-73.1325276260349,10.29296581169731,44.51008683629334
1664539262008,40.913433434610276,-73.1325276260349,10.271325453469153,44.51008683629334
1664539263014,40.913433434610276,-73.1325276260349,9.30527042124386,44.51008683629334
1664539265007,40.913433434610276,-73.1325276260349,9.520394022780458,44.51008683629334
1664539267007,40.913433434610276,-73.1325276260349,9.730706330562214,44.51008683629334
1664539269007,40.913433434610276,-73.1325276260349,9.937657480656592,44.51008683629334
1664539271007,40.913433434610276,-73.1325276260349,10.141731022107994,44.51008683629334
1664539273007,40.913433434610276,-73.1325276260349,10.330701680493036,44.51008683629334
1664539274008,40.913433434610276,-73.1325276260349,10.301123012291582,44.51008683629334
1664539276007,40.913433434610276,-73.1325276260349,9.367750193709512,44.51008683629334
1664539277008,40.913433434610276,-73.1325276260349,9.475932703658001,44.51008683629334
1664539293007,40.913433404471476,-73.13252758739038,9.929637509783264,44.124325967393816
1664539294007,40.913433404471476,-73.13252758739038,10.01744536954244,44.124325967393816
1664539296007,40.913433404471476,-73.13252758739038,10.220958152293429,44.124325967393816
1664539297008,40.913433404471476,-73.13252758739038,10.303751750823963,44.124325967393816
1664539298009,40.913433404471476,-73.13252758739038,10.350298973793713,44.124325967393816
1664539300007,40.913433404471476,-73.13252758739038,9.375040287406812,44.124325967393816
1664539301007,40.913433404471476,-73.13252758739038,9.559933668420168,44.124325967393816
1664539302008,40.913433404471476,-73.13252758739038,9.656446442587955,44.124325967393816
1664539304007,40.913433404471476,-73.13252758739038,9.77707010363909,44.124325967393816
1664539321008,40.91342267630584,-73.13255206856505,14.908254223562345,41.54058074951172
1664539330007,40.913433231173066,-73.13252735444328,10.116569034075301,44.5575833376497
1664539331007,40.913433231173066,-73.13252735444328,10.230877126246316,44.5575833376497
1664539333007,40.913433231173066,-73.13252735444328,10.410334054838291,44.5575833376497
1664539334008,40.913433231173066,-73.13252735444328,9.263439488904995,44.5575833376497
1664539345007,40.91342267630584,-73.13255206856505,14.908254223562345,41.97106170654297
1664539346009,40.91343471566983,-73.13252592729836,9.293408854917317,44.15210971143097
1664539348007,40.91343471566983,-73.13252592729836,9.49926549316964,44.15210971143097
1664539349008,40.91343471566983,-73.13252592729836,9.591494618010376,44.15210971143097
1664539351005,40.91343471566983,-73.13252592729836,9.822594040345818,44.15210971143097
1664539352007,40.91343471566983,-73.13252592729836,9.908725726103073,44.15210971143097
1664539353008,40.91343471566983,-73.13252592729836,10.010230164507323,44.15210971143097
1664539355008,40.91343471566983,-73.13252592729836,10.196030545516463,44.15210971143097
1664539357008,40.91343471566983,-73.13252592729836,10.395983750642031,44.15210971143097
1664539358009,40.91343471566983,-73.13252592729836,9.2295543873185,44.15210971143097
1664539360007,40.91343471566983,-73.13252592729836,9.50598323802719,44.15210971143097
1664539361008,40.91343471566983,-73.13252592729836,9.617935956148465,44.15210971143097
1664539363014,40.91343471566983,-73.13252592729836,9.745924996552349,44.15210971143097
1664539367009,40.91343471566983,-73.13252592729836,10.208213446330694,44.15210971143097
1664539369008,40.91343471566983,-73.13252592729836,10.41237899046396,44.15210971143097
1664539370008,40.91343471566983,-73.13252592729836,9.213037721251542,44.15210971143097
1664539372007,40.91343471566983,-73.13252592729836,9.404223921673148,44.15210971143097
1664539374005,40.91343471566983,-73.13252592729836,9.617628501889211,44.15210971143097
1664539375006,40.91343471566983,-73.13252592729836,9.730074292708,44.15210971143097
1664539376008,40.91343471566983,-73.13252592729836,9.81902398752918,44.15210971143097
1664539378008,40.91343471566983,-73.13252592729836,10.037884237518195,44.15210971143097
1664539379008,40.91343471566983,-73.13252592729836,10.121684044486495,44.15210971143097
1664539381006,40.91343471566983,-73.13252592729836,10.333379185462507,44.15210971143097
1664539382009,40.91343471566983,-73.13252592729836,10.396652662220413,44.15210971143097
1664539383034,40.91343471566983,-73.13252592729836,9.333530801602354,44.15210971143097
1664539388007,40.91343471566983,-73.13252592729836,9.862949618652191,44.15210971143097
1664539389007,40.91343471566983,-73.13252592729836,9.937761780934743,44.15210971143097
1664539391007,40.91343471566983,-73.13252592729836,10.164284799489048,44.15210971143097
1664539392008,40.91343471566983,-73.13252592729836,10.250963710760368,44.15210971143097
1664539394009,40.91343471566983,-73.13252592729836,10.332744247720722,44.15210971143097
1664539396008,40.91343471566983,-73.13252592729836,9.375252018285474,44.15210971143097
1664539398008,40.91343471566983,-73.13252592729836,9.585096089067816,44.15210971143097
1664539400008,40.91343471566983,-73.13252592729836,9.773945475585089,44.15210971143097
1664539402008,40.91343471566983,-73.13252592729836,9.983879835902897,44.15210971143097
1664539404008,40.91343471566983,-73.13252592729836,10.285906524893354,44.15210971143097
1664539406009,40.91343471566983,-73.13252592729836,9.199045287523358,44.15210971143097
1664539408006,40.91343471566983,-73.13252592729836,9.405417252470194,44.15210971143097
1664539409007,40.91343471566983,-73.13252592729836,9.503508244425058,44.15210971143097
1664539411007,40.91343471566983,-73.13252592729836,9.725383332978224,44.15210971143097
1664539413007,40.91343471566983,-73.13252592729836,9.926220370373224,44.15210971143097
1664539415005,40.91343471566983,-73.13252592729836,10.123566850053816,44.15210971143097
1664539416007,40.91343471566983,-73.13252592729836,10.220906124798812,44.15210971143097
1664539418008,40.91343471566983,-73.13252592729836,10.41280682557527,44.15210971143097
1664539420007,40.91343471566983,-73.13252592729836,10.58904612880346,44.15210971143097
1664539421007,40.91343471566983,-73.13252592729836,10.697250779139715,44.15210971143097
1664539423007,40.91343471566983,-73.13252592729836,10.883570283640875,44.15210971143097
1664539425007,40.91343471566983,-73.13252592729836,11.042510097216239,44.15210971143097
1664539427007,40.91343471566983,-73.13252592729836,11.238225809113578,44.15210971143097
1664539429007,40.91343471566983,-73.13252592729836,11.407794300494205,44.15210971143097
1664539430008,40.91343471566983,-73.13252592729836,9.973155084803135,44.15210971143097
1664539432007,40.91343471566983,-73.13252592729836,10.152108006571568,44.15210971143097
1664539434007,40.91343471566983,-73.13252592729836,10.409990358893923,44.15210971143097
1664539436007,40.91343471566983,-73.13252592729836,10.602857532074253,44.15210971143097
1664539438007,40.91343471566983,-73.13252592729836,10.798812976828636,44.15210971143097
1664539440007,40.91343471566983,-73.13252592729836,10.972801983904994,44.15210971143097
1664539442009,40.91343471566983,-73.13252592729836,11.019973060259682,44.15210971143097
1664539444006,40.91343471566983,-73.13252592729836,9.833184852112172,44.15210971143097
1664539445007,40.91343471566983,-73.13252592729836,9.933629770301446,44.15210971143097
1664539447004,40.91343471566983,-73.13252592729836,10.131593095891539,44.15210971143097
1664539448006,40.91343471566983,-73.13252592729836,10.228683765856102,44.15210971143097
1664539449007,40.91343471566983,-73.13252592729836,10.316523450135398,44.15210971143097
1664539451007,40.91343471566983,-73.13252592729836,10.5066077877101,44.15210971143097
1664539453008,40.91343471566983,-73.13252592729836,10.764705974469008,44.15210971143097
1664539454008,40.91343471566983,-73.13252592729836,10.747303276522764,44.15210971143097
1664539456007,40.91343471566983,-73.13252592729836,9.643907385709243,44.15210971143097
1664539458007,40.91343471566983,-73.13252592729836,9.864119653363833,44.15210971143097
1664539460007,40.91343471566983,-73.13252592729836,10.061113034220428,44.15210971143097
1664539462007,40.91343471566983,-73.13252592729836,10.27072457333625,44.15210971143097
1664539463016,40.91343471566983,-73.13252592729836,10.35421321132214,44.15210971143097
1664539465007,40.91343471566983,-73.13252592729836,10.535375671106703,44.15210971143097
1664539466008,40.91343471566983,-73.13252592729836,10.503889680561132,44.15210971143097
1664539468006,40.91343471566983,-73.13252592729836,9.560106139129006,44.15210971143097
1664539469007,40.91343471566983,-73.13252592729836,9.66521586741985,44.15210971143097
1664539470007,40.91343471566983,-73.13252592729836,9.766309642836603,44.15210971143097
1664539472007,40.91343471566983,-73.13252592729836,9.967461497798457,44.15210971143097
1664539474007,40.91343471566983,-73.13252592729836,10.166225092305284,44.15210971143097
1664539475007,40.91343471566983,-73.13252592729836,10.270855617306278,44.15210971143097
1664539477007,40.91343471566983,-73.13252592729836,10.446911494176106,44.15210971143097
1664539478009,40.91343471566983,-73.13252592729836,9.242442974596306,44.15210971143097
1664539480007,40.91343471566983,-73.13252592729836,9.440586012601123,44.15210971143097
1664539481007,40.91343471566983,-73.13252592729836,9.555419517503212,44.15210971143097
1664539483035,40.91343471566983,-73.13252592729836,9.753755162159576,44.15210971143097
1664539485007,40.91343471566983,-73.13252592729836,10.04682985212713,44.15210971143097
1664539487007,40.91343471566983,-73.13252592729836,10.248510506533993,44.15210971143097
1664539489007,40.91343471566983,-73.13252592729836,10.415933341556237,44.15210971143097
1664539490007,40.91343471566983,-73.13252592729836,9.224347868350845,44.15210971143097
1664539492006,40.91343471566983,-73.13252592729836,9.421284178626262,44.15210971143097
1664539493007,40.91343471566983,-73.13252592729836,9.522716298982298,44.15210971143097
1664539495007,40.91343471566983,-73.13252592729836,9.735411761032791,44.15210971143097
1664539496007,40.91343471566983,-73.13252592729836,9.923898011904003,44.15210971143097
1664539497008,40.91343471566983,-73.13252592729836,10.030118379978774,44.15210971143097
1664539499007,40.91343471566983,-73.13252592729836,10.211577688129523,44.15210971143097
1664539500007,40.91343471566983,-73.13252592729836,10.318447986846273,44.15210971143097
1664539502007,40.91343471566983,-73.13252592729836,9.222828017118054,44.15210971143097
1664539504006,40.91343471566983,-73.13252592729836,9.426541588905122,44.15210971143097
1664539505007,40.91343471566983,-73.13252592729836,9.530128390712976,44.15210971143097
1664539507007,40.91343471566983,-73.13252592729836,9.728319650192784,44.15210971143097
1664539508007,40.91343471566983,-73.13252592729836,9.839342037390848,44.15210971143097
1664539510007,40.91343471566983,-73.13252592729836,10.028866618607175,44.15210971143097
1664539512007,40.91343471566983,-73.13252592729836,10.240919208105787,44.15210971143097
1664539514008,40.91343471566983,-73.13252592729836,9.226504294436705,44.15210971143097
1664539516006,40.91343471566983,-73.13252592729836,9.440141854769719,44.15210971143097
1664539517007,40.91343471566983,-73.13252592729836,9.545978500376698,44.15210971143097
1664539519007,40.91343471566983,-73.13252592729836,9.753551635474743,44.15210971143097
1664539520007,40.91343471566983,-73.13252592729836,9.85437592292099,44.15210971143097
1664539521007,40.91343471566983,-73.13252592729836,9.962338256107218,44.15210971143097
1664539522008,40.91343471566983,-73.13252592729836,10.055548052410979,44.15210971143097
1664539524006,40.91343471566983,-73.13252592729836,10.259760765418033,44.15210971143097
1664539525007,40.91343471566983,-73.13252592729836,10.358708743954734,44.15210971143097
1664539526008,40.91343471566983,-73.13252592729836,9.178392939152811,44.15210971143097
1664539528007,40.91343471566983,-73.13252592729836,9.375950332602375,44.15210971143097
1664539529007,40.91343471566983,-73.13252592729836,9.483004234828227,44.15210971143097
1664539531007,40.91343471566983,-73.13252592729836,9.778654326089388,44.15210971143097
1664539532007,40.91343471566983,-73.13252592729836,9.789684595862353,44.15210971143097
1664539533008,40.91343471566983,-73.13252592729836,9.971790769432856,44.15210971143097
1664539535007,40.91343471566983,-73.13252592729836,10.174132452969511,44.15210971143097
1664539537007,40.91343471566983,-73.13252592729836,10.368445355460484,44.15210971143097
1664539538008,40.91343471566983,-73.13252592729836,10.35518643514834,44.15210971143097
1664539540007,40.91343471566983,-73.13252592729836,9.396736184944576,44.15210971143097
1664539542007,40.91343471566983,-73.13252592729836,9.605002976378294,44.15210971143097
1664539544007,40.91343471566983,-73.13252592729836,9.802719215182842,44.15210971143097
1664539545007,40.91343471566983,-73.13252592729836,9.908116349697739,44.15210971143097
1664539547007,40.91343471566983,-73.13252592729836,10.126649880929198,44.15210971143097
1664539549008,40.91343471566983,-73.13252592729836,10.305487946252423,44.15210971143097
1664539550008,40.91343471566983,-73.13252592729836,10.294661483898492,44.15210971143097
1664539552007,40.91343471566983,-73.13252592729836,9.429666699647921,44.15210971143097
1664539554007,40.91343471566983,-73.13252592729836,9.649634370048274,44.15210971143097
1664539555290,40.91343471566983,-73.13252592729836,9.723583846063411,44.15210971143097
1664539557007,40.91343471566983,-73.13252592729836,9.95593126805368,44.15210971143097
1664539559007,40.91343471566983,-73.13252592729836,10.146037604423006,44.15210971143097
1664539560008,40.91343471566983,-73.13252592729836,10.259187242851372,44.15210971143097
1664539562008,40.91343471566983,-73.13252592729836,9.177443887470345,44.15210971143097
1664539563012,40.91343471566983,-73.13252592729836,9.277119028702913,44.15210971143097
1664539565007,40.91343471566983,-73.13252592729836,9.469887367962414,44.15210971143097
1664539566007,40.91343471566983,-73.13252592729836,9.580015138916561,44.15210971143097
1664539568008,40.91343471566983,-73.13252592729836,9.88640981680187,44.15210971143097
1664539570008,40.91343471566983,-73.13252592729836,10.07310572401196,44.15210971143097
1664539572007,40.91343471566983,-73.13252592729836,10.277446175035209,44.15210971143097
1664539574009,40.91343471566983,-73.13252592729836,10.350566097075818,44.15210971143097
1664539576007,40.91343471566983,-73.13252592729836,9.408338135378802,44.15210971143097
1664539577007,40.91343471566983,-73.13252592729836,9.502641545401854,44.15210971143097
1664539579007,40.91343471566983,-73.13252592729836,9.74581091587595,44.15210971143097
1664539591008,40.913433414345135,-73.13252832740858,9.746845444685084,44.17447954043746
1664539593007,40.913433414345135,-73.13252832740858,9.925419105959966,44.17447954043746
1664539595008,40.913433414345135,-73.13252832740858,10.130635407723895,44.17447954043746
1664539609007,40.91342267630584,-73.13255206856505,14.908254223562345,41.59190368652344
1664539621007,40.91342267630584,-73.13255206856505,14.908254223562345,41.68046569824219
1664539623007,40.91343261206374,-73.13253053996871,9.312096847551459,44.77899436093867
1664539624007,40.91343261206374,-73.13253053996871,9.39622841265609,44.77899436093867
1664539626007,40.91343261206374,-73.13253053996871,9.606871585209701,44.77899436093867
1664539628007,40.91343261206374,-73.13253053996871,9.83180982283273,44.77899436093867
1664539645006,40.91342267630584,-73.13255206856505,14.908254223562345,42.2005615234375
1664539657006,40.91342267630584,-73.13255206856505,14.908254223562345,42.30824661254883
1664539658014,40.91342267630584,-73.13255206856505,14.908254223562345,42.640174865722656
1664539664041,40.91342267630584,-73.13255206856505,14.908254223562345,43.38174819946289
1664539672007,40.9134501979245,-73.13252899353643,7.90987380052005,45.76836182922125
1664539673007,40.9134501979245,-73.13252899353643,7.900977156945303,45.76836182922125
1664539675007,40.9134501979245,-73.13252899353643,8.169728277021287,45.76836182922125
1664539677007,40.9134501979245,-73.13252899353643,8.283693605499314,45.76836182922125
1664539681007,40.9134501979245,-73.13252899353643,8.144476646458452,45.76836182922125
1664539682007,40.9134501979245,-73.13252899353643,8.259303544212075,45.76836182922125
1664539683033,40.9134501979245,-73.13252899353643,8.377203457371026,45.76836182922125
1664539685007,40.9134501979245,-73.13252899353643,8.612094550496657,45.76836182922125
1664539687007,40.9134501979245,-73.13252899353643,8.833386432476038,45.76836182922125
1664539689008,40.9134501979245,-73.13252899353643,8.994998769446086,45.76836182922125
1664539691007,40.9134501979245,-73.13252899353643,8.515515575144091,45.76836182922125
1664539693007,40.9134501979245,-73.13252899353643,8.734659370379466,45.76836182922125
1664539694007,40.9134501979245,-73.13252899353643,8.745496035499148,45.76836182922125
1664539699006,40.91345336949252,-73.13252742515459,9.397919095782354,44.1176504008472
1664539700007,40.91345336949252,-73.13252742515459,9.511690189268274,44.1176504008472
1664539701008,40.91345336949252,-73.13252742515459,9.536136894528436,44.1176504008472
1664539703004,40.91345336949252,-73.13252742515459,8.817932404924427,44.1176504008472
1664539704006,40.91345336949252,-73.13252742515459,8.919439816204328,44.1176504008472
1664539707007,40.91345336949252,-73.13252742515459,9.361026592758229,44.1176504008472
1664539709007,40.91345336949252,-73.13252742515459,9.56126059696948,44.1176504008472
1664539711007,40.91345336949252,-73.13252742515459,9.786236964933536,44.1176504008472
1664539712007,40.91345336949252,-73.13252742515459,9.790512389671418,44.1176504008472
1664539724008,40.91342267630584,-73.13255206856505,14.908254223562345,41.5340461730957
1664539736008,40.91342267630584,-73.13255206856505,14.908254223562345,41.614986419677734
1664539742044,40.91342267630584,-73.13255206856505,14.908254223562345,41.68857955932617
1664539754007,40.91342267630584,-73.13255206856505,14.908254223562345,41.77880096435547
1664539766006,40.91342267630584,-73.13255206856505,14.908254223562345,41.86153030395508
1664539778007,40.91342267630584,-73.13255206856505,14.908254223562345,41.94450378417969
1664539790008,40.91342267630584,-73.13255206856505,14.908254223562345,42.02290344238281
1664539802007,40.91342267630584,-73.13255206856505,14.908254223562345,42.10090637207031
1664539814007,40.91342267630584,-73.13255206856505,14.908254223562345,42.1768684387207
1664539826008,40.91342267630584,-73.13255206856505,14.908254223562345,42.251373291015625
1664539838007,40.91342267630584,-73.13255206856505,14.908254223562345,42.32282638549805
1664539850007,40.91342267630584,-73.13255206856505,14.908254223562345,42.39338684082031
1664539862007,40.91342267630584,-73.13255206856505,14.908254223562345,42.46516036987305
1664539868119,40.91342267630584,-73.13255206856505,14.908254223562345,42.52301788330078
1664539880007,40.91342267630584,-73.13255206856505,14.908254223562345,42.7171630859375
1664539892006,40.91342267630584,-73.13255206856505,14.908254223562345,42.80742263793945
1664539898398,40.91342267630584,-73.13255206856505,14.908254223562345,42.86565017700195
1664539910007,40.91342267630584,-73.13255206856505,14.908254223562345,43.0569953918457
1664539922006,40.91342267630584,-73.13255206856505,14.908254223562345,43.13178634643555
1664539934007,40.91342267630584,-73.13255206856505,14.908254223562345,43.19671630859375
1664539946006,40.91342267630584,-73.13255206856505,14.908254223562345,43.26081848144531
1664539958006,40.91342267630584,-73.13255206856505,14.908254223562345,43.32387924194336
1664539970007,40.91342267630584,-73.13255206856505,14.908254223562345,43.38558578491211
1664539982006,40.91342267630584,-73.13255206856505,14.908254223562345,43.44664001464844
1664539994006,40.91342267630584,-73.13255206856505,14.908254223562345,43.50815200805664
1664540006007,40.91342267630584,-73.13255206856505,14.908254223562345,43.56874465942383
1664540018006,40.91342267630584,-73.13255206856505,14.908254223562345,43.629573822021484
1664540030007,40.91342267630584,-73.13255206856505,14.908254223562345,43.689300537109375
1664540042007,40.91342267630584,-73.13255206856505,14.908254223562345,43.74744415283203
1664540054007,40.91342267630584,-73.13255206856505,14.908254223562345,43.805213928222656
1664540058006,40.91342251242828,-73.1325304134192,9.520822762863551,48.86336282175034
1664540059007,40.91342251242828,-73.1325304134192,9.61365093046272,48.86336282175034
1664540061007,40.91342251242828,-73.1325304134192,9.830284528176973,48.86336282175034
1664540063012,40.91342251242828,-73.1325304134192,10.122535997724047,48.86336282175034
1664540065007,40.91342251242828,-73.1325304134192,10.302920821052096,48.86336282175034
1664540067008,40.91342251242828,-73.1325304134192,9.216023646252365,48.86336282175034
1664540069007,40.91342251242828,-73.1325304134192,9.4229406001843,48.86336282175034
1664540072007,40.91342251242828,-73.1325304134192,9.736402560227313,48.86336282175034
1664540073007,40.91342251242828,-73.1325304134192,9.847217118655415,48.86336282175034
1664540075007,40.91342251242828,-73.1325304134192,10.043359867828434,48.86336282175034
1664540077007,40.91342251242828,-73.1325304134192,10.344202505177433,48.86336282175034
1664540079008,40.91342251242828,-73.1325304134192,10.440413709300309,48.86336282175034
1664540090007,40.91342267630584,-73.13255206856505,14.908254223562345,46.27045822143555
1664540102006,40.91342267630584,-73.13255206856505,14.908254223562345,46.27897262573242
1664540109036,40.91342267630584,-73.13255206856505,14.908254223562345,46.302181243896484
1664540121006,40.91342267630584,-73.13255206856505,14.908254223562345,46.3391227722168
1664540133006,40.91342267630584,-73.13255206856505,14.908254223562345,46.37021255493164
1664540145006,40.91342267630584,-73.13255206856505,14.908254223562345,46.40001678466797
1664540157006,40.91342267630584,-73.13255206856505,14.908254223562345,46.42939376831055
1664540169006,40.91342267630584,-73.13255206856505,14.908254223562345,46.457313537597656
1664540172006,40.91342948505962,-73.13252677961667,9.366453916748572,46.31947517488152
1664540173007,40.91342948505962,-73.13252677961667,9.453659665880117,46.31947517488152
1664540175006,40.91342948505962,-73.13252677961667,9.659137346535939,46.31947517488152
1664540176007,40.91342948505962,-73.13252677961667,9.852341402683669,46.31947517488152
1664540177007,40.91342948505962,-73.13252677961667,9.86480834092788,46.31947517488152
1664540193006,40.91342267630584,-73.13255206856505,14.908254223562345,43.73393630981445
1664540205008,40.91342267630584,-73.13255206856505,14.908254223562345,43.805885314941406
1664540207050,40.91342267630584,-73.13255206856505,14.908254223562345,44.04568862915039
1664540210006,40.91343186530964,-73.13253037601257,9.674930373699132,44.56299488991499
1664540211007,40.91343186530964,-73.13253037601257,9.77456314312305,44.56299488991499
1664540213007,40.91343186530964,-73.13253037601257,9.966610188774052,44.56299488991499
1664540215004,40.91343186530964,-73.13253037601257,10.100043341337072,44.56299488991499
1664540219006,40.91343186530964,-73.13253037601257,9.264797264145722,44.56299488991499
1664540220007,40.91343186530964,-73.13253037601257,9.356514570304322,44.56299488991499
1664540222007,40.91343186530964,-73.13253037601257,9.576860235945269,44.56299488991499
1664540224007,40.91343186530964,-73.13253037601257,9.779579618875307,44.56299488991499
1664540226007,40.91343186530964,-73.13253037601257,9.974483753518827,44.56299488991499
1664540228007,40.91343186530964,-73.13253037601257,10.262029608579624,44.56299488991499
1664540230007,40.91343186530964,-73.13253037601257,10.364259669988517,44.56299488991499
1664540232006,40.91343186530964,-73.13253037601257,9.401335075553053,44.56299488991499
1664540233007,40.91343186530964,-73.13253037601257,9.504000122196567,44.56299488991499
1664540235007,40.91343186530964,-73.13253037601257,9.706707562514413,44.56299488991499
1664540237007,40.91343186530964,-73.13253037601257,9.909592421818274,44.56299488991499
1664540239006,40.91343186530964,-73.13253037601257,10.115536448179583,44.56299488991499
1664540241007,40.91343186530964,-73.13253037601257,10.31583934055622,44.56299488991499
1664540242007,40.91343186530964,-73.13253037601257,10.389385637142722,44.56299488991499
1664540244006,40.91343186530964,-73.13253037601257,9.433429015725196,44.56299488991499
1664540245007,40.91343186530964,-73.13253037601257,9.536679223134724,44.56299488991499
1664540247004,40.91343186530964,-73.13253037601257,9.741708143815874,44.56299488991499
1664540248007,40.91343186530964,-73.13253037601257,9.843997279215865,44.56299488991499
1664540250006,40.91343186530964,-73.13253037601257,10.044035236058292,44.56299488991499
1664540252006,40.91343186530964,-73.13253037601257,10.22839470831606,44.56299488991499
1664540253007,40.91343186530964,-73.13253037601257,10.325217253292841,44.56299488991499
1664540254008,40.91343186530964,-73.13253037601257,10.326532180442445,44.56299488991499
1664540256007,40.91343186530964,-73.13253037601257,9.374078152659953,44.56299488991499
1664540258007,40.91343186530964,-73.13253037601257,9.662109639373973,44.56299488991499
1664540260007,40.91343186530964,-73.13253037601257,9.88595978641953,44.56299488991499
1664540261007,40.91343186530964,-73.13253037601257,9.989984380326346,44.56299488991499
1664540262007,40.91343186530964,-73.13253037601257,10.073490550116555,44.56299488991499
1664540263013,40.91343186530964,-73.13253037601257,10.17954139385222,44.56299488991499
1664540265006,40.91343186530964,-73.13253037601257,10.385734371730717,44.56299488991499
1664540266008,40.91343186530964,-73.13253037601257,10.366824516045634,44.56299488991499
1664540268006,40.91343186530964,-73.13253037601257,9.411822780198198,44.56299488991499
1664540270007,40.91343186530964,-73.13253037601257,9.61839251199574,44.56299488991499
1664540272007,40.91343186530964,-73.13253037601257,9.802931894613133,44.56299488991499
1664540274007,40.91343186530964,-73.13253037601257,10.016556869990296,44.56299488991499
1664540276007,40.91343186530964,-73.13253037601257,10.200397084053238,44.56299488991499
1664540278008,40.91343186530964,-73.13253037601257,9.222488938236204,44.56299488991499
1664540280006,40.91343186530964,-73.13253037601257,9.424068900847661,44.56299488991499
1664540281007,40.91343186530964,-73.13253037601257,9.518647512808146,44.56299488991499
1664540283032,40.91343186530964,-73.13253037601257,9.746336774996214,44.56299488991499
1664540285007,40.91343186530964,-73.13253037601257,9.941400727182575,44.56299488991499
1664540287007,40.91343186530964,-73.13253037601257,10.131837887242105,44.56299488991499
1664540289007,40.91343186530964,-73.13253037601257,10.335660032031832,44.56299488991499
1664540290007,40.91343186530964,-73.13253037601257,10.31844539061546,44.56299488991499
1664540292006,40.91343186530964,-73.13253037601257,9.369222729233348,44.56299488991499
1664540293007,40.91343186530964,-73.13253037601257,9.477473654989083,44.56299488991499
1664540295007,40.91343186530964,-73.13253037601257,9.683457919246882,44.56299488991499
1664540297007,40.91343186530964,-73.13253037601257,9.880068196045311,44.56299488991499
1664540299007,40.91343186530964,-73.13253037601257,10.185282240241659,44.56299488991499
1664540301007,40.91343186530964,-73.13253037601257,10.381982953832711,44.56299488991499
1664540302007,40.91343186530964,-73.13253037601257,9.201044716197003,44.56299488991499
1664540310007,40.913433430610844,-73.1325299423285,10.022989489374982,44.03173047490418
1664540312006,40.913433430610844,-73.1325299423285,10.2237630176163,44.03173047490418
1664540314007,40.913433430610844,-73.1325299423285,10.309037146530128,44.03173047490418
1664540325007,40.91342267630584,-73.13255206856505,14.908254223562345,41.45168685913086
1664540337007,40.91342267630584,-73.13255206856505,14.908254223562345,41.55223083496094
1664540338008,40.913433337889806,-73.13252854856812,9.198074630983594,44.19228460639715
1664540340006,40.913433337889806,-73.13252854856812,9.390487500531199,44.19228460639715
1664540341007,40.913433337889806,-73.13252854856812,9.509158091930193,44.19228460639715
1664540343005,40.913433337889806,-73.13252854856812,9.705843130301064,44.19228460639715
1664540344007,40.913433337889806,-73.13252854856812,9.803325581866872,44.19228460639715
1664540345008,40.913433337889806,-73.13252854856812,9.905286853898907,44.19228460639715
1664540347007,40.913433337889806,-73.13252854856812,10.106499247741912,44.19228460639715
1664540349007,40.913433337889806,-73.13252854856812,10.291618653457473,44.19228460639715
1664540361007,40.91342267630584,-73.13255206856505,14.908254223562345,41.6086311340332
1664540362007,40.91343387554327,-73.13252698860937,9.174190273394986,43.96023987419903
1664540363012,40.91343387554327,-73.13252698860937,9.278224937678603,43.96023987419903
1664540365006,40.91343387554327,-73.13252698860937,9.486072058040902,43.96023987419903
1664540366006,40.91343387554327,-73.13252698860937,9.59012277452824,43.96023987419903
1664540368006,40.91343387554327,-73.13252698860937,9.885466443189545,43.96023987419903
1664540370007,40.91343387554327,-73.13252698860937,10.075710776575686,43.96023987419903
1664540372006,40.91343387554327,-73.13252698860937,10.175784201344598,43.96023987419903
1664540385006,40.91342267630584,-73.13255206856505,14.908254223562345,41.37753677368164
1664540395006,40.91343293839102,-73.13252943029684,10.130763365999732,44.64277472998947
1664540397007,40.91343293839102,-73.13252943029684,10.333362014415192,44.64277472998947
1664540398008,40.91343293839102,-73.13252943029684,9.164209749269544,44.64277472998947
1664540400007,40.91343293839102,-73.13252943029684,9.370888209727458,44.64277472998947
1664540421007,40.91342267630584,-73.13255206856505,14.908254223562345,42.06011199951172
1664540422007,40.91343343355499,-73.13252912701869,10.371792619072037,44.135262480936944
1664540424006,40.91343343355499,-73.13252912701869,9.425523916163508,44.135262480936944
1664540426007,40.91343343355499,-73.13252912701869,9.615506357789695,44.135262480936944
1664540428006,40.91343343355499,-73.13252912701869,9.835836606091435,44.135262480936944
1664540430006,40.91343343355499,-73.13252912701869,10.042331817550304,44.135262480936944
1664540432006,40.91343343355499,-73.13252912701869,10.245313257996084,44.135262480936944
1664540433006,40.91343343355499,-73.13252912701869,10.318447464830621,44.135262480936944
1664540434007,40.91343343355499,-73.13252912701869,9.161419543760049,44.135262480936944
1664540436006,40.91343343355499,-73.13252912701869,9.43330858053965,44.135262480936944
1664540437007,40.91343343355499,-73.13252912701869,9.477535109931216,44.135262480936944
1664540439004,40.91343343355499,-73.13252912701869,9.76596716808803,44.135262480936944
1664540440006,40.91343343355499,-73.13252912701869,9.860034893964063,44.135262480936944
1664540441007,40.91343343355499,-73.13252912701869,9.976488772773012,44.135262480936944
1664540443006,40.91343343355499,-73.13252912701869,10.159193859505415,44.135262480936944
1664540445006,40.91343343355499,-73.13252912701869,10.35269659070176,44.135262480936944
1664540446007,40.91343343355499,-73.13252912701869,10.341204982513116,44.135262480936944
1664540447007,40.91343343355499,-73.13252912701869,9.29019673207051,44.135262480936944
1664540449007,40.91343343355499,-73.13252912701869,9.48869249348425,44.135262480936944
1664540451006,40.91343343355499,-73.13252912701869,9.704787561702457,44.135262480936944
1664540453007,40.91343343355499,-73.13252912701869,9.912101882943283,44.135262480936944
1664540455007,40.91343343355499,-73.13252912701869,10.09372218654088,44.135262480936944
1664540457007,40.91343343355499,-73.13252912701869,10.2985644410311,44.135262480936944
1664540459007,40.91343343355499,-73.13252912701869,9.308138417220949,44.135262480936944
1664540461007,40.91343343355499,-73.13252912701869,9.536165583819294,44.135262480936944
1664540463013,40.91343343355499,-73.13252912701869,9.74428951861627,44.135262480936944
1664540465007,40.91343343355499,-73.13252912701869,9.941260677313556,44.135262480936944
1664540467006,40.91343343355499,-73.13252912701869,10.145118224083117,44.135262480936944
1664540468006,40.91343343355499,-73.13252912701869,10.23652239282986,44.135262480936944
1664540469006,40.91343343355499,-73.13252912701869,10.322023877215992,44.135262480936944
1664540470007,40.91343343355499,-73.13252912701869,10.310903306802834,44.135262480936944
1664540472006,40.91343343355499,-73.13252912701869,9.40345412242655,44.135262480936944
1664540474006,40.91343343355499,-73.13252912701869,9.623372451967642,44.135262480936944
1664540475006,40.91343343355499,-73.13252912701869,9.818635004323545,44.135262480936944
1664540477006,40.91343343355499,-73.13252912701869,10.000560318887205,44.135262480936944
1664540478007,40.91343343355499,-73.13252912701869,10.120868243165093,44.135262480936944
1664540480007,40.91343343355499,-73.13252912701869,10.317087202300547,44.135262480936944
1664540482008,40.91343343355499,-73.13252912701869,10.421866151803828,44.135262480936944
1664540483031,40.91343343355499,-73.13252912701869,9.369459195328364,44.135262480936944
1664540487006,40.91343343355499,-73.13252912701869,9.769562558078434,44.135262480936944
1664540488006,40.91343343355499,-73.13252912701869,9.8762566387117,44.135262480936944
1664540490007,40.91343343355499,-73.13252912701869,10.064134397581817,44.135262480936944
1664540492007,40.91343343355499,-73.13252912701869,10.255010750000169,44.135262480936944
1664540494008,40.91343343355499,-73.13252912701869,10.356982611073422,44.135262480936944
1664540496007,40.91343343355499,-73.13252912701869,9.465740074607586,44.135262480936944
1664540497007,40.91343343355499,-73.13252912701869,9.572539316923667,44.135262480936944
1664540499006,40.91343343355499,-73.13252912701869,9.793455868982496,44.135262480936944
1664540500007,40.91343343355499,-73.13252912701869,9.881359660711656,44.135262480936944
1664540501007,40.91343343355499,-73.13252912701869,9.99683309283546,44.135262480936944
1664540502007,40.91343343355499,-73.13252912701869,10.090558738920897,44.135262480936944
1664540504006,40.91343343355499,-73.13252912701869,10.298791638870954,44.135262480936944
1664540505007,40.91343343355499,-73.13252912701869,10.369056482539827,44.135262480936944
1664540506008,40.91343343355499,-73.13252912701869,10.367272634207698,44.135262480936944
1664540508007,40.91343343355499,-73.13252912701869,9.400106422200409,44.135262480936944
1664540509007,40.91343343355499,-73.13252912701869,9.50473191447071,44.135262480936944
1664540511007,40.91343343355499,-73.13252912701869,9.712086296029177,44.135262480936944
1664540513007,40.91343343355499,-73.13252912701869,9.991422835415952,44.135262480936944
1664540515007,40.91343343355499,-73.13252912701869,10.210024156927199,44.135262480936944
1664540517007,40.91343343355499,-73.13252912701869,10.399131798275391,44.135262480936944
1664540518008,40.91343343355499,-73.13252912701869,9.207312023439883,44.135262480936944
1664540520007,40.91343343355499,-73.13252912701869,9.418277139876652,44.135262480936944
1664540522007,40.91343343355499,-73.13252912701869,9.6208825080035,44.135262480936944
1664540523007,40.91343343355499,-73.13252912701869,9.73330585544175,44.135262480936944
1664540525007,40.91343343355499,-73.13252912701869,9.932913219532418,44.135262480936944
1664540527007,40.91343343355499,-73.13252912701869,10.135547438782442,44.135262480936944
1664540529007,40.91343343355499,-73.13252912701869,10.336066722788415,44.135262480936944
1664540530008,40.91343343355499,-73.13252912701869,9.16924294676223,44.135262480936944
1664540532007,40.91343343355499,-73.13252912701869,9.376915611664268,44.135262480936944
1664540534007,40.91343343355499,-73.13252912701869,9.6535342873835,44.135262480936944
1664540536007,40.91343343355499,-73.13252912701869,9.866786463733877,44.135262480936944
1664540538007,40.91343343355499,-73.13252912701869,10.074500584198852,44.135262480936944
1664540540007,40.91343343355499,-73.13252912701869,10.246560196354162,44.135262480936944
1664540542008,40.91343343355499,-73.13252912701869,10.465506946378087,44.135262480936944
1664540553007,40.91342267630584,-73.13255206856505,14.908254223562345,41.55307388305664
1664540558007,40.913433230328025,-73.13252756353016,9.626436553906814,44.25578354112804
1664540560007,40.913433230328025,-73.13252756353016,9.83232788741754,44.25578354112804
1664540562007,40.913433230328025,-73.13252756353016,10.022484087506331,44.25578354112804
1664540563013,40.913433230328025,-73.13252756353016,10.137215109992109,44.25578354112804
1664540577007,40.91342267630584,-73.13255206856505,14.908254223562345,41.667938232421875
1664540587006,40.91343184428609,-73.13252907406157,10.910060143301369,44.202365702949464
1664540589006,40.91343184428609,-73.13252907406157,11.078820393464055,44.202365702949464
1664540590007,40.91343184428609,-73.13252907406157,9.665847386745206,44.202365702949464
1664540592006,40.91343184428609,-73.13252907406157,9.788502562811916,44.202365702949464
1664540605006,40.91343217080341,-73.13252840976057,9.808980068707928,44.25551555119455
1664540607006,40.91343217080341,-73.13252840976057,10.004551331011493,44.25551555119455
1664540608006,40.91343217080341,-73.13252840976057,10.073492490338417,44.25551555119455
1664540610006,40.91343217080341,-73.13252840976057,10.214748624799775,44.25551555119455
1664540612006,40.91343217080341,-73.13252840976057,10.499496322499512,44.25551555119455
1664540614007,40.91343217080341,-73.13252840976057,10.556188888522868,44.25551555119455
1664540616006,40.91343217080341,-73.13252840976057,10.75560283606747,44.25551555119455
1664540618006,40.91343217080341,-73.13252840976057,11.029461824073149,44.25551555119455
1664540619006,40.91343217080341,-73.13252840976057,11.138244324214051,44.25551555119455
1664540621007,40.91343217080341,-73.13252840976057,11.317486580710707,44.25551555119455
1664540623006,40.91343217080341,-73.13252840976057,11.48652321673522,44.25551555119455
1664540625006,40.91343217080341,-73.13252840976057,11.66110041321308,44.25551555119455
1664540626007,40.91343217080341,-73.13252840976057,11.729414552693132,44.25551555119455
1664540628006,40.91343217080341,-73.13252840976057,10.31660528995908,44.25551555119455
1664540630006,40.91343217080341,-73.13252840976057,10.502926361256677,44.25551555119455
1664540632006,40.91343217080341,-73.13252840976057,10.69841651714195,44.25551555119455
1664540633006,40.91343217080341,-73.13252840976057,10.868751218714637,44.25551555119455
1664540635006,40.91343217080341,-73.13252840976057,11.058215445684466,44.25551555119455
1664540636007,40.91343217080341,-73.13252840976057,11.142585460495363,44.25551555119455
1664540638008,40.91343217080341,-73.13252840976057,9.75925382406481,44.25551555119455
1664540640005,40.91343217080341,-73.13252840976057,9.952527960837996,44.25551555119455
1664540641006,40.91343217080341,-73.13252840976057,10.054191977194778,44.25551555119455
1664540643006,40.91343217080341,-73.13252840976057,10.237753346924984,44.25551555119455
1664540645006,40.91343217080341,-73.13252840976057,10.447670125956718,44.25551555119455
1664540646006,40.91343217080341,-73.13252840976057,10.634903183352359,44.25551555119455
1664540648007,40.91343217080341,-73.13252840976057,10.818946471497707,44.25551555119455
1664540650008,40.91343217080341,-73.13252840976057,10.875931465277212,44.25551555119455
1664540652005,40.91343217080341,-73.13252840976057,9.744145821962698,44.25551555119455
1664540653006,40.91343217080341,-73.13252840976057,9.850524966385073,44.25551555119455
1664540655006,40.91343217080341,-73.13252840976057,10.05665239829071,44.25551555119455
1664540657006,40.91343217080341,-73.13252840976057,10.24165795111457,44.25551555119455
1664540658006,40.91343217080341,-73.13252840976057,10.344423379309863,44.25551555119455
1664540660006,40.91343217080341,-73.13252840976057,10.529933973591517,44.25551555119455
1664540664006,40.91343217080341,-73.13252840976057,9.637358806326256,44.25551555119455
1664540666006,40.91343217080341,-73.13252840976057,9.841683676956432,44.25551555119455
1664540668005,40.91343217080341,-73.13252840976057,10.047584155886753,44.25551555119455
1664540669007,40.91343217080341,-73.13252840976057,10.144583282027892,44.25551555119455
1664540671006,40.91343217080341,-73.13252840976057,10.340980033911048,44.25551555119455
1664540673006,40.91343217080341,-73.13252840976057,10.542207158233689,44.25551555119455
1664540685006,40.91342267630584,-73.13255206856505,14.908254223562345,41.672019958496094
1664540697007,40.91342267630584,-73.13255206856505,14.908254223562345,41.75724411010742
1664540703065,40.91342267630584,-73.13255206856505,14.908254223562345,41.83985137939453
1664540715007,40.91342267630584,-73.13255206856505,14.908254223562345,41.87413787841797
1664540721055,40.91342267630584,-73.13255206856505,14.908254223562345,41.91645812988281
1664540733006,40.91342267630584,-73.13255206856505,14.908254223562345,42.081539154052734
1664540745006,40.91342267630584,-73.13255206856505,14.908254223562345,42.163482666015625
1664540757006,40.91342267630584,-73.13255206856505,14.908254223562345,42.24633026123047
1664540769006,40.91342267630584,-73.13255206856505,14.908254223562345,42.32151794433594
1664540781006,40.91342267630584,-73.13255206856505,14.908254223562345,42.39435958862305
1664540793007,40.91342267630584,-73.13255206856505,14.908254223562345,42.466670989990234
1664540805007,40.91342267630584,-73.13255206856505,14.908254223562345,42.535621643066406
1664540817007,40.91342267630584,-73.13255206856505,14.908254223562345,42.60671615600586
1664540829005,40.91342267630584,-73.13255206856505,14.908254223562345,42.68185806274414
1664540841003,40.91342267630584,-73.13255206856505,14.908254223562345,42.75370788574219
1664540853005,40.91342267630584,-73.13255206856505,14.908254223562345,42.822898864746094
1664540859065,40.91342267630584,-73.13255206856505,14.908254223562345,42.8784065246582
1664540871005,40.91342267630584,-73.13255206856505,14.908254223562345,43.06958770751953
1664540883030,40.91342267630584,-73.13255206856505,14.908254223562345,43.144168853759766
1664540895005,40.91342267630584,-73.13255206856505,14.908254223562345,43.21412658691406
1664540907005,40.91342267630584,-73.13255206856505,14.908254223562345,43.282230377197266
1664540919003,40.91342267630584,-73.13255206856505,14.908254223562345,43.348838806152344
1664540931005,40.91342267630584,-73.13255206856505,14.908254223562345,43.41143798828125
1664540943005,40.91342267630584,-73.13255206856505,14.908254223562345,43.474308013916016
1664540955004,40.91342267630584,-73.13255206856505,14.908254223562345,43.535888671875
1664540967005,40.91342267630584,-73.13255206856505,14.908254223562345,43.59538650512695
1664540979005,40.91342267630584,-73.13255206856505,14.908254223562345,43.6534538269043
1664540991005,40.91342267630584,-73.13255206856505,14.908254223562345,43.71249771118164
1664541003005,40.91342267630584,-73.13255206856505,14.908254223562345,43.77173614501953
1664541015003,40.91342267630584,-73.13255206856505,14.908254223562345,43.82945251464844
1664541027006,40.91342267630584,-73.13255206856505,14.908254223562345,43.888484954833984
1664541039005,40.91342267630584,-73.13255206856505,14.908254223562345,43.94623565673828
1664541051004,40.91342267630584,-73.13255206856505,14.908254223562345,44.00047302246094
1664541063010,40.91342267630584,-73.13255206856505,14.908254223562345,44.0571174621582
1664541075004,40.91342267630584,-73.13255206856505,14.908254223562345,44.11296463012695
1664541087005,40.91342267630584,-73.13255206856505,14.908254223562345,44.16874694824219
1664541099004,40.91342267630584,-73.13255206856505,14.908254223562345,44.22340774536133
1664541111003,40.91342267630584,-73.13255206856505,14.908254223562345,44.27739715576172
1664541123004,40.91342267630584,-73.13255206856505,14.908254223562345,44.33049774169922
1664541135005,40.91342267630584,-73.13255206856505,14.908254223562345,44.3831901550293
1664541147005,40.91342267630584,-73.13255206856505,14.908254223562345,44.43334197998047
1664541159005,40.91342267630584,-73.13255206856505,14.908254223562345,44.48484420776367
1664541171005,40.91342267630584,-73.13255206856505,14.908254223562345,44.53476333618164
1664541183031,40.91342267630584,-73.13255206856505,14.908254223562345,44.58491516113281
1664541189137,40.91342267630584,-73.13255206856505,14.908254223562345,44.625450134277344
1664541196004,40.91342147380828,-73.1325308256337,9.840937044401613,49.08462864533067
1664541197005,40.91342147380828,-73.1325308256337,9.750681399548748,49.08462864533067
1664541198005,40.91342147380828,-73.1325308256337,9.905831758275118,49.08462864533067
1664541200005,40.91342147380828,-73.1325308256337,10.114604274608435,49.08462864533067
1664541213005,40.91342267630584,-73.13255206856505,14.908254223562345,46.49066162109375
1664541225004,40.91342267630584,-73.13255206856505,14.908254223562345,46.52215576171875
1664541231010,40.91342267630584,-73.13255206856505,14.908254223562345,46.56233596801758
1664541237005,40.91342267630584,-73.13255206856505,14.908254223562345,46.61274719238281
1664541248004,40.91343438188049,-73.13252869485221,9.589897065569657,44.93803586624563
1664541249005,40.91343438188049,-73.13252869485221,9.668787963721678,44.93803586624563
1664541250006,40.91343438188049,-73.13252869485221,9.786578326893885,44.93803586624563
1664541252005,40.91343438188049,-73.13252869485221,9.002053398040442,44.93803586624563
1664541273004,40.91342267630584,-73.13255206856505,14.908254223562345,42.35540771484375
1664541283040,40.91342267630584,-73.13255206856505,14.908254223562345,42.44383239746094
1664541295004,40.91342267630584,-73.13255206856505,14.908254223562345,42.48004913330078
1664541301222,40.91342267630584,-73.13255206856505,14.908254223562345,42.52517318725586
1664541313005,40.91342267630584,-73.13255206856505,14.908254223562345,42.70111846923828
1664541325004,40.91342267630584,-73.13255206856505,14.908254223562345,42.790042877197266
1664541337004,40.91342267630584,-73.13255206856505,14.908254223562345,42.87200927734375
1664541349004,40.91342267630584,-73.13255206856505,14.908254223562345,42.95507049560547
1664541361004,40.91342267630584,-73.13255206856505,14.908254223562345,43.029579162597656
1664541373003,40.91342267630584,-73.13255206856505,14.908254223562345,43.100242614746094
1664541384998,40.91342267630584,-73.13255206856505,14.908254223562345,43.17085266113281
1664541396994,40.91342267630584,-73.13255206856505,14.908254223562345,43.24039840698242
1664541408995,40.91342267630584,-73.13255206856505,14.908254223562345,43.25621795654297
1664541420995,40.91342267630584,-73.13255206856505,14.908254223562345,43.302978515625
1664541432995,40.91342267630584,-73.13255206856505,14.908254223562345,43.3657112121582
1664541444999,40.91342267630584,-73.13255206856505,14.908254223562345,43.43182373046875
1664541456994,40.91342267630584,-73.13255206856505,14.908254223562345,43.496028900146484
1664541468994,40.91342267630584,-73.13255206856505,14.908254223562345,43.5579948425293
1664541480994,40.91342267630584,-73.13255206856505,14.908254223562345,43.6204833984375
1664541491021,40.91342267630584,-73.13255206856505,14.908254223562345,43.6690788269043
1664541492994,40.91342267630584,-73.13255206856505,14.908254223562345,43.68095779418945
1664541504994,40.91342267630584,-73.13255206856505,14.908254223562345,43.739559173583984
1664541512670,40.91342267630584,-73.13255206856505,14.908254223562345,48.0300178527832
1664541516601,40.91342267630584,-73.13255206856505,14.908254223562345,49.00373077392578
1664541523143,40.91342267630584,-73.13255206856505,14.908254223562345,49.01544952392578
1664541526500,40.91342267630584,-73.13255206856505,14.908254223562345,49.01288986206055
1664541535762,40.91342267630584,-73.13255206856505,14.908254223562345,49.044349670410156
1664541542254,40.91342267630584,-73.13255206856505,14.908254223562345,49.0535774230957
1664541548763,40.91342267630584,-73.13255206856505,14.908254223562345,49.052154541015625
1664541554993,40.9134242847905,-73.1325221175726,14.488488763436596,49.0101756118238
1664541555994,40.9134242847905,-73.1325221175726,14.506492691709216,49.0101756118238
1664541556996,40.9134242847905,-73.1325221175726,14.567347033710217,49.0101756118238
1664541558991,40.9134242847905,-73.1325221175726,14.700643400417912,49.0101756118238
1664541559995,40.9134242847905,-73.1325221175726,14.775509232378878,49.0101756118238
1664541561996,40.9134242847905,-73.1325221175726,14.638091061381331,49.0101756118238
1664541562998,40.9134242847905,-73.1325221175726,11.819124636178918,49.0101756118238
1664541564995,40.9134242847905,-73.1325221175726,11.90600793100394,49.0101756118238
1664541565995,40.9134242847905,-73.1325221175726,11.959261231710624,49.0101756118238
1664541567005,40.9134242847905,-73.1325221175726,12.031780368661849,49.0101756118238
1664541568009,40.9134242847905,-73.1325221175726,10.399676919543479,49.0101756118238
1664541570007,40.9134242847905,-73.1325221175726,8.050721833765007,49.0101756118238
1664541571979,40.9134242847905,-73.1325221175726,6.796543859366315,49.0101756118238
1664541572981,40.9134242847905,-73.1325221175726,6.430037617140564,49.0101756118238
1664541573982,40.9134242847905,-73.1325221175726,6.160673072351592,49.0101756118238
1664541574983,40.9134242847905,-73.1325221175726,5.893741188110254,49.0101756118238
1664541575984,40.9134242847905,-73.1325221175726,5.76219123842602,49.0101756118238
1664541576985,40.9134242847905,-73.1325221175726,5.787925010381992,49.0101756118238
1664541577986,40.9134242847905,-73.1325221175726,5.812830381848967,49.0101756118238
1664541578987,40.9134242847905,-73.1325221175726,5.828632710850176,49.0101756118238
1664541579988,40.9134242847905,-73.1325221175726,5.759274457291213,49.0101756118238
1664541580988,40.9134242847905,-73.1325221175726,5.6279309150407455,49.0101756118238
1664541581989,40.9134242847905,-73.1325221175726,5.520924880876883,49.0101756118238
1664541582990,40.9134242847905,-73.1325221175726,5.444173190600015,49.0101756118238
1664541583990,40.9134242847905,-73.1325221175726,5.428482627190963,49.0101756118238
1664541584991,40.9134242847905,-73.1325221175726,5.4084767036002335,49.0101756118238
1664541585991,40.9134242847905,-73.1325221175726,5.430961560181591,49.0101756118238
1664541586992,40.9134242847905,-73.1325221175726,5.3697452869325195,49.0101756118238
1664541587992,40.9134242847905,-73.1325221175726,5.398714941422919,49.0101756118238
1664541588993,40.9134242847905,-73.1325221175726,5.395198298751737,49.0101756118238
1664541589993,40.9134242847905,-73.1325221175726,5.403007064397187,49.0101756118238
1664541590994,40.9134242847905,-73.1325221175726,5.388834917853924,49.0101756118238
1664541591994,40.9134242847905,-73.1325221175726,5.390006524063363,49.0101756118238
1664541592994,40.9134242847905,-73.1325221175726,5.364436206051395,49.0101756118238
1664541593995,40.9134242847905,-73.1325221175726,5.360101135534984,49.0101756118238
1664541594995,40.9134242847905,-73.1325221175726,5.355370462895144,49.0101756118238
1664541595996,40.9134242847905,-73.1325221175726,5.364530864956697,49.0101756118238
1664541596996,40.9134242847905,-73.1325221175726,5.364852873650556,49.0101756118238
1664541597996,40.9134242847905,-73.1325221175726,5.348267071108059,49.0101756118238
1664541598996,40.9134242847905,-73.1325221175726,5.3561776734788955,49.0101756118238
1664541599997,40.9134242847905,-73.1325221175726,5.321768885309635,49.0101756118238
1664541600997,40.9134242847905,-73.1325221175726,5.317342693605063,49.0101756118238
1664541601997,40.9134242847905,-73.1325221175726,5.362253806133799,49.0101756118238
1664541602997,40.9134242847905,-73.1325221175726,5.358548418516123,49.0101756118238
1664541603997,40.9134242847905,-73.1325221175726,5.350397134706423,49.0101756118238
1664541604998,40.9134242847905,-73.1325221175726,5.34768454979228,49.0101756118238
1664541605998,40.9134242847905,-73.1325221175726,5.343049655843357,49.0101756118238
1664541606998,40.9134242847905,-73.1325221175726,5.342920107042599,49.0101756118238
1664541607998,40.9134242847905,-73.1325221175726,5.339546699156784,49.0101756118238
1664541608998,40.9134242847905,-73.1325221175726,5.3343394109039055,49.0101756118238
1664541609998,40.9134242847905,-73.1325221175726,5.330402804026433,49.0101756118238
1664541610999,40.9134242847905,-73.1325221175726,5.325830777507382,49.0101756118238
1664541611999,40.9134242847905,-73.1325221175726,5.356455927717892,49.0101756118238
1664541612999,40.9134242847905,-73.1325221175726,5.354876425544431,49.0101756118238
1664541613999,40.9134242847905,-73.1325221175726,5.352559371208534,49.0101756118238
1664541614999,40.9134242847905,-73.1325221175726,5.372729590261738,49.0101756118238
1664541615999,40.9134242847905,-73.1325221175726,5.348844816851234,49.0101756118238
1664541616999,40.9134242847905,-73.1325221175726,5.377017312557724,49.0101756118238
1664541617999,40.9134242847905,-73.1325221175726,5.35879456741043,49.0101756118238
1664541619000,40.9134242847905,-73.1325221175726,5.354093364745345,49.0101756118238
1664541620000,40.9134242847905,-73.1325221175726,5.354636479688393,49.0101756118238
1664541621000,40.9134242847905,-73.1325221175726,5.336807147704348,49.0101756118238
1664541622000,40.9134242847905,-73.1325221175726,5.340804721277129,49.0101756118238
1664541623000,40.9134242847905,-73.1325221175726,5.343790832179395,49.0101756118238
1664541624000,40.9134242847905,-73.1325221175726,5.344281651468472,49.0101756118238
1664541625000,40.9134242847905,-73.1325221175726,5.343538306242455,49.0101756118238
1664541626000,40.9134242847905,-73.1325221175726,5.338309941788632,49.0101756118238
1664541627000,40.9134242847905,-73.1325221175726,5.32835506155931,49.0101756118238
1664541628000,40.9134242847905,-73.1325221175726,5.329842118482844,49.0101756118238
1664541629000,40.9134242847905,-73.1325221175726,5.334861718494978,49.0101756118238
1664541630000,40.9134242847905,-73.1325221175726,5.3312617243212905,49.0101756118238
1664541631000,40.9134242847905,-73.1325221175726,5.335315492919083,49.0101756118238
1664541632000,40.9134242847905,-73.1325221175726,5.334114736085839,49.0101756118238
1664541633000,40.9134242847905,-73.1325221175726,5.356428094452213,49.0101756118238
1664541634001,40.9134242847905,-73.1325221175726,5.354134952701784,49.0101756118238
1664541635001,40.9134242847905,-73.1325221175726,5.323280312567754,49.0101756118238
1664541636001,40.9134242847905,-73.1325221175726,5.320330413338372,49.0101756118238
1664541637001,40.9134242847905,-73.1325221175726,5.327762531358294,49.0101756118238
1664541638001,40.9134242847905,-73.1325221175726,5.32673464232877,49.0101756118238
1664541639001,40.9134242847905,-73.1325221175726,5.336650461276605,49.0101756118238
1664541640001,40.9134242847905,-73.1325221175726,5.310392927564902,49.0101756118238
1664541641001,40.9134242847905,-73.1325221175726,5.307453311600664,49.0101756118238
1664541642001,40.9134242847905,-73.1325221175726,5.308930389543576,49.0101756118238
1664541643001,40.9134242847905,-73.1325221175726,5.329125777760621,49.0101756118238
1664541644001,40.9134242847905,-73.1325221175726,5.304735762129164,49.0101756118238
1664541645001,40.9134242847905,-73.1325221175726,5.304186913945575,49.0101756118238
1664541646001,40.9134242847905,-73.1325221175726,5.301506589452109,49.0101756118238
1664541647001,40.9134242847905,-73.1325221175726,5.2982968178639025,49.0101756118238
1664541648001,40.9134242847905,-73.1325221175726,5.3454808618892296,49.0101756118238
1664541649001,40.9134242847905,-73.1325221175726,5.327786191913279,49.0101756118238
1664541650001,40.9134242847905,-73.1325221175726,5.335184156118853,49.0101756118238
1664541651001,40.9134242847905,-73.1325221175726,5.299619743333937,49.0101756118238
1664541652001,40.9134242847905,-73.1325221175726,5.327315180499482,49.0101756118238
1664541653001,40.9134242847905,-73.1325221175726,5.361733072934827,49.0101756118238
1664541654001,40.9134242847905,-73.1325221175726,5.3823491860186685,49.0101756118238
1664541655001,40.9134242847905,-73.1325221175726,5.37263456793448,49.0101756118238
1664541656001,40.9134242847905,-73.1325221175726,5.366112111649239,49.0101756118238
1664541657001,40.9134242847905,-73.1325221175726,5.350619525359331,49.0101756118238
1664541658001,40.9134242847905,-73.1325221175726,5.382231390926212,49.0101756118238
1664541659002,40.9134242847905,-73.1325221175726,5.3728594112286485,49.0101756118238
1664541660002,40.9134242847905,-73.1325221175726,5.3934132697550465,49.0101756118238
1664541661002,40.9134242847905,-73.1325221175726,5.38968616383592,49.0101756118238
1664541662002,40.9134242847905,-73.1325221175726,5.370253221454054,49.0101756118238
1664541663002,40.9134242847905,-73.1325221175726,5.360114964425075,49.0101756118238
1664541664002,40.9134242847905,-73.1325221175726,5.348326351710851,49.0101756118238
1664541665002,40.9134242847905,-73.1325221175726,5.336579828201808,49.0101756118238
1664541666002,40.9134242847905,-73.1325221175726,5.36657497728838,49.0101756118238
1664541667002,40.9134242847905,-73.1325221175726,5.384326400037952,49.0101756118238
1664541668002,40.9134242847905,-73.1325221175726,5.375937650691501,49.0101756118238
1664541669002,40.9134242847905,-73.1325221175726,5.366074784592161,49.0101756118238
1664541670002,40.9134242847905,-73.1325221175726,5.354510656749073,49.0101756118238
1664541671002,40.9134242847905,-73.1325221175726,5.379616909867419,49.0101756118238
1664541672002,40.9134242847905,-73.1325221175726,5.378767221011277,49.0101756118238
1664541673002,40.9134242847905,-73.1325221175726,5.406936484335266,49.0101756118238
1664541674002,40.9134242847905,-73.1325221175726,5.396247082106281,49.0101756118238
1664541675002,40.9134242847905,-73.1325221175726,5.3816053888188025,49.0101756118238
1664541676002,40.9134242847905,-73.1325221175726,5.363104854271269,49.0101756118238
1664541677002,40.9134242847905,-73.1325221175726,5.4013376035442935,49.0101756118238
1664541678002,40.9134242847905,-73.1325221175726,5.382749038394549,49.0101756118238
1664541679002,40.9134242847905,-73.1325221175726,5.409131348589542,49.0101756118238
1664541680002,40.9134242847905,-73.1325221175726,5.398995411007376,49.0101756118238
1664541681002,40.9134242847905,-73.1325221175726,5.371627139088684,49.0101756118238
1664541682002,40.9134242847905,-73.1325221175726,5.4030761105623375,49.0101756118238
1664541683002,40.9134242847905,-73.1325221175726,5.359852118532711,49.0101756118238
1664541684002,40.9134242847905,-73.1325221175726,5.3466598353845916,49.0101756118238
1664541685002,40.9134242847905,-73.1325221175726,5.335887874211573,49.0101756118238
1664541686002,40.9134242847905,-73.1325221175726,5.352064373168172,49.0101756118238
1664541687002,40.9134242847905,-73.1325221175726,5.382154091792906,49.0101756118238
1664541688002,40.9134242847905,-73.1325221175726,5.381289230821517,49.0101756118238
1664541689002,40.9134242847905,-73.1325221175726,5.415610433408938,49.0101756118238
1664541690002,40.9134242847905,-73.1325221175726,5.3943609430867525,49.0101756118238
1664541691002,40.9134242847905,-73.1325221175726,5.42086034534097,49.0101756118238
1664541692002,40.9134242847905,-73.1325221175726,5.416765291521295,49.0101756118238
1664541693002,40.9134242847905,-73.1325221175726,5.4361326125236715,49.0101756118238
1664541694003,40.9134242847905,-73.1325221175726,5.416617499611334,49.0101756118238
1664541695003,40.9134242847905,-73.1325221175726,5.398157476897146,49.0101756118238
1664541696003,40.9134242847905,-73.1325221175726,5.401151867603053,49.0101756118238
1664541697003,40.9134242847905,-73.1325221175726,5.4321594332902485,49.0101756118238
1664541698999,40.9134242847905,-73.1325221175726,5.426246348129103,49.0101756118238
1664541700998,40.9134242847905,-73.1325221175726,5.410443441811869,49.0101756118238
1664541702999,40.9134242847905,-73.1325221175726,5.454628547095573,49.0101756118238
1664541704999,40.9134242847905,-73.1325221175726,5.499362187758275,49.0101756118238
1664541706999,40.9134242847905,-73.1325221175726,5.497158809049301,49.0101756118238
1664541708999,40.9134242847905,-73.1325221175726,5.4893996197997215,49.0101756118238
1664541710999,40.9134242847905,-73.1325221175726,5.548321593468145,49.0101756118238
1664541712999,40.9134242847905,-73.1325221175726,5.581974468457864,49.0101756118238
1664541714999,40.9134242847905,-73.1325221175726,5.505315121353693,49.0101756118238
1664541716999,40.9134242847905,-73.1325221175726,5.487259200917091,49.0101756118238
1664541717999,40.9134242847905,-73.1325221175726,5.452394725790711,49.0101756118238
1664541718999,40.9134242847905,-73.1325221175726,5.47676725492795,49.0101756118238
1664541719999,40.9134242847905,-73.1325221175726,5.511020213775985,49.0101756118238
1664541720999,40.9134242847905,-73.1325221175726,5.568682379786338,49.0101756118238
1664541721999,40.9134242847905,-73.1325221175726,5.598765925630349,49.0101756118238
1664541722999,40.9134242847905,-73.1325221175726,5.632715314023827,49.0101756118238
1664541723999,40.9134242847905,-73.1325221175726,5.653750134970021,49.0101756118238
1664541724999,40.9134242847905,-73.1325221175726,5.677497545541465,49.0101756118238
1664541725999,40.9134242847905,-73.1325221175726,5.7141745810196,49.0101756118238
1664541726999,40.9134242847905,-73.1325221175726,5.76640550232776,49.0101756118238
1664541727999,40.9134242847905,-73.1325221175726,5.818037754633538,49.0101756118238
1664541728999,40.913375598236,-73.13262420964229,6.0470110513315,44.31138797663152
1664541729999,40.913375506449,-73.13262408841706,5.991944211879079,44.31268651969731
1664541730999,40.91336671604011,-73.13262163156459,6.260636572035857,44.254957604222
1664541731999,40.91336646064898,-73.13262371175985,7.337959585070232,44.20088324788958
1664541733000,40.91336518853746,-73.13262813101326,9.760140604730278,44.055464178323746
1664541734000,40.913363772871186,-73.13263129603787,12.383724501164224,43.981421816162765
1664541735000,40.913363772871186,-73.13263129603787,8.984470964125759,43.981421816162765
1664541736000,40.913363772871186,-73.13263129603787,8.854258733442537,43.981421816162765
1664541737000,40.913363772871186,-73.13263129603787,8.87411456399515,43.981421816162765
1664541738000,40.913363772871186,-73.13263129603787,8.97029813929151,43.981421816162765
1664541739000,40.913363772871186,-73.13263129603787,9.05394276663588,43.981421816162765
1664541740000,40.913363772871186,-73.13263129603787,9.13609604341172,43.981421816162765
1664541741000,40.913363772871186,-73.13263129603787,9.239700039009138,43.981421816162765
1664541742000,40.913363772871186,-73.13263129603787,9.329198809323945,43.981421816162765
1664541743000,40.91336594483307,-73.1326272994275,9.365409612880532,43.865976702421904
1664541744000,40.91336769723033,-73.13262617292868,9.61135701036161,43.877663258463144
1664541745000,40.913367847224656,-73.13262603795872,10.227827514614171,43.84624831657857
1664541746000,40.91336808599143,-73.13262563588839,11.497529709140283,43.9072422478348
1664541747000,40.91338284880225,-73.13260512869564,9.525745669222603,43.78511963225901
1664541748000,40.9133829565631,-73.13260489928261,9.601057450497647,43.77429671678692
1664541749000,40.9133829565631,-73.13260489928261,9.71917656153667,43.77429671678692
1664541750000,40.913383287516126,-73.1326047509899,9.990414574180832,43.90048224013299
1664541751000,40.913382901299535,-73.13260574281621,10.137066557015158,43.820353110320866
1664541752000,40.913382898954616,-73.13260539846128,10.390472657158014,43.90050041116774
1664541753000,40.913383423362376,-73.13260464770957,10.92720673045998,43.871772872284055
1664541754000,40.91338343084613,-73.13260466371206,10.848071156242892,43.872763712890446
1664541755000,40.91338343084613,-73.13260466371206,10.910692510225815,43.872763712890446
1664541756000,40.91338343084613,-73.13260466371206,10.956730409738014,43.872763712890446
1664541757000,40.91338343084613,-73.13260466371206,10.169738411820418,43.872763712890446
1664541758000,40.91338343084613,-73.13260466371206,9.928241483087055,43.872763712890446
1664541759000,40.91338343084613,-73.13260466371206,9.534896001307796,43.872763712890446
1664541760000,40.91338343084613,-73.13260466371206,9.554562227484471,43.872763712890446
1664541761000,40.91338343084613,-73.13260466371206,9.423718643306108,43.872763712890446
1664541762001,40.91338343084613,-73.13260466371206,9.52317555747455,43.872763712890446
1664541763001,40.91338343084613,-73.13260466371206,9.386258693040997,43.872763712890446
1664541764001,40.91338343084613,-73.13260466371206,9.433952964065613,43.872763712890446
1664541765001,40.91338343084613,-73.13260466371206,9.320352268137254,43.872763712890446
1664541766001,40.91338343084613,-73.13260466371206,9.405007928742732,43.872763712890446
1664541767001,40.91338343084613,-73.13260466371206,9.354334454311706,43.872763712890446
1664541768001,40.91338343084613,-73.13260466371206,9.327242174995881,43.872763712890446
1664541769001,40.91338343084613,-73.13260466371206,9.195830106241274,43.872763712890446
1664541770001,40.91338343084613,-73.13260466371206,9.137909470559663,43.872763712890446
1664541771001,40.91338343084613,-73.13260466371206,9.046958431457465,43.872763712890446
1664541772001,40.91338343084613,-73.13260466371206,9.094174972744575,43.872763712890446
1664541773001,40.91338343084613,-73.13260466371206,9.037680561723512,43.872763712890446
1664541774001,40.91338343084613,-73.13260466371206,9.112628037070422,43.872763712890446
1664541775001,40.91338343084613,-73.13260466371206,9.02370429281976,43.872763712890446
1664541776001,40.91338343084613,-73.13260466371206,8.972581149448722,43.872763712890446
1664541777001,40.91338343084613,-73.13260466371206,9.094409371019356,43.872763712890446
1664541778001,40.91338343084613,-73.13260466371206,9.056341497637755,43.872763712890446
1664541779001,40.91338343084613,-73.13260466371206,8.058531250919309,43.872763712890446
1664541780001,40.91338343084613,-73.13260466371206,8.117605608046242,43.872763712890446
1664541781001,40.91338343084613,-73.13260466371206,8.145393950423497,43.872763712890446
1664541782001,40.91338343084613,-73.13260466371206,8.25450050617103,43.872763712890446
1664541783001,40.91338343084613,-73.13260466371206,8.245902768226038,43.872763712890446
1664541784001,40.91338343084613,-73.13260466371206,8.31109245021601,43.872763712890446
1664541785001,40.91338343084613,-73.13260466371206,8.45195652046595,43.872763712890446
1664541786001,40.91338343084613,-73.13260466371206,8.58113017371361,43.872763712890446
1664541787001,40.91338343084613,-73.13260466371206,8.688898996490044,43.872763712890446
1664541788001,40.91338343084613,-73.13260466371206,8.689274618660447,43.872763712890446
1664541789001,40.91338343084613,-73.13260466371206,8.70424613776615,43.872763712890446
1664541790001,40.91338343084613,-73.13260466371206,8.684415389254815,43.872763712890446
1664541791001,40.91338343084613,-73.13260466371206,8.700549893086682,43.872763712890446
1664541792001,40.91338343084613,-73.13260466371206,8.802992907400299,43.872763712890446
1664541793001,40.91338343084613,-73.13260466371206,7.886397956275471,43.872763712890446
1664541794001,40.91338343084613,-73.13260466371206,7.828740002638752,43.872763712890446
1664541795002,40.91338343084613,-73.13260466371206,7.838736141767961,43.872763712890446
1664541796002,40.91338343084613,-73.13260466371206,7.971596311485981,43.872763712890446
1664541797002,40.91340849068147,-73.13260690355698,7.358684243070075,43.97293843515217
1664541798002,40.91340607869079,-73.13261173344388,8.096808160410921,43.88960990589112
1664541799002,40.91340636803663,-73.1326124702286,9.98096324258956,43.989564009942114
1664541800002,40.91340665296467,-73.13261319040609,12.653655522032073,43.695873191580176
1664541801002,40.91340694542328,-73.13261392249917,16.41699411129915,43.8485822416842
1664541802002,40.91340634114751,-73.13261237887707,11.792534691981771,43.84862627182156
1664541803002,40.91340636173932,-73.13261243196403,12.474742340600143,43.83848684281111
1664541804002,40.91340637396639,-73.13261246245688,12.345035870611195,43.83602219913155
1664541805002,40.91340635269685,-73.13261240234573,12.722943498128968,43.852615172974765
1664541806002,40.91340635639375,-73.13261239843723,13.521877724899475,43.90980952978134
1664541807002,40.913512785957295,-73.13257195993619,58.65515480355001,44.483486209996045
1664541808002,40.913512785957295,-73.13257195993619,72.02389426120791,44.427211795933545
1664541809002,40.913406364897,-73.13261242946507,20.706973822325352,43.93507647048682
1664541810002,40.9134063678715,-73.13261243393572,24.240220285405346,43.95234574377537
1664541811002,40.913419196843535,-73.13255169178848,17.872822321792988,43.90711712744087
1664541812002,40.91342006946135,-73.13254691162504,14.790697302204494,43.91195773426443
1664541813002,40.913416465794676,-73.13256858949197,15.235124337020265,43.93667352385819
1664541814011,40.91341652841627,-73.13256823039436,15.612471725713338,43.932156753726304
1664541829011,40.91342267630584,-73.13255206856505,14.908254223562345,41.33376693725586
1664541841010,40.91342267630584,-73.13255206856505,14.908254223562345,48.741886138916016
1664541844098,40.91342267630584,-73.13255206856505,14.908254223562345,49.24205017089844
1664541850151,40.91342267630584,-73.13255206856505,14.908254223562345,49.267486572265625
1664541859573,40.91342267630584,-73.13255206856505,14.908254223562345,49.12123107910156
1664541865597,40.91342267630584,-73.13255206856505,14.908254223562345,49.1162109375
1664541871627,40.91342267630584,-73.13255206856505,14.908254223562345,49.152748107910156
1664541884010,40.91342267630584,-73.13255206856505,14.908254223562345,49.15376663208008
1664541896010,40.91342267630584,-73.13255206856505,14.908254223562345,49.157997131347656
1664541908008,40.91342267630584,-73.13255206856505,14.908254223562345,49.158294677734375
1664541920009,40.91342267630584,-73.13255206856505,14.908254223562345,49.1585578918457
1664541932008,40.91342267630584,-73.13255206856505,14.908254223562345,49.158470153808594
1664541944008,40.91342267630584,-73.13255206856505,14.908254223562345,49.15637969970703
1664541956008,40.91342267630584,-73.13255206856505,14.908254223562345,49.156620025634766
1664541968008,40.91342267630584,-73.13255206856505,14.908254223562345,49.15688705444336
1664541980009,40.91342267630584,-73.13255206856505,14.908254223562345,49.157135009765625
1664541992008,40.91342267630584,-73.13255206856505,14.908254223562345,49.163124084472656
1664542004009,40.91342267630584,-73.13255206856505,14.908254223562345,49.16643142700195
1664542016008,40.91342267630584,-73.13255206856505,14.908254223562345,49.17848205566406
1664542028009,40.91342267630584,-73.13255206856505,14.908254223562345,49.1426887512207
1664542040008,40.91342267630584,-73.13255206856505,14.908254223562345,49.149967193603516
1664542052008,40.91342267630584,-73.13255206856505,14.908254223562345,49.17924499511719
1664542058105,40.91342267630584,-73.13255206856505,14.908254223562345,49.178768157958984
1664542070008,40.91342267630584,-73.13255206856505,14.908254223562345,49.18100357055664
1664542082008,40.91342267630584,-73.13255206856505,14.908254223562345,49.177696228027344
1664542094008,40.91342267630584,-73.13255206856505,14.908254223562345,49.17953872680664
1664542106007,40.91342267630584,-73.13255206856505,14.908254223562345,49.18024826049805
1664542118007,40.91342267630584,-73.13255206856505,14.908254223562345,49.18122863769531
1664542130007,40.91342267630584,-73.13255206856505,14.908254223562345,49.1834831237793
1664542142006,40.91342267630584,-73.13255206856505,14.908254223562345,49.18502426147461
1664542148051,40.91342267630584,-73.13255206856505,14.908254223562345,49.185970306396484
1664542160007,40.91342267630584,-73.13255206856505,14.908254223562345,49.18722915649414
1664542172007,40.91342267630584,-73.13255206856505,14.908254223562345,49.18708419799805
1664542183736,40.91342267630584,-73.13255206856505,14.908254223562345,49.193260192871094
1664542190209,40.91342267630584,-73.13255206856505,14.908254223562345,49.15316390991211
1664542194032,40.91342267630584,-73.13255206856505,14.908254223562345,49.29964065551758
1664542200064,40.91342267630584,-73.13255206856505,14.908254223562345,49.304256439208984
1664542206531,40.91342267630584,-73.13255206856505,14.908254223562345,49.215187072753906
1664542213340,40.91342267630584,-73.13255206856505,14.908254223562345,49.148277282714844
1664542220598,40.91342267630584,-73.13255206856505,14.908254223562345,49.08772277832031
1664542229326,40.91342267630584,-73.13255206856505,14.908254223562345,49.119178771972656
1664542241007,40.91342267630584,-73.13255206856505,14.908254223562345,49.16111373901367
1664542249500,40.91342267630584,-73.13255206856505,14.908254223562345,49.50283432006836
1664542255978,40.91342267630584,-73.13255206856505,14.908254223562345,49.49039840698242
1664542259006,40.91341998468397,-73.13249083804587,19.20572257685203,49.97536627110094
1664542260008,40.91345876975839,-73.13249284369698,23.7682513545791,46.167104535736144
1664542261009,40.913469125889804,-73.13248986823282,27.355601235874275,45.410928493365645
1664542262010,40.91347574363212,-73.13248799879474,31.117943407544146,45.109223909676075
1664542263012,40.91348000954044,-73.13248520903095,37.298866759732206,44.89151347056031
1664542264009,40.91348223345629,-73.13248289617462,42.66620640932087,44.58372225891799
1664542265010,40.91348582258466,-73.13248030798637,49.06492538483412,44.583453736267984
1664542266010,40.913489296484535,-73.13247796867797,55.22738024951052,44.69212289433926
1664542267009,40.913491458588574,-73.13247523177078,62.49075272170417,44.47814493998885
1664542268010,40.9134941554091,-73.13247274211845,69.51732717989412,44.482982117682695
1664542269012,40.91346160593867,-73.13249058464012,49.21049906375143,44.35702220723033
1664542270011,40.91347259844914,-73.13251980575654,15.452058025107233,44.36578855291009
1664542271021,40.91347447546835,-73.1325216040825,18.588029698784137,44.421136083081365
1664542272023,40.91342758649422,-73.13261083784072,8.460792154960934,44.49979871511459
1664542273023,40.91340794811096,-73.13262087390135,8.38273989167178,44.45741009712219
1664542273993,40.91340933166318,-73.13260763488572,8.627229623910406,44.436741936951876
1664542274993,40.91340297848797,-73.13262439295139,9.184987401534103,44.285604051314294
1664542275994,40.91338727017781,-73.13263871777711,11.079639308030478,44.07469524536282
1664542276994,40.913344793232845,-73.13261630667081,8.29624286227066,44.0376126524061
1664542277995,40.913312549225,-73.13259192125837,10.126897634285195,43.99743516743183
1664542278995,40.91330061079258,-73.13258794889168,12.179657398128814,44.01887198444456
1664542279995,40.91327832445198,-73.13257389505269,14.044307419906023,43.931542380712926
1664542280995,40.91345114393788,-73.13252817638853,8.528396503818684,44.06997988559306
1664542281996,40.91346639186398,-73.13252837366642,7.988305124350156,44.35782584734261
1664542282996,40.913466688569414,-73.13252302319837,8.594454862191963,44.36510532628745
1664542283996,40.913438975267574,-73.13251672165651,6.952352199096137,44.38782939314842
1664542284996,40.91342535974552,-73.13252666734995,6.476167143500702,44.326924692839384
1664542285997,40.91342535974552,-73.13252666734995,6.099161106600849,44.326924692839384
1664542286997,40.9134071098734,-73.13253686947625,5.832361109712104,44.35417557414621
1664542287997,40.9134071098734,-73.13253686947625,5.58853986652259,44.35417557414621
1664542288997,40.913408140902646,-73.13253865328849,5.487247596046009,44.338810618035495
1664542289997,40.913408140902646,-73.13253865328849,5.357508850772619,44.338810618035495
1664542290997,40.913408140902646,-73.13253865328849,5.332147021682937,44.338810618035495
1664542291997,40.913408140902646,-73.13253865328849,5.3007910557936455,44.338810618035495
1664542292998,40.913392787855514,-73.13255780015415,5.340035312359295,44.32379229553044
1664542293998,40.913392787855514,-73.13255780015415,5.307518198953754,44.32379229553044
1664542294998,40.91341005368574,-73.13254640541504,5.34221837415547,44.51149563398212
1664542295998,40.91340605575086,-73.13255004736831,5.520126350369335,44.2254693787545
1664542296998,40.913400216710514,-73.13254660010314,5.913342871821315,44.10271557047963
1664542297998,40.913400391565325,-73.13254635209228,5.439689359392763,44.06023222953081
1664542298998,40.91339886123199,-73.13255727244402,5.449769164984689,44.24438718520105
1664542299999,40.91339806844568,-73.13256201538925,5.510860736740758,44.13523455709219
1664542300999,40.91339976145513,-73.1325699355725,5.923228760223219,44.26831795182079
1664542301999,40.91339984764151,-73.13256993448083,5.457760677377606,44.275230722501874
1664542302999,40.91339783627508,-73.13257219207543,5.415443850643306,44.01881725806743
1664542303999,40.91338828458467,-73.13257083030906,5.359268380347836,44.069148066453636
1664542304999,40.913387590655304,-73.13256623992676,5.323515275250506,44.02068180963397
1664542305999,40.91338768351853,-73.13256607699815,5.381513123902407,44.01078519318253
1664542306999,40.91339070917458,-73.13256560010349,5.331971845697632,44.245665865018964
1664542307999,40.91338816203174,-73.13257026854143,5.4714677076656235,44.24834778159857
1664542308999,40.9133832883039,-73.13256972181709,5.766523181493955,44.18434821907431
1664542309999,40.9133835797685,-73.13256957704779,5.390485342977745,44.016905692406
1664542311000,40.91337175316111,-73.13255953217042,5.464903758512814,43.87641633488238
1664542312000,40.91337477450059,-73.13256673702237,5.3798214797339865,43.93313810415566
1664542313000,40.91337621222207,-73.13256214590898,5.94296124190402,44.10021449625492
1664542314000,40.91337788521343,-73.13255871782678,7.633020759915323,43.91677290108055
1664542315000,40.91337744454671,-73.13258000736832,8.32013545747719,43.93008195050061
1664542316000,40.91337107213779,-73.13256943596393,9.555021898062861,44.0247559286654
1664542317000,40.91337212046598,-73.13256793450711,6.532666118997853,44.02599260676652
1664542318000,40.91339625601218,-73.13256298454024,6.549269900585441,44.00809586420655
1664542319000,40.91340140302107,-73.13255556071249,7.6796065821300035,44.070324330590665
1664542320000,40.91340568528654,-73.13254809669648,8.682578831522264,44.22920444235206
1664542321000,40.91340794939876,-73.13253201005269,11.023795649090513,43.974127588793635
1664542322000,40.91341549809903,-73.13252315700795,13.065667638670693,43.77530946023762
1664542323000,40.9134150137806,-73.13249965945634,15.693054551588299,44.04736558161676
1664542324000,40.91342356096146,-73.13248308298147,18.24137724586873,44.023048700764775
1664542325000,40.913432696845284,-73.13248653572394,21.3596678979013,44.05739537999034
1664542326000,40.91342092498437,-73.13252626022064,11.291862296027555,44.1654946655035
1664542327000,40.91342014135482,-73.13252115910328,13.317607079563063,44.19881383050233
1664542328000,40.913412745470175,-73.13252186909993,14.171579319281305,44.26275235321373
1664542329000,40.91343079903042,-73.13251328526493,13.3193827352969,44.177130185067654
1664542330001,40.91346455367541,-73.13249853071535,9.49679860813262,44.350601201877
1664542331001,40.913463094431165,-73.13249590168766,10.87904218470195,44.33814565464854
1664542332001,40.913465225942616,-73.13247517453026,12.140549001089603,44.481439616531134
1664542333001,40.91346874172822,-73.13247124319656,14.16161526864979,44.45287583488971
1664542334001,40.91347107706203,-73.13246483874234,17.533191728895947,44.417360700666904
1664542335001,40.913470862187275,-73.13246385566525,21.52168380329167,44.34240348916501
1664542336001,40.91345273244765,-73.1324485935604,21.622178703362067,44.14956490136683
1664542337001,40.91345573964692,-73.13244581269706,24.305411409347087,44.1583487233147
1664542338001,40.913454554907496,-73.13244013100693,28.132909737704722,44.42314789630473
1664542339001,40.9133727292073,-73.13265308172967,29.073604643049546,44.12719400320202
1664542340001,40.913344107864624,-73.13271445573763,16.147771154680477,43.814824383705854
1664542341001,40.913393425398546,-73.13266651321207,14.735320304020886,44.03956249542534
1664542342001,40.913426616027394,-73.13259407692416,11.755786190517309,43.8115106401965
1664542343001,40.91341771093262,-73.13259843543345,11.608302601058218,43.979728082194924
1664542344001,40.91341134904322,-73.13263456809753,11.612137756290993,43.8255983190611
1664542345001,40.913412392933715,-73.13261948912493,9.841744469952014,43.62551171798259
1664542346001,40.913406745503075,-73.13262050471778,9.990203976795057,43.90989346522838
1664542347001,40.91340208562557,-73.13261654180296,10.071001230655083,43.85863260179758
1664542348001,40.913397608014314,-73.13260016265443,11.630712831308633,43.73257875535637
1664542349001,40.91340037983234,-73.13257630783639,11.373546303445794,43.75584062654525
1664542350001,40.913384270795724,-73.13255684862126,13.56302279627137,43.7951661394909
1664542351001,40.91342239730156,-73.13255329902427,12.395671971934329,43.86073027178645
1664542352001,40.91340887928442,-73.13254491671917,12.829860497701752,43.93120797351003
1664542353001,40.91340485095847,-73.1325413109919,9.341789604815958,43.93677868694067
1664542354001,40.9133692452622,-73.13254338534719,7.7071307248104555,44.34288881160319
1664542355001,40.91337519823243,-73.13254183213273,7.564790375775864,44.16687002312392
1664542356001,40.9133503049901,-73.1325527636029,7.671430682352275,44.18819847330451
1664542357001,40.91334837551006,-73.1325703594527,6.7754784163997845,44.14939980581403
1664542358002,40.91334587223872,-73.13257051382934,6.407372608370842,44.06031784694642
1664542359002,40.9133420008187,-73.13256577230453,6.3608233388771485,44.08564291894436
1664542360002,40.91333734878582,-73.13254806211849,6.886833178760174,44.242812174372375
1664542361002,40.91332915023281,-73.13254144399092,7.678417016893175,44.14640087541193
1664542362002,40.91332600797784,-73.13253762765102,8.741205947156955,44.14517691265792
1664542363002,40.91331586099905,-73.13255056852199,10.49749759697908,44.108960003592074
1664542364002,40.91330744516213,-73.13255723095374,11.86622370026402,44.28338422719389
1664542365002,40.91335403498511,-73.13255462531163,10.112914294486819,44.197797141969204
1664542366002,40.9133807320925,-73.1325581453746,9.97720290509404,44.42118324059993
1664542367002,40.91337507118946,-73.1325669267404,10.849715004974064,44.29193313140422
1664542368002,40.91335947536619,-73.13255399868521,9.034054189935484,44.037675944156945
1664542369002,40.9133706343858,-73.13256298945034,9.101950679016301,44.1322275865823
1664542370002,40.91338225866221,-73.13257587261695,10.07502599478587,44.08990983571857
1664542371002,40.91338457951564,-73.1325887568168,11.922225247339817,44.10454862937331
1664542372002,40.913386748102205,-73.13259700858438,14.027077135942159,44.15161785110831
1664542373002,40.913363656377456,-73.1325800297367,14.361166718638394,44.216646811924875
1664542374002,40.913358174718795,-73.13258932553106,17.67247498747892,43.98099281825125
1664542375002,40.913352494939396,-73.13260212910428,21.093646994186756,44.1030713301152
1664542376002,40.913347159756086,-73.13263435422249,20.66574489679677,43.86874737218022
1664542377002,40.913421300766984,-73.13259770838273,17.036824499031383,43.9354661218822
1664542378002,40.913418893001214,-73.1325907779152,14.280641720701036,44.06088490597904
1664542379002,40.913434030742685,-73.13257918203968,13.425806351299727,43.89687339961529
1664542380002,40.91344585531058,-73.1325665248101,13.180648341316369,44.13655137550086
1664542381002,40.913440903492486,-73.1325932514846,13.543066087306235,43.75999497808516
1664542382002,40.9134514116036,-73.13261265361551,15.140772423584897,43.81873725820333
1664542383002,40.913444306190506,-73.13261080302185,10.748694861513206,43.73575637396425
1664542384002,40.91346916361326,-73.13260528905093,12.77917579577396,43.91862419527024
1664542385002,40.91346004029025,-73.13259355414253,12.838990262770507,43.87132827844471
1664542386002,40.91345726301874,-73.13263055863132,13.315265386868568,43.85726181883365
1664542387002,40.91345035750653,-73.13262644085648,15.85227795547668,43.84930804185569
1664542388002,40.9134377643058,-73.13265246084548,14.075483188079241,43.86169246211648
1664542389002,40.913436137709226,-73.13264781716278,13.153086171674337,43.989739439450204
1664542390002,40.913400965300134,-73.13260376000183,9.860495713968698,43.885811945423484
1664542391003,40.91337747374059,-73.13262169368943,10.605430396976145,43.21222456265241
1664542392003,40.913365770084276,-73.13262393427617,12.679455979024162,42.79993683192879
1664542393003,40.913358979283544,-73.13262823218507,15.145887827429778,43.517468390055
1664542394003,40.91334267840226,-73.13262814966265,17.51713474523606,43.31687891110778
1664542395003,40.91332627223579,-73.13263923966869,21.012646882283843,43.365086293779314
1664542396023,40.91346354227616,-73.13254094689447,22.87201399943806,48.2019920675084
1664542398022,40.91329129620775,-73.13264786730713,31.095014024363284,43.64547536429018
1664542399024,40.91327848160401,-73.13265127448676,34.743614467959176,43.63174744322896
1664542400021,40.91326511225258,-73.13265425916049,38.92915109911976,43.68447302468121
1664542401022,40.91341048026746,-73.13262129376383,29.29827247347403,43.708259085193276
1664542402021,40.91340761539338,-73.1326239675356,32.6674463241243,43.70591395907104
1664542403019,40.91340718789818,-73.13262477380404,34.01815457059116,43.714266611263156
1664542424011,40.91342267630584,-73.13255206856505,14.908254223562345,41.116214752197266
1664542433024,40.91342267630584,-73.13255206856505,14.908254223562345,48.52421188354492
1664542439863,40.91342267630584,-73.13255206856505,14.908254223562345,49.14092254638672
1664542446343,40.91342267630584,-73.13255206856505,14.908254223562345,49.150146484375
1664542453947,40.91342267630584,-73.13255206856505,14.908254223562345,49.187435150146484
1664542461724,40.91342267630584,-73.13255206856505,14.908254223562345,49.23658752441406
1664542467744,40.91342267630584,-73.13255206856505,14.908254223562345,49.254547119140625
1664542480006,40.91342267630584,-73.13255206856505,14.908254223562345,49.261924743652344
1664542487722,40.91342267630584,-73.13255206856505,14.908254223562345,49.21466827392578
1664542495369,40.91342267630584,-73.13255206856505,14.908254223562345,49.19501876831055
1664542503727,40.91342267630584,-73.13255206856505,14.908254223562345,49.205810546875
1664542510241,40.91342267630584,-73.13255206856505,14.908254223562345,49.22350311279297
1664542516718,40.91342267630584,-73.13255206856505,14.908254223562345,49.23386764526367
1664542523207,40.91342267630584,-73.13255206856505,14.908254223562345,49.2322883605957
1664542531348,40.91342267630584,-73.13255206856505,14.908254223562345,49.23124694824219
1664542543009,40.91342267630584,-73.13255206856505,14.908254223562345,49.23418426513672
1664542555008,40.91342267630584,-73.13255206856505,14.908254223562345,49.20947265625
1664542567009,40.91342267630584,-73.13255206856505,14.908254223562345,49.20045852661133
1664542577879,40.91342267630584,-73.13255206856505,14.908254223562345,49.05986404418945
1664542584719,40.91342267630584,-73.13255206856505,14.908254223562345,49.06513595581055
1664542592009,40.91342381205513,-73.13251588500397,10.814558260104453,50.00741199031472
1664542593009,40.91342381205513,-73.13251588500397,10.797910634370364,50.00741199031472
1664542594009,40.91342381205513,-73.13251588500397,10.837287480430273,50.00741199031472
1664542595009,40.91342381205513,-73.13251588500397,10.901623215700141,50.00741199031472
1664542596996,40.91342381205513,-73.13251588500397,10.98816922258553,50.00741199031472
1664542597996,40.91342381205513,-73.13251588500397,6.59122797297557,50.00741199031472
1664542598996,40.91342381205513,-73.13251588500397,5.363136307093498,50.00741199031472
1664542599996,40.91342381205513,-73.13251588500397,5.071292491018475,50.00741199031472
1664542600996,40.91342381205513,-73.13251588500397,5.006672460286975,50.00741199031472
1664542601997,40.91342381205513,-73.13251588500397,5.045336613184476,50.00741199031472
1664542602997,40.91342381205513,-73.13251588500397,5.033654397759946,50.00741199031472
1664542603997,40.91342381205513,-73.13251588500397,5.03815814237285,50.00741199031472
1664542604997,40.91342381205513,-73.13251588500397,5.028522806898921,50.00741199031472
1664542605997,40.91342381205513,-73.13251588500397,5.033698166269635,50.00741199031472
1664542606997,40.91342381205513,-73.13251588500397,5.0457507078470805,50.00741199031472
1664542607998,40.91342381205513,-73.13251588500397,5.044455821030872,50.00741199031472
1664542608998,40.91342381205513,-73.13251588500397,5.034695582558221,50.00741199031472
1664542609998,40.91342381205513,-73.13251588500397,4.960298399499743,50.00741199031472
1664542610998,40.91342381205513,-73.13251588500397,4.921482705378222,50.00741199031472
1664542611998,40.91342381205513,-73.13251588500397,4.936162674726198,50.00741199031472
1664542612998,40.91342381205513,-73.13251588500397,4.94619167582111,50.00741199031472
1664542613998,40.91342381205513,-73.13251588500397,4.9429518065505995,50.00741199031472
1664542614998,40.91342381205513,-73.13251588500397,4.944898559600404,50.00741199031472
1664542615998,40.91342381205513,-73.13251588500397,4.9577589302171186,50.00741199031472
1664542616999,40.91342381205513,-73.13251588500397,4.963719111314272,50.00741199031472
1664542617999,40.91342381205513,-73.13251588500397,4.981535763376423,50.00741199031472
1664542618999,40.91342381205513,-73.13251588500397,4.990708629644013,50.00741199031472
1664542619999,40.91342381205513,-73.13251588500397,5.034643547501907,50.00741199031472
1664542620999,40.91342381205513,-73.13251588500397,5.023490101991972,50.00741199031472
1664542621999,40.91342381205513,-73.13251588500397,5.02506157725172,50.00741199031472
1664542622999,40.91342381205513,-73.13251588500397,5.0061454557683,50.00741199031472
1664542623999,40.91344991285309,-73.13265694486353,5.014473796889632,44.488157738000154
1664542624999,40.91344539941831,-73.13266338652163,5.1772538118938005,44.16228803712875
1664542625999,40.913441947324294,-73.13265766122163,5.633153265009182,44.16954396665096
1664542626999,40.91343322309996,-73.13265477226388,6.672476220088404,44.07585324347019
1664542627999,40.9134259439456,-73.1326498669783,7.58456139590995,43.925531568937004
1664542629000,40.913421606007404,-73.1326415107446,8.974270572094207,44.192070888355374
1664542630000,40.91343103826573,-73.13263490332176,10.331005468843074,43.555942512117326
1664542631000,40.91344845039732,-73.13260609513675,10.79270665833974,43.95299701858312
1664542632000,40.91344571253211,-73.132597029905,10.75809185231095,43.72888715285808
1664542633000,40.91343677759914,-73.13261498152588,11.85185296802446,43.773779903538525
1664542634000,40.91340097942856,-73.13259736793879,13.14588415735111,43.893494497053325
1664542635000,40.91340348322857,-73.13259510625477,15.54115975784526,43.749320743605494
1664542636000,40.91341891308581,-73.13258007943632,17.44539501749727,43.81513419188559
1664542637000,40.91342292468921,-73.13260386776352,14.253742523859321,43.836228103376925
1664542638000,40.913449071963555,-73.1325709784168,8.223052678247319,44.04678035713732
1664542639000,40.91344315168747,-73.13258274578271,9.579842306093248,43.95717669464648
1664542640000,40.91343133708144,-73.13257324262092,11.558206029904367,43.99731771927327
1664542641000,40.91343440129434,-73.13257312058408,14.411454517568604,44.55546840187162
1664542642000,40.91341997528922,-73.13258402938139,16.828555167668924,43.90565918199718
1664542643000,40.9134061665539,-73.13257965091874,20.52511908306484,44.01778011675924
1664542644000,40.913384125104066,-73.13259013847215,23.878984229429598,43.89467291533947
1664542645000,40.913355415297524,-73.13260715709616,22.482342019960157,43.875216759741306
1664542646000,40.91331887595865,-73.1326211522972,12.632988196635765,43.803428119048476
1664542647000,40.91332083340449,-73.13262292087606,11.771464293951738,43.75208273436874
1664542648000,40.91331494877152,-73.13262335299714,11.523557028088508,43.503078767098486
1664542649001,40.91342276332167,-73.13264640780633,8.945755823345353,43.68676816299558
1664542650001,40.91341442144275,-73.13264440832198,10.124587755258737,43.79984327033162
1664542651001,40.913416311700146,-73.13263491868925,11.73528604068551,43.58518981561065
1664542652001,40.91343546390648,-73.13258891568198,11.145620212066422,43.72628717403859
1664542653001,40.913429737249395,-73.13257925004312,12.586762613755795,43.75351338740438
1664542654001,40.91342967822916,-73.13258191745463,14.93657164896897,43.827051658183336
1664542655001,40.91341482783938,-73.13255749564831,17.607377524472714,43.67185140401125
1664542656001,40.91340985634931,-73.1325609325543,20.93941687925465,43.67166064493358
1664542657001,40.913417741600945,-73.13256055175762,20.748711608902468,43.97496988158673
1664542658001,40.91342860753893,-73.13252898292582,17.324494592966328,43.65884754061699
1664542659001,40.91343388713543,-73.13252998053453,12.389731600031338,43.890536926686764
1664542660001,40.91342413362329,-73.13255501524111,10.722519879173177,43.83931825682521
1664542661001,40.91342347510517,-73.13255287042223,10.534354540147048,43.85002871323377
1664542662001,40.913420625519706,-73.13255828171569,10.691491458646977,43.94723424781114
1664542663001,40.91341687659706,-73.13255872841233,10.241385846131733,44.06040985509753
1664542664001,40.91341096240296,-73.13252374946674,9.34470355196406,44.12179955560714
1664542665001,40.9134077355583,-73.13251868897144,9.016434399164435,44.14371354226023
1664542666001,40.91340432768112,-73.13253481869907,9.37847940955106,43.93303635343909
1664542667001,40.91339236220499,-73.13251698043696,9.279776038514404,44.10612600762397
1664542668001,40.91338872311948,-73.13250698256931,10.769757725892566,44.07430985476822
1664542669001,40.91338868641083,-73.13250911711562,13.564424662125372,44.230119737796485
1664542670001,40.913370308482534,-73.13249624176413,13.466767318930675,44.02646061964333
1664542671001,40.91337584273414,-73.13249711557212,16.43736079654037,44.162617951631546
1664542672001,40.91336941486362,-73.13250671922397,14.875931880359095,44.20499790739268
1664542673001,40.913453076195644,-73.1325493549241,11.770831135387827,44.36756678298116
1664542674001,40.91344434487741,-73.13256288722414,13.399408453367416,44.374752754345536
1664542675001,40.91344578229409,-73.13255637421831,15.234049906637221,44.32481668982655
1664542676001,40.9134486578502,-73.13254964483204,17.22569293435765,44.39058931451291
1664542677001,40.91344092351227,-73.13250093497793,18.695477562301058,44.1941807102412
1664542678002,40.913452132894065,-73.132545417203,20.37909633889822,44.36597146559507
1664542679002,40.913450969472656,-73.13254616881942,22.577004925204847,44.08212270773947
1664542680002,40.91344514151603,-73.13252619806485,16.79367972421804,44.04030844755471
1664542681002,40.91344825070548,-73.13252892093402,16.622091658816416,44.21376403234899
1664542682002,40.91343887096926,-73.13255937035439,15.7209095532469,44.14200563542545
1664542683002,40.913439379940115,-73.13256020341277,14.062024214518436,44.140809749253094
1664542684002,40.913439379940115,-73.13256020341277,10.318818336853873,44.140809749253094
1664542685002,40.913439379940115,-73.13256020341277,10.029308814749625,44.140809749253094
1664542686002,40.913439379940115,-73.13256020341277,9.785705417442406,44.140809749253094
1664542687002,40.913439379940115,-73.13256020341277,9.744912330215417,44.140809749253094
1664542688002,40.913439379940115,-73.13256020341277,9.745719210194034,44.140809749253094
1664542689002,40.913439379940115,-73.13256020341277,9.278355558141337,44.140809749253094
1664542690002,40.9134139701347,-73.13256149683107,8.398313007336672,44.15583789162338
1664542691002,40.91340373177021,-73.13253900861729,7.569278801288774,43.9710565013811
1664542692002,40.91339591678319,-73.13251534379548,7.075493345805575,44.128386438824236
1664542693002,40.913390294510734,-73.13254028084111,6.97028719945054,43.99779872689396
1664542694002,40.91337737167483,-73.13257108462432,6.916784954442395,43.85548705980182
1664542695002,40.91337318428775,-73.13259129101542,6.580449961913095,43.832532769069076
1664542696002,40.913399459289884,-73.1325575091746,6.4119607870910995,44.30740339215845
1664542697002,40.91338828857931,-73.13255072391459,6.519149761818378,44.15692652296275
1664542698002,40.913379135421394,-73.13255663337475,6.81628405904121,44.1428101118654
1664542699002,40.91338006884384,-73.13255728273334,6.64200856878425,44.237526431679726
1664542700002,40.91337515650543,-73.13256585703367,6.784459545044305,44.09913737978786
1664542701023,40.913380674108964,-73.13258090424195,7.704170596311914,44.16104737948626
1664542702024,40.91339216514023,-73.13257408405242,7.909448867515789,44.12061107810587
1664542703002,40.913393331140966,-73.13257345879565,6.753846498700248,43.91583748906851
1664542704002,40.913393331140966,-73.13257345879565,6.672015413593723,43.91583748906851
1664542705002,40.913393331140966,-73.13257345879565,6.292877406059991,43.91583748906851
1664542706002,40.913393331140966,-73.13257345879565,6.204558272291856,43.91583748906851
1664542707002,40.913393331140966,-73.13257345879565,6.076718561472292,43.91583748906851
1664542708002,40.913393331140966,-73.13257345879565,5.794106372774407,43.91583748906851
1664542709002,40.91341225257054,-73.13257007716402,5.850715843104022,44.113880755379796
1664542710002,40.91341225257054,-73.13257007716402,5.598467545329491,44.113880755379796
1664542711003,40.91341225257054,-73.13257007716402,5.61613421359293,44.113880755379796
1664542712003,40.91341225257054,-73.13257007716402,5.456469660757213,44.113880755379796
1664542713003,40.91342046523074,-73.1325704241935,5.853982479847607,44.15424378681928
1664542714003,40.91341857076045,-73.13257920038869,6.242245921356301,44.33595709595829
1664542715003,40.913415930892455,-73.132568796865,6.616365871041712,44.24349088035524
1664542716003,40.91341938138791,-73.13257244619302,6.521551695135056,44.33446529041976
1664542717003,40.91341243961068,-73.13256131885751,6.851842832196077,44.25085729639977
1664542718003,40.91341301392598,-73.13256125046455,5.740646934131573,44.26516240183264
1664542719003,40.91341301392598,-73.13256125046455,5.582551803890713,44.26516240183264
1664542720003,40.913406641415165,-73.13251848307016,5.371584806574562,44.254012214019895
1664542721003,40.91340719084566,-73.1325170609497,5.212403693487595,44.21842907834798
1664542721998,40.91340469155238,-73.13251748521355,5.203390664807141,44.23786304797977
1664542722998,40.913401594594085,-73.13251820867787,5.255402564464611,44.12788209412247
1664542723998,40.91339716435089,-73.13251845876037,5.696122790342701,44.23480835184455
1664542724998,40.913395625134186,-73.13251228132081,6.175711813129303,44.21943181846291
1664542725998,40.913392394104875,-73.1325132056017,5.356174927916458,44.33570960443467
1664542726998,40.91339280766997,-73.1325068243234,5.2689132354493875,44.1262147501111
1664542727998,40.913392921028596,-73.13250682650255,5.214170461464112,44.0954415211454
1664542728999,40.91339140336454,-73.13250340921047,5.353104205718679,44.220877164043486
1664542729999,40.91339280146204,-73.13250132208084,5.365246780461383,44.20797615125775
1664542730999,40.913392888397915,-73.13250131381432,5.212126901700896,44.20783936418593
1664542731999,40.91338601111195,-73.13252598796306,5.473763534633099,44.26761309057474
1664542732999,40.913391985187424,-73.13252298812249,5.4682533519529,44.31964540109038
1664542733999,40.91339122719564,-73.13251880833411,5.936370786122607,44.19319318700582
1664542734999,40.91339216399562,-73.13252064687983,7.669037826307164,43.98667168524116
1664542735999,40.91339262809446,-73.13252544200573,9.479690577862465,44.24234386254102
1664542736999,40.91339665291659,-73.13253071717203,10.786933095701157,44.31284217722714
1664542737999,40.91339930694319,-73.13254110069037,13.256021984697334,44.22749907895923
1664542738999,40.91339930694319,-73.13254110069037,8.325308271169298,44.22749907895923
1664542740999,40.91339930694319,-73.13254110069037,8.031210872236867,44.22749907895923
1664542741999,40.91339930694319,-73.13254110069037,7.90929916095327,44.22749907895923
1664542742999,40.91339930694319,-73.13254110069037,7.930624052104499,44.22749907895923
1664542743999,40.91339930694319,-73.13254110069037,7.151331998298348,44.22749907895923
1664542744999,40.91339930694319,-73.13254110069037,7.185909534678096,44.22749907895923
1664542745999,40.91339930694319,-73.13254110069037,7.236648971111098,44.22749907895923
1664542746999,40.91339930694319,-73.13254110069037,7.277032689758389,44.22749907895923
1664542747999,40.91339930694319,-73.13254110069037,7.279323321269273,44.22749907895923
1664542748999,40.91339930694319,-73.13254110069037,7.3309692836510845,44.22749907895923
1664542749999,40.91339930694319,-73.13254110069037,7.251349228555606,44.22749907895923
1664542750999,40.91339930694319,-73.13254110069037,7.314165888049937,44.22749907895923
1664542752000,40.91339930694319,-73.13254110069037,7.288386323764417,44.22749907895923
1664542753000,40.91339930694319,-73.13254110069037,7.306508018465402,44.22749907895923
1664542754000,40.91339930694319,-73.13254110069037,7.3226266202422945,44.22749907895923
1664542755000,40.91339930694319,-73.13254110069037,7.413270365610118,44.22749907895923
1664542756000,40.91341446010387,-73.13261847369208,7.32267521796323,44.05708121601492
1664542757000,40.91341446010387,-73.13261847369208,6.707241745582542,44.05708121601492
1664542758000,40.91341446010387,-73.13261847369208,6.950450221099045,44.05708121601492
1664542759000,40.91342854037878,-73.13262013729805,7.021311550969988,43.887756236828864
1664542760000,40.91342959754574,-73.13262770076417,7.738070171924436,44.08232137095183
1664542761000,40.91342824506822,-73.1326359648538,6.971890980075995,44.05197152495384
1664542762000,40.913426219169665,-73.13264159491798,7.129300508336912,44.06419710908085
1664542763000,40.91340602784661,-73.13262652345342,6.8843489936576505,44.025266921147704
1664542764000,40.913394748037426,-73.1325952076823,7.531636565206501,44.12076725065708
1664542765000,40.91339750518326,-73.13260959820364,7.755462634524531,43.91262138169259
1664542766000,40.91338784075314,-73.13259497632706,8.332988194660057,43.843220978975296
1664542767000,40.913374040177914,-73.13256866527367,8.79662714801835,43.82500224746764
1664542768000,40.913390545824385,-73.1325874729919,9.159091075570696,43.97412620577961
1664542769000,40.91338654486571,-73.1325669845865,6.874662853070623,44.01807467173785
1664542770000,40.91338822891223,-73.13256448245136,5.85147054500122,44.16249236278236
1664542771000,40.91339895757933,-73.13257220309765,5.905816612404025,44.12761290092021
1664542772000,40.91341284412868,-73.13258723691135,6.171078637854781,44.14916101656854
1664542773000,40.9134090072363,-73.13259409495981,7.931991362339179,44.1662394143641
1664542774000,40.9134206612395,-73.13260336686155,7.564659538127904,43.991431708447635
1664542775000,40.91342947187191,-73.13262243132877,6.696499695226512,43.922893695533276
1664542776000,40.9134355049757,-73.13263118309816,7.537713993060986,43.919593285769224
1664542777000,40.91343738732423,-73.13262129376739,8.716786898290158,44.017354163341224
1664542778001,40.91344257221822,-73.13262668337799,10.103988715497039,43.97529238183051
1664542779001,40.91347934838103,-73.13263975261263,11.456675478349396,43.80735405161977
1664542780001,40.91348179925564,-73.13264069668678,9.159851928250033,43.67921487893909
1664542781001,40.91347357441608,-73.13261474301838,7.449101515428972,44.075717949308455
1664542782001,40.91347331295486,-73.13261379513422,8.201419287454124,43.81384682375938
1664542783001,40.91347331295486,-73.13261379513422,6.9196475430296385,43.81384682375938
1664542784001,40.9134527569557,-73.13261259886869,7.033603254681884,43.94958442542702
1664542785001,40.91344583122109,-73.13260035153387,7.2342746889172105,44.14485985133797
1664542786001,40.91343727545759,-73.13259212648222,7.719293415158806,43.74039238970727
1664542787001,40.913425388001535,-73.13259542394684,8.35315146883072,43.82501950580627
1664542788001,40.9134071386044,-73.13256769989836,8.148035545640282,43.939425992779434
1664542789001,40.91340763306816,-73.13256736893125,9.963306030254703,43.87307056132704
1664542790001,40.91339515023459,-73.13255847873278,9.115469821547292,43.82968012057245
1664542791001,40.913400089809734,-73.13257173821289,7.478766250587131,43.94154853839427
1664542792001,40.91342008920979,-73.13258723971181,6.977778724492001,43.9401648491621
1664542793001,40.91343096776345,-73.13258732748089,6.444527782671152,44.11595492437482
1664542794001,40.91342879740092,-73.13259086805431,6.829951069220909,44.00666798837483
1664542795001,40.913413759694066,-73.1325827333476,6.84686654134532,43.94185006432235
1664542796001,40.91340997248711,-73.13257881823323,7.20603167352824,43.920536294579506
1664542797001,40.913415192304605,-73.13258875443849,6.212301176236206,43.97136544715613
1664542798001,40.91341142215949,-73.13258481907857,6.24228432185451,43.95048844348639
1664542799001,40.91341919472239,-73.13259368870533,6.59861665208781,43.817833912558854
1664542800001,40.913410823934306,-73.13258146953963,6.79315995820074,43.76655046083033
1664542801001,40.913410823934306,-73.13258146953963,6.108038914556404,43.76655046083033
1664542802001,40.91342601727725,-73.13259171537456,5.899223809698717,43.728169213049114
1664542803001,40.91342426839388,-73.13258981892498,6.079576923350152,43.888501609675586
1664542804001,40.91342238925132,-73.13258233151466,6.073961746210664,43.912391050718725
1664542805001,40.91342255657167,-73.13258205656817,5.989615641709904,43.820180324837565
1664542806001,40.91342255657167,-73.13258205656817,6.073286516328174,43.820180324837565
1664542807001,40.9134334421395,-73.13258191257442,5.8981740396119084,43.976816767826676
1664542808001,40.91344126003882,-73.13259783506433,6.299799215063314,43.816446329467
1664542809001,40.913436646789485,-73.13259725026258,7.008802776046441,43.79280052892864
1664542810002,40.913436715351985,-73.13259691855215,7.640177432568858,43.9110758388415
1664542811002,40.91342547727641,-73.13259200886391,8.32160667440606,43.77734816726297
1664542812002,40.91343055066768,-73.13259595782894,9.515279168723342,43.71473681740463
1664542813002,40.91341731134199,-73.13258778189667,11.043898545168656,43.86679554823786
1664542814002,40.91342269000686,-73.13258952020982,13.11629854041859,43.68992492277175
1664542815002,40.91341247219448,-73.13260785321052,13.196493636712628,43.7981962133199
1664542816002,40.9134469929309,-73.13263083872918,8.837462938745439,44.20030560158193
1664542817002,40.91342515521018,-73.13261562965178,9.355188319397001,44.00504678674042
1664542818002,40.9134229151807,-73.13260920540918,8.781415263047801,44.094663112424314
1664542819002,40.913427802014624,-73.13262867847364,8.73212722307094,43.95151455141604
1664542820002,40.91342793455988,-73.13262817793223,7.020269160065182,43.94580349419266
1664542821002,40.913438163399,-73.13263786486564,6.82338083892071,43.979167628102005
1664542822002,40.91342422822217,-73.13263008756952,6.959674029532049,43.85974822100252
1664542823002,40.91342459707148,-73.1326212271631,7.496348052119738,43.86265357770026
1664542824002,40.91340566468582,-73.13260517495574,7.800417560898315,43.902678727172315
1664542825002,40.913414666881636,-73.13259795840722,8.836252677539889,43.88614491838962
1664542826002,40.91340128500314,-73.13254587669275,8.93950822011083,43.85366009641439
1664542827002,40.913397484700084,-73.13256459242186,8.694657732482003,43.91673412360251
1664542828002,40.91341415776237,-73.13258347707347,8.299083009273193,43.90665162820369
1664542829002,40.913417920868504,-73.13257850114312,7.603340478308856,44.12108665239066
1664542830002,40.91341406996786,-73.13257992954092,8.594379140476526,44.15094360522926
1664542831002,40.91341503216574,-73.13258035033856,10.970673929504505,44.08411726355553
1664542832002,40.91341565036864,-73.13258145920223,12.806415109238353,44.01667091809213
1664542833002,40.91338621798916,-73.13254045190403,12.90212504118214,43.90628115646541
1664542834002,40.91339191813327,-73.1325373823829,12.740509788887227,43.906312903389335
1664542835002,40.913394503248526,-73.13252936908276,13.239406517712421,44.1249260623008
1664542836002,40.913381657045065,-73.13254090807612,12.588795743695457,43.980507453903556
1664542837002,40.913386799541634,-73.13254208740456,13.082796135745198,44.158779729157686
1664542838002,40.91336679481176,-73.13257542212803,11.404467184867253,44.098387028090656
1664542839002,40.91337123354216,-73.13256169631403,12.422958686865185,44.00842241384089
1664542840002,40.91337234846127,-73.13256919009214,11.169595527284388,44.174114872701466
1664542841002,40.91339149060493,-73.1325399302156,10.275016931734111,44.247243645600975
1664542842002,40.91338096385906,-73.13255228633419,9.90319704192752,44.225417874753475
1664542843003,40.91338639056728,-73.13254622986817,8.551990440842506,44.1190844271332
1664542844003,40.913386854683615,-73.13254640762906,8.804239979112088,44.113787909038365
1664542845003,40.91338602676598,-73.13254575762103,9.71237910923536,44.125087822787464
1664542846003,40.91339089232244,-73.13254239194707,11.067537801105438,44.179579875431955
1664542847003,40.913389784283154,-73.13254148315917,12.170707506250931,44.04295025207102
1664542847997,40.91338708000781,-73.13253206055602,13.027743394778307,44.16719133220613
1664542848997,40.913394989051724,-73.13251794934102,15.38442585674249,43.979559999890625
1664542849997,40.9134004397989,-73.13248725392113,17.47954501838148,43.958796087652445
1664542850997,40.91341890266233,-73.1325311994779,16.65949085907882,44.16646535228938
1664542851998,40.9134228468601,-73.13254424501588,15.99931444560366,44.22120882384479
1664542852998,40.913423537018026,-73.13253709905119,13.493676245205098,44.187930999323726
1664542853998,40.91340288544247,-73.13254903273005,14.453189174577627,44.18311191815883
1664542854998,40.91340033336772,-73.13253950921299,15.883526085634129,44.046421309001744
1664542855998,40.913401059232235,-73.13253755765601,12.117528582671259,43.99383857473731
1664542856998,40.913419989127185,-73.1325709539348,11.7413407191768,44.1480008745566
1664542857998,40.91342424851719,-73.13257600463407,11.732166147695498,44.14962636586279
1664542858998,40.91343550606944,-73.13258397178988,11.61723629330417,44.07722312863916
1664542859998,40.91343518062815,-73.13256964270978,11.711833899233454,44.02171062678099
1664542860998,40.913433206366044,-73.1325645183909,13.18053731952719,43.97556215059012
1664542861998,40.91342509251118,-73.13258537004444,13.961019080304977,44.04790170304477
1664542862998,40.91339438498113,-73.1325392360261,12.482041784031114,43.878049133345485
1664542863998,40.913398237237345,-73.13256767548042,11.302254839558636,44.082033190876245
1664542864998,40.91337310967927,-73.13255251229593,10.603302648206105,43.9321087570861
1664542865998,40.91337604230761,-73.13253190056764,11.621609425611112,44.19496652763337
1664542866998,40.913374459190834,-73.13255897062217,10.789590999087473,43.88069381844252
1664542867999,40.91338330199873,-73.13255760240858,9.279000969981695,43.898011308163404
1664542868999,40.91339866379101,-73.13256912674196,8.227051909897831,43.9374622348696
1664542869999,40.913391871066686,-73.13256957021547,8.609524066204227,44.08244237489998
1664542870999,40.9133880539388,-73.13255643634353,9.21443934226275,44.1072001112625
1664542871999,40.91339640670777,-73.13256838417149,8.624768899984373,43.97739233635366
1664542872999,40.91339327520263,-73.13256147808565,10.165186453061265,43.90827194415033
1664542873999,40.913389157827126,-73.13254726396423,11.645790160884946,43.97043479885906
1664542874999,40.91339101269616,-73.13256908982696,11.801699186279354,43.87905713263899
1664542875999,40.913387022935034,-73.13259328470875,11.65540131336537,44.1247855136171
1664542876999,40.91340961517941,-73.13258116803522,11.772010616714278,44.19469306059182
1664542877999,40.91340700613219,-73.132567812365,13.178372454920396,44.10729979723692
1664542878999,40.913409899341815,-73.13255931949601,14.66470967082706,43.971969162113965
1664542879999,40.91341512149148,-73.13256447776645,16.319433557714554,44.040451356209815
1664542880999,40.913413604126596,-73.13256565501108,17.826244734347576,44.0622417377308
1664542881999,40.91337983515928,-73.13259271478573,17.807062314446302,43.96627764869481
1664542883000,40.91337564580644,-73.1326116794291,19.893788926550066,44.01829670649022
1664542884000,40.913351834629836,-73.13263313504886,18.405162869771758,44.09609267208725
1664542885000,40.91333659241724,-73.13264714326657,19.04258985519099,44.168867787346244
1664542886000,40.91332568194517,-73.13264898363335,17.83049722587652,43.58871733210981
1664542887000,40.9133704775161,-73.13263882578363,17.778875190287277,44.12463377788663
1664542888000,40.91341076166532,-73.13255929672796,12.488809420395143,43.679266900755465
1664542889000,40.91342999145265,-73.13255766821362,10.229775135099768,44.34677812457085
1664542890000,40.91342303302257,-73.1325511188859,10.056668883017888,44.06138608418405
1664542891000,40.91343050973543,-73.13254596788983,10.400171672797253,44.01149940304458
1664542892000,40.9134248899117,-73.13253706130696,9.820603750073975,43.87396588549018
1664542893000,40.913428594419,-73.1325312480272,10.363465090591209,44.07378498185426
1664542894000,40.913432028035274,-73.1325390692695,11.234353067376308,44.073051204904914
1664542895000,40.913434273723595,-73.13254093642739,13.359347856516914,44.095921349711716
1664542896000,40.91344310870641,-73.13252817211607,15.717164698828023,44.05362690612674
1664542897000,40.91345512406727,-73.13253135420779,11.902138773267763,44.03629818931222
1664542898000,40.91345999887641,-73.13253026941406,11.979439343691613,44.037639745511115
1664542899000,40.91346233723202,-73.13257524738658,11.347630314553525,43.989139777608216
1664542900000,40.91345980343949,-73.1325697122053,11.752434057197528,44.07990908250213
1664542901000,40.91345517822139,-73.13255353174485,11.136702714638599,43.90900732669979
1664542902000,40.913457705286646,-73.13255697377554,13.072963078563332,44.09525946713984
1664542903000,40.91345777793181,-73.13257211556515,14.5153699852053,44.10964080505073
1664542904000,40.91345451516801,-73.13257194842885,17.207525133982955,44.05256947595626
1664542905000,40.91347110095285,-73.13260295418553,12.053851663923881,44.02429727464914
1664542906000,40.91347193942643,-73.13260765741697,12.64252286281148,43.92460714560002
1664542907001,40.913471669232216,-73.13260788972127,13.236866520929153,44.11193263158202
1664542908001,40.913472333006716,-73.1326026299764,14.70377851013932,44.07115419395268
1664542909001,40.91347480260959,-73.13260057864645,16.349265730711444,44.069944991730154
1664542910001,40.913472134250334,-73.13260678235203,18.61926573031659,43.85668205283582
1664542911001,40.91343132849207,-73.13260687658331,17.697655017539805,43.75515651330352
1664542912001,40.913467927110574,-73.13253817466104,10.713247814570462,43.76468420680612
1664542913001,40.913445790241305,-73.13256431869377,11.635068719613036,43.88124996609986
1664542914001,40.91342861498,-73.13249405031995,12.922541490173666,44.12573408242315
1664542915001,40.91341908614565,-73.13255939770512,14.555447488076789,44.200087391771376
1664542916001,40.913392137438166,-73.13249500760107,15.628665183879683,43.96441247873008
1664542917001,40.91338213819358,-73.1324951251197,16.906437745015452,43.84635141212493
1664542918001,40.91338008204347,-73.13249785289693,11.801061977485553,43.88071249704808
1664542919001,40.9133745489629,-73.13252842579877,11.663177861803714,44.311654686927795
1664542920001,40.91337326937076,-73.1325332654256,12.242556053799431,44.07853400334716
1664542921001,40.91337342443637,-73.13254233648566,12.327187828050139,44.239357735961676
1664542922001,40.91337175182416,-73.13253902954803,13.95227887337408,44.13001134991646
1664542923001,40.913371583653,-73.13253896353478,11.612002280577943,44.122208846732974
1664542924001,40.91338203867455,-73.13254866995025,11.59147911767971,44.181622735224664
1664542925001,40.91338203867455,-73.13254866995025,9.331100810491833,44.181622735224664
1664542926001,40.91338203867455,-73.13254866995025,9.3532703233379,44.181622735224664
1664542927001,40.91339514691855,-73.13257418871167,9.638605803077867,44.40119664929807
1664542928001,40.913395845644615,-73.13256313349788,10.782217127870046,44.44262088742107
1664542929001,40.913388110089436,-73.13253963442341,10.742451552750552,44.394987028092146
1664542930001,40.91337917939256,-73.13253276157872,12.397552231355819,44.110569113865495
1664542931001,40.9133822556101,-73.13254428247298,12.332186165621444,44.26054201461375
1664542932001,40.913360843942016,-73.13257792804977,12.862548008443358,44.04431315138936
1664542933001,40.91336976256865,-73.13256081056322,11.006757928650144,43.963491323404014
1664542934001,40.913369311699554,-73.13256426141133,10.498618866796285,43.96010619122535
1664542935001,40.913379165258284,-73.13256812708883,10.00940315372176,43.940655757673085
1664542936001,40.91339548770545,-73.13256288254685,11.143794787375999,44.00915949232876
1664542937001,40.91345760422801,-73.13256885468982,9.929700072594825,44.15598621685058
1664542938002,40.913466680119896,-73.13256791908924,11.620761136592684,44.14951412938535
1664542939002,40.91345697951906,-73.13258371833608,12.960694164852631,44.3467058185488
1664542940002,40.91346078525933,-73.13258654898549,15.055889263478914,44.121178063564
1664542941002,40.913448731498484,-73.1325905788325,10.767058639024398,43.86140183825046
1664542942002,40.913447451332125,-73.1325958654332,11.062735958611698,43.99801681470126
1664542943002,40.913443042432,-73.13259517231229,11.580554222449809,44.04871858749539
1664542944002,40.91343753195157,-73.13259209493587,12.814418830101353,43.882755029946566
1664542945002,40.91343318790572,-73.13260760761275,14.541476790495315,43.837509248405695
1664542946002,40.913435574448954,-73.13260826238094,16.805241756968282,43.98802307341248
1664542947002,40.91343484810263,-73.13260858625021,20.19141544128705,43.93155187088996
1664542948002,40.91345416859843,-73.13260134795259,18.639786602932958,43.89321785885841
1664542949002,40.91346715205542,-73.13256632871267,15.507052409511257,43.89661703631282
1664542950002,40.913475200521134,-73.13256893878358,19.44648836842282,43.96463752631098
1664542951002,40.91347472581636,-73.13257975601148,20.657000950342663,43.695740272291005
1664542952002,40.9134536977529,-73.13264073438657,22.004034246262123,44.23220425378531
1664542953002,40.913462371560165,-73.13262899141253,26.742038295867076,43.81248331349343
1664542954002,40.913463900877936,-73.13262958509887,31.72955260048637,43.93372052907944
1664542955002,40.91346722972753,-73.13263405507234,37.02234522259413,43.907526784576476
1664542956002,40.91346722972753,-73.13263405507234,20.74955786237753,43.907526784576476
1664542957002,40.91346722972753,-73.13263405507234,20.33573473083248,43.907526784576476
1664542958002,40.91346722972753,-73.13263405507234,19.98868721155735,43.907526784576476
1664542959002,40.91346722972753,-73.13263405507234,28.908772149927753,43.907526784576476
1664542960002,40.91346722972753,-73.13263405507234,36.92218427930996,43.907526784576476
1664542961002,40.91346722972753,-73.13263405507234,43.806224922673614,43.907526784576476
1664542962002,40.91346722972753,-73.13263405507234,55.62501247877179,43.907526784576476
1664542963002,40.91346722972753,-73.13263405507234,60.03108113431101,43.907526784576476
1664542964002,40.91346722972753,-73.13263405507234,72.7826147642414,43.907526784576476
1664542965002,40.91346722972753,-73.13263405507234,87.09752366233752,43.907526784576476
1664542966002,40.91346722972753,-73.13263405507234,103.9492442283114,43.907526784576476
1664542967002,40.91346722972753,-73.13263405507234,120.54936365140384,43.907526784576476
1664542968002,40.91346722972753,-73.13263405507234,141.52634700577713,43.907526784576476
1664542969002,40.91346722972753,-73.13263405507234,164.80678984057982,43.907526784576476
1664542970002,40.91346722972753,-73.13263405507234,190.3594624713453,43.907526784576476
1664542983038,40.91342267630584,-73.13255206856505,14.908254223562345,41.309146881103516
1664542995010,40.91342267630584,-73.13255206856505,14.908254223562345,48.99134063720703
1664543000039,40.91342267630584,-73.13255206856505,14.908254223562345,49.0046272277832
1664543006840,40.91342267630584,-73.13255206856505,14.908254223562345,48.93631362915039
1664543014199,40.91342267630584,-73.13255206856505,14.908254223562345,49.02118682861328
1664543020804,40.91342267630584,-73.13255206856505,14.908254223562345,49.000980377197266
1664543028257,40.91342267630584,-73.13255206856505,14.908254223562345,49.02281188964844
1664543034849,40.91342267630584,-73.13255206856505,14.908254223562345,48.98683166503906
1664543036012,40.91344833767842,-73.13252032118686,11.44664959805631,46.064593091607094
1664543037012,40.91346312272576,-73.13251826185294,10.444214785263485,45.07769357133657
1664543038011,40.913469616058535,-73.13251880919238,12.822010069328122,44.7993600089103
1664543039005,40.91346675063687,-73.13252024296082,9.915783004456728,44.63589898683131
1664543040005,40.91346728823799,-73.132520064108,9.960201133920378,44.59956825617701
1664543041005,40.91346728823799,-73.132520064108,10.105801424917223,44.59956825617701
1664543042005,40.91346728823799,-73.132520064108,10.117771051277266,44.59956825617701
1664543043005,40.91346728823799,-73.132520064108,10.153132521167015,44.59956825617701
1664543044005,40.91346728823799,-73.132520064108,10.221141343413096,44.59956825617701
1664543045996,40.91346728823799,-73.132520064108,10.491626442511453,44.59956825617701
1664543046996,40.91346728823799,-73.132520064108,10.346221396114329,44.59956825617701
1664543047997,40.91346728823799,-73.132520064108,9.952345114143146,44.59956825617701
1664543048997,40.91346884360008,-73.13252348418744,8.920007348337306,44.25652454793453
1664543049997,40.91347049201192,-73.1325254033517,9.866145287413694,44.162485122680664
1664543050997,40.91347125183967,-73.132525581813,9.10908790647501,44.11277268175036
1664543051997,40.913469304809425,-73.13253343518367,9.155035212737321,44.23271764814854
1664543052997,40.913469304809425,-73.13253343518367,9.431111743407866,44.23271764814854
1664543053997,40.913469304809425,-73.13253343518367,9.468693544675824,44.23271764814854
1664543054998,40.913469304809425,-73.13253343518367,9.881852442434083,44.23271764814854
1664543055998,40.913469304809425,-73.13253343518367,9.818885654628787,44.23271764814854
1664543056998,40.913469304809425,-73.13253343518367,9.833316329614489,44.23271764814854
1664543057998,40.913469304809425,-73.13253343518367,9.927053992546803,44.23271764814854
1664543058998,40.91347297690555,-73.13254517849299,10.329796296974223,44.3059038547799
1664543059998,40.913470853598156,-73.13253713902289,8.818666523677077,43.9741974407807
1664543060998,40.913472362697306,-73.13253813582071,10.062844310933516,44.1599867772311
1664543061998,40.91347545146524,-73.13253873559034,12.39791209803924,44.20606155321002
1664543062998,40.91347866573936,-73.13253998291457,15.778625873773455,44.014617384411395
1664543063998,40.91347555843511,-73.13257683451259,17.54907756082402,44.14648432750255
1664543064998,40.91348786424839,-73.13256771889395,19.308874874305285,44.04441324155778
1664543065999,40.91349102178962,-73.1325737575164,20.0210257575809,44.01283081714064
1664543066999,40.91346535374976,-73.132582181159,13.90755809806381,44.05566193815321
1664543067999,40.913467747724134,-73.13258329850218,14.147860628693502,43.81647987943143
1664543068999,40.91347335698982,-73.13257741911079,14.379394576349744,44.09513886179775
1664543069999,40.9134790706909,-73.13257426543788,15.355360860230153,44.26607397478074
1664543070999,40.91348529742124,-73.13255764602519,16.94160359750863,44.01549459155649
1664543071999,40.91349469968839,-73.13255716025387,18.10260706953363,44.11304656974971
1664543072999,40.91349983835639,-73.13255972514634,20.570432233161988,44.145712364465
1664543073999,40.91350116327347,-73.13256603863202,24.0124938468712,44.087389543652534
1664543074999,40.9134767695122,-73.13260671745782,26.77504165500233,44.28187511488795
1664543075999,40.91347935955548,-73.1326032882197,17.857254869315142,44.13397917803377
1664543076999,40.91344133454017,-73.13253548891566,17.873709269609776,43.76921872422099
1664543077999,40.91344866941698,-73.13254351305117,17.983606756306298,43.982851941138506
1664543079000,40.91345183124353,-73.13254211983332,18.662662946176056,44.38776298984885
1664543080000,40.913457135582505,-73.13254155947948,20.05181999219714,44.048451364040375
1664543081000,40.91346173350816,-73.13254383133163,22.647668814328362,43.95497623458505
1664543082000,40.91346419395438,-73.1325450178885,25.42065835207993,44.22095323354006
1664543083000,40.91344531028085,-73.13254073748064,16.021653597403933,44.08318918943405
1664543084000,40.913440303247384,-73.13254253775139,16.204226141670947,44.014427796937525
1664543085000,40.913440303247384,-73.13254253775139,16.09259316896684,44.014427796937525
1664543086000,40.913440303247384,-73.13254253775139,15.955033251404505,44.014427796937525
1664543087000,40.913426582080774,-73.13254635865195,15.92197462891679,44.19718217756599
1664543088000,40.913426582080774,-73.13254635865195,15.895023591597218,44.19718217756599
1664543089000,40.91342007955507,-73.13255060993919,15.762621998886738,44.08370406739414
1664543090000,40.91342020407262,-73.13255053881294,15.633750226636737,44.07734581641853
1664543091000,40.91341321228261,-73.13255881907156,15.561230550042207,44.1899583414197
1664543092000,40.91341217508084,-73.13256142726682,15.739835749267076,44.22936392016709
1664543093000,40.91340655008718,-73.13256191850624,15.64411738850107,43.79116605035961
1664543094000,40.9134082627613,-73.13256059834359,16.12463016446523,44.093091188929975
1664543095000,40.913410491845674,-73.1325646815396,17.01965589982131,43.91341336071491
1664543096000,40.91340799874722,-73.13257301742483,18.385573479693893,43.77695990912616
1664543097000,40.913400464373524,-73.13256729534133,19.736222116163564,44.015331042930484
1664543098000,40.91339637705802,-73.13257955082125,20.3305170886305,43.9806580459699
1664543099000,40.9134204587296,-73.13253168718225,13.045233543169633,43.938337470404804
1664543100000,40.9134204587296,-73.13253168718225,10.416237155371471,43.938337470404804
1664543101001,40.913426029984656,-73.13252606890097,9.178926253059487,43.94544472359121
1664543102001,40.91343646446482,-73.13253192203965,8.560551506660524,44.20374904759228
1664543103001,40.9134259478168,-73.13253487071016,8.120705271863992,44.11305762082338
1664543104001,40.913423210275525,-73.13254704072365,8.980112299661142,44.23086989112198
1664543105001,40.91341446617884,-73.13254786490212,9.039530281348492,44.028460268862545
1664543106001,40.91340772041415,-73.13253653232577,9.435044859655633,44.041334574110806
1664543107001,40.91340772041415,-73.13253653232577,7.039017034381476,44.041334574110806
1664543108001,40.91343266933755,-73.13256342460396,6.285587279726522,44.298392463475466
1664543109001,40.91343510506115,-73.13256030583175,6.391676706301919,44.20437969826162
1664543110001,40.91343612659974,-73.13256113997208,7.369158751868091,44.320090488530695
1664543111001,40.91343690177987,-73.13255719326443,9.226505907990466,44.18968059401959
1664543112001,40.913437563096736,-73.13256128520584,11.712297754488542,44.17825019545853
1664543113001,40.91344340808456,-73.13255170664775,13.414536314684412,44.248117317445576
1664543114001,40.91343197994616,-73.1325594620234,14.76972846183922,44.27233008854091
1664543115001,40.91343226784996,-73.13255934303957,9.867489953379183,44.278062066063285
1664543116001,40.91343254852699,-73.13256414773646,10.603239692558898,44.18508989736438
1664543117001,40.91343524260619,-73.1325647962907,11.619033766102348,43.90861418005079
1664543118001,40.91342964484627,-73.13255452622406,13.086576687748167,43.810321419499815
1664543119001,40.91345935696996,-73.1325505314894,10.565661194836936,44.337781072594225
1664543120001,40.91346749905175,-73.13255246321437,12.409475302190028,44.30057582911104
1664543121001,40.913470339106716,-73.13254026563236,14.452217700693483,44.2092779641971
1664543122001,40.91347487976044,-73.13254109657366,16.086849698771857,44.170576468110085
1664543123001,40.91347830702101,-73.13254667845074,12.510143093908455,44.15380837302655
1664543124001,40.91346837662056,-73.13255024152221,12.732931435829471,44.00904178991914
1664543125001,40.91346980437656,-73.13255289342759,13.16575671583386,44.137482835911214
1664543126001,40.91346783563947,-73.13255048195919,12.938946285045123,44.050702708773315
1664543127001,40.913470811300094,-73.13254388168956,13.153163552571408,44.08381675928831
1664543128001,40.913471435278275,-73.13253931681865,13.620435199412269,43.87283519748598
1664543129001,40.91347284346185,-73.13254245801328,14.81368474854628,44.274679533205926
1664543130001,40.913476419675234,-73.13254026460615,16.793274975534494,44.17852459102869
1664543131002,40.913476419675234,-73.13254026460615,14.275748191937701,44.17852459102869
1664543132002,40.913476419675234,-73.13254026460615,14.138302038949169,44.17852459102869
1664543133002,40.913471251093874,-73.13254392078778,14.444755507900316,43.99140523560345
1664543134002,40.91347205246501,-73.13253633488932,14.946631728089931,44.06258340086788
1664543135002,40.91347196475781,-73.13256069631352,15.49650737394816,43.93922310695052
1664543136002,40.913466692757524,-73.1325764605365,15.718663036891956,43.92300335038453
1664543137002,40.913450477412006,-73.13262747082629,13.92342625048577,44.106725415214896
1664543138002,40.913444357818115,-73.13261732989378,15.660312678385763,43.978630538098514
1664543139002,40.91342017526052,-73.13263761614232,16.30212829013197,44.02254377026111
1664543140002,40.91342513800048,-73.13263697814551,19.640404020420547,43.78211640007794
1664543141002,40.91342524091298,-73.13263742123718,13.291136072053227,43.76637389417738
1664543142002,40.91341404247939,-73.13263894016501,13.174379064895032,43.84715445525944
1664543143002,40.91341353251732,-73.13263662599847,12.99143042484716,43.87152530346066
1664543144002,40.91341353251732,-73.13263662599847,10.351822975149059,43.87152530346066
1664543145002,40.91341353251732,-73.13263662599847,10.39744707568845,43.87152530346066
1664543146002,40.91341353251732,-73.13263662599847,10.470820086335793,43.87152530346066
1664543147002,40.91341353251732,-73.13263662599847,10.487712965063587,43.87152530346066
1664543148002,40.91343101256783,-73.13259833325115,10.936442930469426,43.99101788178086
1664543149002,40.91343317429132,-73.13259825671975,11.850340022523719,43.65931713487953
1664543150002,40.91343436735849,-73.13259895231988,11.394863404930247,43.71894909162074
1664543151002,40.91343436735849,-73.13259895231988,11.698134719356654,43.71894909162074
1664543152002,40.91343436735849,-73.13259895231988,11.587852357276635,43.71894909162074
1664543153002,40.91343436735849,-73.13259895231988,11.62508680508265,43.71894909162074
1664543154002,40.91343436735849,-73.13259895231988,11.668437686494778,43.71894909162074
1664543155002,40.91343436735849,-73.13259895231988,11.28797666542912,43.71894909162074
1664543156002,40.91343436735849,-73.13259895231988,9.4363319223375,43.71894909162074
1664543157002,40.91343436735849,-73.13259895231988,8.743745385457771,43.71894909162074
1664543158002,40.91343436735849,-73.13259895231988,8.726214926020269,43.71894909162074
1664543159002,40.91343436735849,-73.13259895231988,8.558370602368075,43.71894909162074
1664543160002,40.91343436735849,-73.13259895231988,8.501655136988633,43.71894909162074
1664543161002,40.91343436735849,-73.13259895231988,8.583615939247236,43.71894909162074
1664543162002,40.91343436735849,-73.13259895231988,8.701493090997205,43.71894909162074
1664543163002,40.91343436735849,-73.13259895231988,8.815321971128713,43.71894909162074
1664543164003,40.91343436735849,-73.13259895231988,8.960386333592158,43.71894909162074
1664543165003,40.91343436735849,-73.13259895231988,9.015142864455827,43.71894909162074
1664543166003,40.91343436735849,-73.13259895231988,9.005369097225467,43.71894909162074
1664543167003,40.91343436735849,-73.13259895231988,7.800064117844895,43.71894909162074
1664543168003,40.91343436735849,-73.13259895231988,7.90073726374423,43.71894909162074
1664543169003,40.91343436735849,-73.13259895231988,8.05160844884,43.71894909162074
1664543170003,40.91343436735849,-73.13259895231988,8.151222945860924,43.71894909162074
1664543171998,40.91343436735849,-73.13259895231988,8.220383075045813,43.71894909162074
1664543172998,40.91343436735849,-73.13259895231988,8.10857648592512,43.71894909162074
1664543173998,40.91343436735849,-73.13259895231988,8.077602270947114,43.71894909162074
1664543174998,40.91343436735849,-73.13259895231988,8.191813167169801,43.71894909162074
1664543175998,40.91343436735849,-73.13259895231988,8.240807430970703,43.71894909162074
1664543176998,40.91343436735849,-73.13259895231988,8.336382306454599,43.71894909162074
1664543177998,40.91343436735849,-73.13259895231988,8.507160570307416,43.71894909162074
1664543178998,40.91343436735849,-73.13259895231988,7.21772531636446,43.71894909162074
1664543179998,40.91343436735849,-73.13259895231988,7.303421619020697,43.71894909162074
1664543180998,40.91343436735849,-73.13259895231988,7.4070652090514315,43.71894909162074
1664543181998,40.91343436735849,-73.13259895231988,7.5390080515350855,43.71894909162074
1664543182998,40.91343436735849,-73.13259895231988,7.65484116913281,43.71894909162074
1664543183998,40.91343436735849,-73.13259895231988,7.697439147585926,43.71894909162074
1664543184998,40.913447353292455,-73.13261223490814,8.1664500456169,43.8590537449345
1664543185998,40.91344323379606,-73.13262163830079,8.727212255890215,43.912771918810904
1664543186998,40.91342471110064,-73.13264879428722,9.582938399937222,43.92643011268228
1664543187999,40.91343866714089,-73.13264421414003,10.983991598605776,43.80949876550585
1664543188999,40.91343313022022,-73.13266114661712,12.522280079504162,43.91188571974635
1664543189999,40.9134360142671,-73.13264995806513,13.333871142660323,43.915819683112204
1664543190999,40.913462426956805,-73.13258535940415,10.110740820476407,43.95784536283463
1664543191999,40.913464432593315,-73.13260335739342,11.911491066804595,44.03503575921059
1664543192999,40.91344732160367,-73.1325916158523,13.069373957256907,43.88241746276617
1664543193999,40.91345507576619,-73.13258761535027,15.161089093707563,43.930009024217725
1664543194999,40.913461281865,-73.13258755863771,17.06306326288263,43.955906476825476
1664543195999,40.91347105790428,-73.13259040191852,19.56644806209479,43.97749084793031
1664543196999,40.91345696680273,-73.1325897423017,13.685806710045009,43.99231919366866
1664543197999,40.91345933303124,-73.13258686377871,13.76106833189505,43.98146691452712
1664543198999,40.91345653169997,-73.13257940516647,13.784151341724431,43.89502085186541
1664543199999,40.913451101270766,-73.13257826109424,13.489430409456572,43.87398356478661
1664543200999,40.913448811052824,-73.13257609938049,13.65868147770501,43.97311604954302
1664543201999,40.9134493206367,-73.1325707726297,13.85599752580257,43.792834925465286
1664543202999,40.91345667162911,-73.1325711545284,13.703419856801135,43.9835817059502
1664543203999,40.91347014782564,-73.13255164048925,9.58408497820858,44.17056019324809
1664543205000,40.913470266675574,-73.13253583275853,10.099582134103295,43.97586939483881
1664543206000,40.91347205192458,-73.13253535974515,10.957622618105113,44.19961857236922
1664543207000,40.91347737604093,-73.13253174613527,12.444617030939877,44.08695040550083
1664543208000,40.91348043773264,-73.1325297946968,14.92429021779015,44.184079750441015
1664543209000,40.91348433477448,-73.13252838572117,17.710728777306066,44.02722449507564
1664543210000,40.913484366494764,-73.13252812090421,21.3103898331467,43.9385384703055
1664543211000,40.913483127004724,-73.132527314041,25.42546357858731,44.012702614068985
1664543212000,40.91348325688079,-73.13252395294528,30.0242401247478,44.22916288673878
1664543213000,40.913486226484004,-73.13252187748758,34.73741835086315,44.03586292359978
1664543214000,40.913487625384036,-73.13252045620438,40.33973390008858,44.16734404861927
1664543215023,40.913488057044525,-73.13252039264601,18.70486489789689,44.16751712560654
1664543216022,40.91346658891785,-73.13251986474218,13.178594596404768,44.11483899410814
1664543217022,40.91346977764806,-73.13251605056215,13.813864870537135,44.22882318217307
1664543218032,40.91347207343963,-73.13251433373777,13.577832508403405,44.23583625536412
1664543219025,40.91346991336868,-73.1325148162198,13.740534877984585,44.12900127004832
1664543232010,40.91348131431291,-73.1325105897305,19.77761055725984,44.11991786304861
1664543233013,40.913481856423985,-73.13251140938462,23.75671728924013,44.189823472872376
1664543234013,40.913482846922776,-73.13251237004278,27.94691271786371,44.09389778971672
1664543235012,40.91348324015673,-73.13251276050549,32.896710260214576,44.07492754422128
1664543237012,40.91348324015673,-73.13251276050549,17.595660547517777,44.07492754422128
1664543241011,40.91348324015673,-73.13251276050549,11.41359892575574,44.07492754422128
1664543242013,40.91347534230003,-73.13250657153932,11.468682337690064,44.2664231620729
1664543243014,40.91347594409018,-73.13250606780414,11.938675370460116,44.22504070401192
1664543244013,40.9134763266328,-73.1325057042696,11.82605691939731,44.2104337643832
1664543245015,40.9134763266328,-73.1325057042696,11.836567766006784,44.2104337643832
1664543247014,40.91347764345214,-73.13250509701706,12.957670177088797,44.12166415434331
1664543248013,40.91347949377377,-73.13250441164371,14.316971268693814,44.05266479495913
1664543249013,40.91348077873087,-73.13250418651145,16.433630698039064,44.14657175540924
1664543250013,40.91348282161377,-73.13250313944114,19.265440770060167,43.98739304672927
1664543251015,40.9134747141291,-73.13250537589451,13.680742678130436,44.10544577706605
1664543252015,40.91347721999678,-73.13251535739421,10.300495710032903,44.3041330287233
1664543253014,40.913479740939984,-73.13251286989745,11.280831616175872,44.07340404205024
1664543254013,40.91348308310932,-73.13251114690505,13.085676867549601,44.30466833617538
1664543255012,40.91348604856229,-73.13251016616486,15.628239290633555,44.16139045264572
1664543256014,40.913487832362264,-73.13250910790308,12.49546768715308,44.24519121367484
1664543257014,40.913483610089315,-73.13251142475197,12.974245795405974,44.22153346333653
1664543258014,40.91348403098203,-73.13251089064556,12.804106841275056,44.217152192257345
1664543259013,40.913484798225596,-73.13250876855382,13.081106152950433,44.19986961316317
1664543260015,40.91348681382805,-73.13250654328655,13.837521382983036,44.38524348009378
1664543261001,40.91348862349067,-73.13250559009283,15.168158816830461,44.22539544664323
1664543262002,40.913490712639685,-73.13250527433658,14.236975864448292,44.283581650815904
1664543263002,40.913490712639685,-73.13250527433658,13.683728589826723,44.283581650815904
1664543264002,40.91348059479391,-73.13251214134193,10.468817992289377,44.30522896256298
1664543265002,40.91348059479391,-73.13251214134193,11.387519620326986,44.30522896256298
1664543266002,40.913480223218215,-73.13251704044637,10.438524146265253,44.34759258851409
1664543267002,40.91348158476267,-73.13251411283535,11.099238375459214,44.12842814717442
1664543268002,40.91348262726661,-73.13251651398308,12.427079093825725,44.2986269807443
1664543269002,40.91348536993941,-73.13251511371149,14.569162350928682,44.15016617625952
1664543270002,40.91348536993941,-73.13251511371149,11.924809473505466,44.15016617625952
1664543271002,40.91348536993941,-73.13251511371149,11.867857788954632,44.15016617625952
1664543272002,40.91348536993941,-73.13251511371149,11.907826987564892,44.15016617625952
1664543273002,40.9134831632502,-73.1325152675549,12.11037058817217,44.05951528530568
1664543274002,40.91348389208645,-73.13251359537486,12.72634511394878,43.99405845813453
1664543275002,40.91347847952444,-73.13251571823803,9.828263529211554,44.31607842538506
1664543276002,40.91348157366295,-73.13251574794603,10.939685791001292,44.01393513567746
1664543277002,40.91348157366295,-73.13251574794603,9.17801441527048,44.01393513567746
1664543278002,40.913477143696824,-73.13250431006458,9.587725980119355,44.33578958455473
1664543279002,40.913476733546865,-73.13250338634516,9.472032851754193,44.26466363668442
1664543280002,40.91347650094534,-73.13250206716911,10.033153080341679,44.042392583563924
1664543281002,40.91347896601872,-73.13250028774846,11.133191375348124,44.41247652005404
1664543282002,40.91348199405081,-73.13250177655495,12.551058258831706,44.17515832837671
1664543283002,40.913487032571915,-73.1325046497471,15.040930056401308,44.689250437542796
1664543284002,40.91348460727729,-73.13249535151566,18.201786904787856,44.302357487380505
1664543285002,40.913481931240845,-73.13250077255948,12.937714402678933,44.37692195456475
1664543286002,40.913481931240845,-73.13250077255948,10.057462689986668,44.37692195456475
1664543287002,40.913481931240845,-73.13250077255948,8.088838028858417,44.37692195456475
1664543288002,40.913481931240845,-73.13250077255948,6.284969436109171,44.37692195456475
1664543289002,40.913481931240845,-73.13250077255948,5.854434026071098,44.37692195456475
1664543290002,40.913481931240845,-73.13250077255948,5.715079365232538,44.37692195456475
1664543291002,40.913481931240845,-73.13250077255948,5.631223123888986,44.37692195456475
1664543292002,40.913481931240845,-73.13250077255948,5.520268828757187,44.37692195456475
1664543293002,40.913481931240845,-73.13250077255948,5.477084162868951,44.37692195456475
1664543294002,40.913481931240845,-73.13250077255948,5.408028855636919,44.37692195456475
1664543295003,40.913481931240845,-73.13250077255948,5.437459309478788,44.37692195456475
1664543296003,40.913481931240845,-73.13250077255948,5.375776058871791,44.37692195456475
1664543297998,40.913481931240845,-73.13250077255948,5.331835510599072,44.37692195456475
1664543298998,40.913481931240845,-73.13250077255948,5.3154484752790925,44.37692195456475
1664543299998,40.913481931240845,-73.13250077255948,5.275049311966915,44.37692195456475
1664543300998,40.913481931240845,-73.13250077255948,5.311922808530811,44.37692195456475
1664543301998,40.913481931240845,-73.13250077255948,5.409506794835236,44.37692195456475
1664543302998,40.913481931240845,-73.13250077255948,5.419402132065997,44.37692195456475
1664543303998,40.913481931240845,-73.13250077255948,5.511035574036465,44.37692195456475
1664543304998,40.913481931240845,-73.13250077255948,5.578941065667699,44.37692195456475
1664543305998,40.913481931240845,-73.13250077255948,5.678990110183109,44.37692195456475
1664543306998,40.913481931240845,-73.13250077255948,5.799041305542264,44.37692195456475
1664543307998,40.913481931240845,-73.13250077255948,5.852402859387204,44.37692195456475
1664543308998,40.913481931240845,-73.13250077255948,5.935967373768011,44.37692195456475
1664543309999,40.913481931240845,-73.13250077255948,5.99969715873371,44.37692195456475
1664543311999,40.913481931240845,-73.13250077255948,5.744231056156704,44.37692195456475
1664543313999,40.913481931240845,-73.13250077255948,5.9099609376504585,44.37692195456475
1664543315999,40.913481931240845,-73.13250077255948,6.141231351267863,44.37692195456475
1664543316999,40.913481931240845,-73.13250077255948,6.274906033370729,44.37692195456475
1664543317999,40.913481931240845,-73.13250077255948,6.390561552524865,44.37692195456475
1664543318999,40.913481931240845,-73.13250077255948,6.5471463521720565,44.37692195456475
1664543319999,40.913481931240845,-73.13250077255948,6.684636084078486,44.37692195456475
1664543320999,40.913481931240845,-73.13250077255948,6.8241991318635415,44.37692195456475
1664543321999,40.913481931240845,-73.13250077255948,6.945478537365085,44.37692195456475
1664543322999,40.913481931240845,-73.13250077255948,7.240837105195736,44.37692195456475
1664543323999,40.913481931240845,-73.13250077255948,7.2796861075066595,44.37692195456475
1664543324999,40.913481931240845,-73.13250077255948,7.398518971386978,44.37692195456475
1664543325999,40.913481931240845,-73.13250077255948,7.524885907052488,44.37692195456475
1664543326999,40.913481931240845,-73.13250077255948,7.557009498613393,44.37692195456475
1664543328000,40.913481931240845,-73.13250077255948,7.664339242908815,44.37692195456475
1664543329000,40.913481931240845,-73.13250077255948,7.770485207960398,44.37692195456475
1664543330000,40.913481931240845,-73.13250077255948,7.841910910329258,44.37692195456475
1664543331000,40.913481931240845,-73.13250077255948,7.976403013824227,44.37692195456475
1664543332000,40.913481931240845,-73.13250077255948,8.0439455766016,44.37692195456475
1664543333000,40.913481931240845,-73.13250077255948,8.138208339961981,44.37692195456475
1664543334000,40.913481931240845,-73.13250077255948,8.21538890251966,44.37692195456475
1664543335000,40.913481931240845,-73.13250077255948,8.295491596206139,44.37692195456475
1664543336000,40.913481931240845,-73.13250077255948,8.373572374013902,44.37692195456475
1664543337000,40.913481931240845,-73.13250077255948,8.428630516741118,44.37692195456475
1664543338000,40.913481931240845,-73.13250077255948,8.545659815001413,44.37692195456475
1664543339000,40.913481931240845,-73.13250077255948,8.631972074614213,44.37692195456475
1664543340000,40.913481931240845,-73.13250077255948,8.895593636372732,44.37692195456475
1664543341000,40.913481931240845,-73.13250077255948,8.778062614973335,44.37692195456475
1664543342000,40.913481931240845,-73.13250077255948,8.7985504905756,44.37692195456475
1664543343000,40.913481931240845,-73.13250077255948,8.84338146014897,44.37692195456475
1664543344000,40.913481931240845,-73.13250077255948,7.414759383124877,44.37692195456475
1664543345000,40.913481931240845,-73.13250077255948,7.5097311726873155,44.37692195456475
1664543346000,40.9134383847,-73.13253402545708,7.550258877953708,44.658675039187074
1664543347000,40.91343866232524,-73.1325298355202,8.2061331266241,42.68738475907594
1664543348000,40.91344004156193,-73.13253387271358,9.332064477394232,44.297855861485004
1664543349000,40.91344060268382,-73.13253564733398,10.84490304614278,44.23549890052527
1664543350000,40.91343796439242,-73.13254085012977,13.162346771565414,44.420650395564735
1664543351000,40.91343354018097,-73.13253488217431,15.973528713375398,44.34979640878737
1664543352001,40.9134273711761,-73.13252122552166,17.837549911838185,44.3748810403049
1664543353001,40.91342926228578,-73.1325319110999,20.32694498502957,43.967512243427336
1664543354001,40.913432006433915,-73.13254014781928,23.160429426698748,44.18116372823715
1664543355001,40.91344271295757,-73.13256057095913,26.861206327841852,44.159950874745846
1664543356001,40.91344873619112,-73.13261009450709,29.56947634765114,43.74259381555021
1664543357001,40.91344440653431,-73.1326240652611,32.79263655335166,43.8764188522473
1664543358019,40.9134527834351,-73.13262444412698,37.846424961715385,43.78961711190641
1664543359018,40.91343903861111,-73.13262769693122,42.761565250190735,43.74957650247961
1664543360018,40.913438718124226,-73.13261385620983,48.42534535817018,43.82882923539728
1664543361017,40.91345824934851,-73.13261526338741,54.59298007409243,43.54643012303859
1664543362001,40.913466784510774,-73.13262837438685,33.23566781540847,43.736187713220716
1664543363001,40.913466784510774,-73.13262837438685,32.6156703226225,43.736187713220716
1664543364001,40.913466784510774,-73.13262837438685,29.676258671482802,43.736187713220716
1664543365001,40.913466784510774,-73.13262837438685,28.17503319880561,43.736187713220716
1664543366001,40.913466784510774,-73.13262837438685,27.013256559112545,43.736187713220716
1664543367001,40.913466784510774,-73.13262837438685,20.507910742746617,43.736187713220716
1664543368001,40.913466784510774,-73.13262837438685,12.348207909373446,43.736187713220716
1664543369001,40.913466784510774,-73.13262837438685,12.301175370426257,43.736187713220716
1664543370001,40.913466784510774,-73.13262837438685,12.352403242371027,43.736187713220716
1664543371001,40.913466784510774,-73.13262837438685,12.470039214495218,43.736187713220716
1664543372001,40.913466784510774,-73.13262837438685,12.629421488020911,43.736187713220716
1664543373001,40.913466784510774,-73.13262837438685,12.571676433293417,43.736187713220716
1664543374001,40.913466784510774,-73.13262837438685,12.625204380142307,43.736187713220716
1664543375001,40.913466784510774,-73.13262837438685,12.553271320068415,43.736187713220716
1664543376001,40.913466784510774,-73.13262837438685,12.558061537745642,43.736187713220716
1664543377001,40.913466784510774,-73.13262837438685,12.650691763973288,43.736187713220716
1664543378001,40.913466784510774,-73.13262837438685,12.72462775370157,43.736187713220716
1664543379001,40.913466784510774,-73.13262837438685,12.896554287109966,43.736187713220716
1664543380001,40.913466784510774,-73.13262837438685,11.309917206946583,43.736187713220716
1664543381001,40.913466784510774,-73.13262837438685,10.591058262213508,43.736187713220716
1664543382001,40.913466784510774,-73.13262837438685,10.138395416250962,43.736187713220716
1664543383002,40.913466784510774,-73.13262837438685,9.997833875395699,43.736187713220716
1664543384002,40.913466784510774,-73.13262837438685,9.853124744826053,43.736187713220716
1664543385002,40.913466784510774,-73.13262837438685,9.409893968120375,43.736187713220716
1664543386002,40.913466784510774,-73.13262837438685,9.05417694686005,43.736187713220716
1664543387002,40.913466784510774,-73.13262837438685,8.443993854302821,43.736187713220716
1664543388002,40.913466784510774,-73.13262837438685,8.237325456194398,43.736187713220716
1664543389002,40.913466784510774,-73.13262837438685,7.907070322169791,43.736187713220716
1664543390002,40.913466784510774,-73.13262837438685,7.779879975733313,43.736187713220716
1664543391002,40.913466784510774,-73.13262837438685,6.552793230624865,43.736187713220716
1664543392002,40.913466784510774,-73.13262837438685,6.60267533885919,43.736187713220716
1664543393002,40.913466784510774,-73.13262837438685,6.658420678826344,43.736187713220716
1664543394002,40.913466784510774,-73.13262837438685,6.711649728312297,43.736187713220716
1664543395002,40.913466784510774,-73.13262837438685,6.652340175548625,43.736187713220716
1664543396002,40.913466784510774,-73.13262837438685,6.635685724898935,43.736187713220716
1664543397002,40.913466784510774,-73.13262837438685,6.4285890044701395,43.736187713220716
1664543398002,40.913466784510774,-73.13262837438685,6.7434768798240246,43.736187713220716
1664543399002,40.913466784510774,-73.13262837438685,6.918961964802857,43.736187713220716
1664543400002,40.913466784510774,-73.13262837438685,6.940837836914772,43.736187713220716
1664543401002,40.913466784510774,-73.13262837438685,7.081446557025726,43.736187713220716
1664543402002,40.913466784510774,-73.13262837438685,7.045836670065697,43.736187713220716
1664543403002,40.913466784510774,-73.13262837438685,6.942258829870425,43.736187713220716
1664543404002,40.913466784510774,-73.13262837438685,7.059849235282213,43.736187713220716
1664543405002,40.913466784510774,-73.13262837438685,6.94775294672513,43.736187713220716
1664543406002,40.913466784510774,-73.13262837438685,6.949367143657772,43.736187713220716
1664543407002,40.913466784510774,-73.13262837438685,6.93403337307022,43.736187713220716
1664543408002,40.913466784510774,-73.13262837438685,6.843977206829972,43.736187713220716
1664543409002,40.913466784510774,-73.13262837438685,6.90612606017955,43.736187713220716
1664543410002,40.913466784510774,-73.13262837438685,7.00702628526937,43.736187713220716
1664543411002,40.913466784510774,-73.13262837438685,6.919065038131499,43.736187713220716
1664543412002,40.913466784510774,-73.13262837438685,6.690912547163341,43.736187713220716
1664543413002,40.913466784510774,-73.13262837438685,6.831725749172724,43.736187713220716
1664543414002,40.913466784510774,-73.13262837438685,6.62585544855913,43.736187713220716
1664543415002,40.913466784510774,-73.13262837438685,6.799615396909916,43.736187713220716
1664543416003,40.913466784510774,-73.13262837438685,6.857382412860795,43.736187713220716
1664543417003,40.913466784510774,-73.13262837438685,6.940721753069225,43.736187713220716
1664543418003,40.913466784510774,-73.13262837438685,7.366957565952888,43.736187713220716
1664543419003,40.913466784510774,-73.13262837438685,7.322940908978258,43.736187713220716
1664543420003,40.913466784510774,-73.13262837438685,7.424721307346629,43.736187713220716
1664543421003,40.913466784510774,-73.13262837438685,7.3647400575493975,43.736187713220716
1664543422003,40.913466784510774,-73.13262837438685,7.155860263529719,43.736187713220716
1664543423998,40.913466784510774,-73.13262837438685,6.338116459410646,43.736187713220716
1664543424998,40.913466784510774,-73.13262837438685,6.252751831587402,43.736187713220716
1664543425998,40.913466784510774,-73.13262837438685,5.859290433555936,43.736187713220716
1664543426998,40.913466784510774,-73.13262837438685,5.902120131878249,43.736187713220716
1664543427998,40.913466784510774,-73.13262837438685,5.956722919357503,43.736187713220716
1664543428998,40.91346929611969,-73.13260931403342,7.050618322633791,43.83906905632466
1664543429999,40.913468956216946,-73.13261008281985,8.875795911614777,43.61032803915441
1664543430999,40.91346914640393,-73.13261323253671,8.338116510843383,43.355188176967204
1664543431999,40.91346914640393,-73.13261323253671,9.358157577113982,43.355188176967204
1664543433999,40.91346914640393,-73.13261323253671,9.203845857747586,43.355188176967204
1664543436024,40.913568693251456,-73.13227549202101,109.3981292450031,44.07131579890847
1664543439999,40.9135397094191,-73.13234090263501,200.0,44.07133102416992
1664543440999,40.913440743499535,-73.13256424858527,203.43963324377702,47.559780155308545
1664543441999,40.913440743499535,-73.13256424858527,230.44554702430284,47.559780155308545
1664543442999,40.91344074349945,-73.13256424858525,230.44575274010376,47.55978012084961
1664543443999,40.913440743499535,-73.13256424858527,290.3441689698729,47.559780155308545
1664543444999,40.91344049204244,-73.1325643324043,322.9190779539263,45.19985583703965
1664543445999,40.91344045013293,-73.1325643324043,356.98453846609334,45.35573962703347
1664543447021,40.91363130606814,-73.13205152756828,394.66385044776575,44.254970584996045
1664543450020,40.91346514735107,-73.13260077723486,10.071093542492587,44.02715707011521
1664543452014,40.91346514735107,-73.13260077723486,10.438985935291164,44.02715707011521
1664543454014,40.91346514735107,-73.13260077723486,10.883919338087866,44.02715707011521
1664543455015,40.91346514735107,-73.13260077723486,10.853231731828657,44.02715707011521
1664543472014,40.91342267630584,-73.13255206856505,14.908254223562345,41.47087860107422
1664543476013,40.91346367545361,-73.13258026758395,11.694656801691227,44.112339451909065
1664543478014,40.91346367545361,-73.13258026758395,12.02426136197188,44.112339451909065
1664543480014,40.91346367545361,-73.13258026758395,12.436954087349129,44.112339451909065
1664543496011,40.91342267630584,-73.13255206856505,14.908254223562345,41.51311111450195
1664543506012,40.91347055540144,-73.13256764195445,12.872963893363,43.8976527294144
1664543507012,40.91347055540144,-73.13256764195445,13.039395487598197,43.8976527294144
1664543509012,40.91347055540144,-73.13256764195445,13.37643034320593,43.8976527294144
1664543510015,40.91347055540144,-73.13256764195445,13.539623085328135,43.8976527294144
1664543512013,40.91347055540144,-73.13256764195445,13.84145717432215,43.8976527294144
1664543513013,40.91347055540144,-73.13256764195445,13.983984420543793,43.8976527294144
1664543515013,40.91347055540144,-73.13256764195445,14.318065075567945,43.8976527294144
1664543516014,40.91347055540144,-73.13256764195445,14.441110752121611,43.8976527294144
1664543518013,40.91347055540144,-73.13256764195445,14.777197254708572,43.8976527294144
1664543531012,40.91347539843614,-73.1325570964712,12.141782513309497,44.179326778277755
1664543533012,40.91347539843614,-73.1325570964712,11.842913709733752,44.179326778277755
1664543534014,40.91347539843614,-73.1325570964712,11.995684174452235,44.179326778277755
1664543536013,40.91347539843614,-73.1325570964712,12.440262263276,44.179326778277755
1664543538013,40.91347539843614,-73.1325570964712,12.736526094409863,44.179326778277755
1664543539013,40.91347539843614,-73.1325570964712,12.910783519396489,44.179326778277755
1664543541013,40.91347539843614,-73.1325570964712,13.393946652482672,44.179326778277755
1664543543012,40.91347539843614,-73.1325570964712,13.71473086673241,44.179326778277755
1664543544014,40.91347539843614,-73.1325570964712,13.934295546627556,44.179326778277755
1664543546014,40.91347539843614,-73.1325570964712,11.087086886319694,44.179326778277755
1664543548013,40.91347539843614,-73.1325570964712,11.415550764392044,44.179326778277755
1664543550013,40.91347539843614,-73.1325570964712,11.846292379492027,44.179326778277755
1664543552011,40.91347539843614,-73.1325570964712,12.223840491723571,44.179326778277755
1664543567011,40.91342267630584,-73.13255206856505,14.908254223562345,41.64640808105469
1664543576013,40.91346646039129,-73.13253568666754,12.963037836254667,44.33574497513473
1664543577015,40.91346646039129,-73.13253568666754,13.096988718127918,44.33574497513473
1664543579013,40.91346646039129,-73.13253568666754,13.442910246787777,44.33574497513473
1664543580014,40.91346646039129,-73.13253568666754,12.78811889289618,44.33574497513473
1664543582004,40.91346646039129,-73.13253568666754,13.125590735512594,44.33574497513473
1664543583004,40.91346646039129,-73.13253568666754,13.326757754090945,44.33574497513473
1664543584004,40.91346646039129,-73.13253568666754,13.46760563439193,44.33574497513473
1664543585004,40.91346646039129,-73.13253568666754,13.652283035342814,44.33574497513473
1664543586004,40.91346646039129,-73.13253568666754,13.835792204256887,44.33574497513473
1664543587004,40.91346646039129,-73.13253568666754,13.981727029393413,44.33574497513473
1664543588998,40.91346646039129,-73.13253568666754,14.488103405647477,44.33574497513473
1664543589998,40.91346646039129,-73.13253568666754,14.680418968682588,44.33574497513473
1664543590998,40.91346646039129,-73.13253568666754,14.81179375216433,44.33574497513473
1664543591998,40.91346646039129,-73.13253568666754,14.928612933560334,44.33574497513473
1664543592998,40.91346646039129,-73.13253568666754,10.081629257749293,44.33574497513473
1664543593998,40.91346646039129,-73.13253568666754,10.262018263523215,44.33574497513473
1664543594998,40.91346646039129,-73.13253568666754,10.506520566190217,44.33574497513473
1664543595998,40.91346646039129,-73.13253568666754,10.5176466884773,44.33574497513473
1664543597999,40.91346634237353,-73.13253590533355,200.0,44.33574676513672
1664543598999,40.91346646039129,-73.13253568666754,282.6560668933049,44.33574497513473
1664543599999,40.91346646039129,-73.13253568666754,320.6757025041971,44.33574497513473
1664543600999,40.91346646039129,-73.13253568666754,11.698524145550342,44.33574497513473
1664543601999,40.91346646039129,-73.13253568666754,11.858991079280683,44.33574497513473
1664543602999,40.91346646039129,-73.13253568666754,12.075305378138228,44.33574497513473
1664543604999,40.91346646039129,-73.13253568666754,12.002975514688433,44.33574497513473
1664543606999,40.91346646039129,-73.13253568666754,12.330151677522533,44.33574497513473
1664543607999,40.91346646039129,-73.13253568666754,12.497658950108422,44.33574497513473
1664543608999,40.91346646039129,-73.13253568666754,12.653900855704537,44.33574497513473
1664543609999,40.91346646039129,-73.13253568666754,12.840677280373761,44.33574497513473
1664543610999,40.91346646039129,-73.13253568666754,13.03056159119616,44.33574497513473
1664543611999,40.91346646039129,-73.13253568666754,13.14745941689035,44.33574497513473
1664543612999,40.91346646039129,-73.13253568666754,13.311150706776449,44.33574497513473
1664543613999,40.91346646039129,-73.13253568666754,13.507866911694228,44.33574497513473
1664543614999,40.91346646039129,-73.13253568666754,13.600795688076035,44.33574497513473
1664543615999,40.91346646039129,-73.13253568666754,13.762916342915624,44.33574497513473
1664543617000,40.91346646039129,-73.13253568666754,13.918818910693888,44.33574497513473
1664543618000,40.91346646039129,-73.13253568666754,14.055313736382,44.33574497513473
1664543619000,40.91346646039129,-73.13253568666754,14.192056249701139,44.33574497513473
1664543620000,40.91346646039129,-73.13253568666754,14.355755032663682,44.33574497513473
1664543621000,40.91346646039129,-73.13253568666754,14.487418775145576,44.33574497513473
1664543622000,40.91346646039129,-73.13253568666754,14.808069434532852,44.33574497513473
1664543623000,40.91346646039129,-73.13253568666754,14.915533229075544,44.33574497513473
1664543624000,40.91346646039129,-73.13253568666754,15.040856056511572,44.33574497513473
1664543625000,40.91346646039129,-73.13253568666754,15.198493670791782,44.33574497513473
1664543626000,40.91346646039129,-73.13253568666754,15.320587448570137,44.33574497513473
1664543627000,40.91346646039129,-73.13253568666754,15.505250619931111,44.33574497513473
1664543628000,40.91346646039129,-73.13253568666754,15.601365840243087,44.33574497513473
1664543629000,40.91346646039129,-73.13253568666754,15.690974409952796,44.33574497513473
1664543630000,40.91346646039129,-73.13253568666754,15.823964250984634,44.33574497513473
1664543631000,40.91346646039129,-73.13253568666754,15.958553877112573,44.33574497513473
1664543632000,40.91346646039129,-73.13253568666754,15.976549029214121,44.33574497513473
1664543633000,40.91346646039129,-73.13253568666754,16.110893471372922,44.33574497513473
1664543634000,40.91346646039129,-73.13253568666754,16.108010267408233,44.33574497513473
1664543635000,40.91346646039129,-73.13253568666754,16.25289556589378,44.33574497513473
1664543636000,40.91346646039129,-73.13253568666754,16.0149935495632,44.33574497513473
1664543637000,40.91346646039129,-73.13253568666754,11.768518183415,44.33574497513473
1664543638000,40.91346646039129,-73.13253568666754,11.986688158962613,44.33574497513473
1664543639000,40.91346646039129,-73.13253568666754,12.160799511785862,44.33574497513473
1664543640000,40.91346646039129,-73.13253568666754,12.532982649751867,44.33574497513473
1664543641000,40.91346646039129,-73.13253568666754,12.735430035622752,44.33574497513473
1664543642001,40.91346646039129,-73.13253568666754,12.84683764296159,44.33574497513473
1664543643001,40.91346646039129,-73.13253568666754,13.020920430691646,44.33574497513473
1664543644001,40.91346646039129,-73.13253568666754,13.190400141720863,44.33574497513473
1664543645001,40.91346646039129,-73.13253568666754,13.309691886580469,44.33574497513473
1664543646001,40.91346646039129,-73.13253568666754,13.504688865637327,44.33574497513473
1664543647001,40.91346646039129,-73.13253568666754,13.667960068010132,44.33574497513473
1664543648001,40.91346646039129,-73.13253568666754,13.796072858074695,44.33574497513473
1664543649001,40.91346646039129,-73.13253568666754,13.976443896215795,44.33574497513473
1664543650001,40.91346646039129,-73.13253568666754,14.12248949643663,44.33574497513473
1664543651001,40.91346646039129,-73.13253568666754,14.30016436745515,44.33574497513473
1664543652001,40.91346646039129,-73.13253568666754,14.644120384656514,44.33574497513473
1664543653001,40.91346646039129,-73.13253568666754,14.452811373523767,44.33574497513473
1664543654001,40.91346646039129,-73.13253568666754,14.682316385074314,44.33574497513473
1664543655001,40.91346646039129,-73.13253568666754,14.671329400426032,44.33574497513473
1664543656001,40.91346646039129,-73.13253568666754,14.774578537687814,44.33574497513473
1664543657001,40.91346646039129,-73.13253568666754,14.917659658828839,44.33574497513473
1664543658001,40.91346646039129,-73.13253568666754,14.998867528771758,44.33574497513473
1664543659001,40.91346646039129,-73.13253568666754,15.176349660319682,44.33574497513473
1664543660001,40.91346646039129,-73.13253568666754,15.18293125340402,44.33574497513473
1664543661001,40.91346646039129,-73.13253568666754,15.322596743385608,44.33574497513473
1664543662001,40.91346646039129,-73.13253568666754,15.454582685245338,44.33574497513473
1664543663001,40.91346646039129,-73.13253568666754,15.609563501141036,44.33574497513473
1664543664001,40.91346646039129,-73.13253568666754,15.734190672102711,44.33574497513473
1664543665001,40.91346646039129,-73.13253568666754,15.738346959169753,44.33574497513473
1664543666001,40.91346646039129,-73.13253568666754,15.834922563944945,44.33574497513473
1664543667001,40.91346646039129,-73.13253568666754,15.9489632954207,44.33574497513473
1664543668001,40.91346646039129,-73.13253568666754,15.70553742535616,44.33574497513473
1664543669001,40.91346646039129,-73.13253568666754,15.498754769939572,44.33574497513473
1664543670001,40.91346646039129,-73.13253568666754,15.413559231984294,44.33574497513473
1664543671001,40.91346646039129,-73.13253568666754,15.313554598766007,44.33574497513473
1664543672001,40.91346646039129,-73.13253568666754,15.427707174076325,44.33574497513473
1664543673001,40.91346646039129,-73.13253568666754,15.524579767815585,44.33574497513473
1664543674002,40.91346646039129,-73.13253568666754,15.834395658173333,44.33574497513473
1664543675002,40.91346646039129,-73.13253568666754,15.776287496806296,44.33574497513473
1664543676002,40.91346646039129,-73.13253568666754,15.919476496933745,44.33574497513473
1664543677002,40.91346646039129,-73.13253568666754,16.063556439166103,44.33574497513473
1664543678002,40.91346646039129,-73.13253568666754,16.37267379464371,44.33574497513473
1664543679002,40.91346646039129,-73.13253568666754,16.477708618496774,44.33574497513473
1664543680002,40.91346646039129,-73.13253568666754,16.450230854283912,44.33574497513473
1664543681002,40.91346646039129,-73.13253568666754,16.57069467179417,44.33574497513473
1664543682002,40.91346646039129,-73.13253568666754,16.693525376595993,44.33574497513473
1664543683002,40.91346646039129,-73.13253568666754,16.717559000523366,44.33574497513473
1664543684002,40.91346646039129,-73.13253568666754,16.796491214938687,44.33574497513473
1664543685002,40.91346646039129,-73.13253568666754,16.855786230778957,44.33574497513473
1664543686002,40.91346646039129,-73.13253568666754,16.912337232174565,44.33574497513473
1664543687002,40.91346646039129,-73.13253568666754,17.064072815262172,44.33574497513473
1664543688002,40.91346646039129,-73.13253568666754,17.129700099478136,44.33574497513473
1664543689002,40.91346646039129,-73.13253568666754,17.244384898109573,44.33574497513473
1664543690002,40.91346646039129,-73.13253568666754,17.303609776552825,44.33574497513473
1664543691002,40.91346646039129,-73.13253568666754,17.43512904301188,44.33574497513473
1664543692002,40.91346646039129,-73.13253568666754,17.569167383746674,44.33574497513473
1664543693002,40.91346646039129,-73.13253568666754,17.67812559011632,44.33574497513473
1664543694002,40.91346646039129,-73.13253568666754,17.743032613753993,44.33574497513473
1664543695002,40.91346646039129,-73.13253568666754,17.782732768540427,44.33574497513473
1664543696002,40.91346646039129,-73.13253568666754,17.844054396858894,44.33574497513473
1664543697002,40.91346646039129,-73.13253568666754,17.946111611375102,44.33574497513473
1664543698002,40.91346646039129,-73.13253568666754,17.892385951874846,44.33574497513473
1664543699002,40.91346646039129,-73.13253568666754,18.12610345534811,44.33574497513473
1664543700002,40.91346646039129,-73.13253568666754,17.448932888170923,44.33574497513473
1664543701002,40.91346646039129,-73.13253568666754,12.788673423892673,44.33574497513473
1664543702002,40.91346646039129,-73.13253568666754,12.940264295748158,44.33574497513473
1664543703002,40.91346646039129,-73.13253568666754,13.101024220757653,44.33574497513473
1664543704002,40.91346646039129,-73.13253568666754,13.188063450761964,44.33574497513473
1664543705002,40.91346646039129,-73.13253568666754,13.36138850893653,44.33574497513473
1664543706002,40.91346646039129,-73.13253568666754,13.503611695750676,44.33574497513473
1664543707003,40.91346646039129,-73.13253568666754,13.627445598145751,44.33574497513473
1664543708003,40.91346646039129,-73.13253568666754,13.768710590796243,44.33574497513473
1664543709003,40.91346646039129,-73.13253568666754,13.90687402995226,44.33574497513473
1664543710003,40.91346646039129,-73.13253568666754,14.061061721237042,44.33574497513473
1664543711003,40.91346646039129,-73.13253568666754,14.17930537200625,44.33574497513473
1664543712003,40.91346646039129,-73.13253568666754,14.224256018069436,44.33574497513473
1664543713003,40.91346646039129,-73.13253568666754,14.223766796051093,44.33574497513473
1664543714999,40.91346646039129,-73.13253568666754,14.366308687539272,44.33574497513473
1664543715999,40.91346646039129,-73.13253568666754,14.290392241615042,44.33574497513473
1664543716999,40.91346646039129,-73.13253568666754,14.305272300612826,44.33574497513473
1664543717999,40.91346646039129,-73.13253568666754,14.434929206194132,44.33574497513473
1664543718999,40.91346646039129,-73.13253568666754,14.601070313275965,44.33574497513473
1664543719999,40.91346646039129,-73.13253568666754,14.798107437451694,44.33574497513473
1664543720999,40.91346646039129,-73.13253568666754,13.795018266820685,44.33574497513473
1664543722999,40.91346646039129,-73.13253568666754,13.879584072375845,44.33574497513473
1664543724999,40.91346646039129,-73.13253568666754,14.023792135145497,44.33574497513473
1664543726999,40.91346646039129,-73.13253568666754,14.293992294977365,44.33574497513473
1664543728999,40.91346646039129,-73.13253568666754,14.587693843857176,44.33574497513473
1664543730999,40.91346646039129,-73.13253568666754,14.839932005637166,44.33574497513473
1664543732999,40.91346646039129,-73.13253568666754,11.30495426225736,44.33574497513473
1664543733999,40.91346646039129,-73.13253568666754,11.48385316548547,44.33574497513473
1664543734999,40.91346646039129,-73.13253568666754,11.66898583860882,44.33574497513473
1664543735999,40.91346646039129,-73.13253568666754,11.87353813289217,44.33574497513473
1664543736999,40.91346646039129,-73.13253568666754,11.998355053599884,44.33574497513473
1664543737999,40.91346646039129,-73.13253568666754,12.158779102496974,44.33574497513473
1664543738999,40.91346646039129,-73.13253568666754,12.298856857291236,44.33574497513473
1664543739999,40.91346646039129,-73.13253568666754,12.482498520037037,44.33574497513473
1664543741000,40.91346646039129,-73.13253568666754,12.781274057542973,44.33574497513473
1664543742000,40.91346646039129,-73.13253568666754,12.652140760516694,44.33574497513473
1664543743000,40.91346646039129,-73.13253568666754,12.988183043861284,44.33574497513473
1664543744000,40.91346646039129,-73.13253568666754,13.10595599824604,44.33574497513473
1664543745000,40.91346646039129,-73.13253568666754,13.245542048132315,44.33574497513473
1664543746000,40.91346646039129,-73.13253568666754,13.41633108996547,44.33574497513473
1664543747000,40.91346646039129,-73.13253568666754,13.40987205195683,44.33574497513473
1664543748000,40.91346646039129,-73.13253568666754,13.524217069110396,44.33574497513473
1664543749000,40.91346646039129,-73.13253568666754,13.628541696991375,44.33574497513473
1664543750000,40.91346646039129,-73.13253568666754,13.742810619791378,44.33574497513473
1664543751000,40.91346646039129,-73.13253568666754,13.921220599210974,44.33574497513473
1664543752000,40.91346646039129,-73.13253568666754,14.047362640572782,44.33574497513473
1664543753000,40.91346646039129,-73.13253568666754,14.14026214285531,44.33574497513473
1664543754000,40.91346646039129,-73.13253568666754,14.20139957344011,44.33574497513473
1664543755000,40.91346646039129,-73.13253568666754,14.31837882803894,44.33574497513473
1664543756000,40.91346646039129,-73.13253568666754,14.427300566613871,44.33574497513473
1664543757000,40.91346646039129,-73.13253568666754,14.651779090738172,44.33574497513473
1664543758000,40.91346646039129,-73.13253568666754,14.772461284070538,44.33574497513473
1664543759000,40.91346646039129,-73.13253568666754,14.799043392882732,44.33574497513473
1664543760000,40.91346646039129,-73.13253568666754,14.947024380342457,44.33574497513473
1664543761000,40.91346646039129,-73.13253568666754,14.993313785410612,44.33574497513473
1664543762000,40.91346646039129,-73.13253568666754,15.079551289569395,44.33574497513473
1664543763000,40.91346646039129,-73.13253568666754,15.202402396721947,44.33574497513473
1664543764000,40.91346646039129,-73.13253568666754,14.84914603895694,44.33574497513473
1664543765000,40.91346646039129,-73.13253568666754,9.084110793775325,44.33574497513473
1664543766000,40.91346646039129,-73.13253568666754,9.194893235948294,44.33574497513473
1664543767001,40.91346646039129,-73.13253568666754,9.365247850553637,44.33574497513473
1664543768001,40.91346646039129,-73.13253568666754,9.496364139615194,44.33574497513473
1664543769001,40.91346646039129,-73.13253568666754,9.691094246527177,44.33574497513473
1664543770001,40.91346646039129,-73.13253568666754,9.906106878598186,44.33574497513473
1664543771001,40.91346646039129,-73.13253568666754,10.39007592036039,44.33574497513473
1664543772001,40.91346646039129,-73.13253568666754,10.537841486690107,44.33574497513473
1664543773001,40.91346646039129,-73.13253568666754,10.704794272367872,44.33574497513473
1664543774001,40.91346646039129,-73.13253568666754,10.843079091627224,44.33574497513473
1664543775001,40.91346646039129,-73.13253568666754,11.051626223901074,44.33574497513473
1664543776001,40.91346646039129,-73.13253568666754,11.176530432588635,44.33574497513473
1664543777001,40.91346646039129,-73.13253568666754,11.350226270900801,44.33574497513473
1664543778001,40.91346646039129,-73.13253568666754,11.398240567147885,44.33574497513473
1664543779001,40.91346646039129,-73.13253568666754,11.60910354191183,44.33574497513473
1664543780001,40.91346646039129,-73.13253568666754,11.733299862430169,44.33574497513473
1664543781001,40.91346646039129,-73.13253568666754,11.895780464838172,44.33574497513473
1664543782001,40.91346646039129,-73.13253568666754,12.019079993240625,44.33574497513473
1664543783001,40.91346646039129,-73.13253568666754,12.126582540589318,44.33574497513473
1664543784001,40.91346646039129,-73.13253568666754,12.240570810685256,44.33574497513473
1664543785001,40.91346646039129,-73.13253568666754,12.355719354771058,44.33574497513473
1664543786001,40.91346646039129,-73.13253568666754,12.453198810712967,44.33574497513473
1664543787001,40.91346646039129,-73.13253568666754,12.563115538156916,44.33574497513473
1664543788001,40.91346646039129,-73.13253568666754,12.670935036310484,44.33574497513473
1664543789001,40.91346646039129,-73.13253568666754,12.797877659060708,44.33574497513473
1664543790001,40.91346646039129,-73.13253568666754,13.179411687091793,44.33574497513473
1664543791001,40.91346646039129,-73.13253568666754,13.2594000127547,44.33574497513473
1664543792001,40.91346646039129,-73.13253568666754,13.334146082540581,44.33574497513473
1664543793001,40.91346646039129,-73.13253568666754,13.48137001946995,44.33574497513473
1664543794001,40.91346646039129,-73.13253568666754,13.591345250365444,44.33574497513473
1664543795001,40.91346646039129,-73.13253568666754,13.715358760298491,44.33574497513473
1664543796001,40.91346646039129,-73.13253568666754,13.44315171654067,44.33574497513473
1664543797001,40.91346646039129,-73.13253568666754,13.560216069379626,44.33574497513473
1664543798001,40.91346646039129,-73.13253568666754,13.642872038798096,44.33574497513473
1664543799002,40.91346646039129,-73.13253568666754,13.717355348404686,44.33574497513473
1664543800002,40.91346646039129,-73.13253568666754,13.869880895047382,44.33574497513473
1664543801002,40.91346646039129,-73.13253568666754,13.992883564679982,44.33574497513473
1664543802002,40.91346646039129,-73.13253568666754,14.046057566376211,44.33574497513473
1664543803002,40.91346646039129,-73.13253568666754,14.154535884649782,44.33574497513473
1664543804002,40.91346646039129,-73.13253568666754,14.31094096302493,44.33574497513473
1664543805002,40.91346646039129,-73.13253568666754,14.374250194024736,44.33574497513473
1664543806002,40.91346646039129,-73.13253568666754,14.46769953059083,44.33574497513473
1664543807002,40.91346646039129,-73.13253568666754,14.547896017534997,44.33574497513473
1664543808002,40.91346646039129,-73.13253568666754,14.70223771085957,44.33574497513473
1664543809002,40.91346646039129,-73.13253568666754,14.787756383957394,44.33574497513473
1664543810002,40.91346646039129,-73.13253568666754,14.870568000982871,44.33574497513473
1664543811002,40.91346646039129,-73.13253568666754,15.199178718117986,44.33574497513473
1664543812002,40.91346646039129,-73.13253568666754,15.22498108155222,44.33574497513473
1664543813002,40.91346646039129,-73.13253568666754,15.345101510174462,44.33574497513473
1664543814002,40.91346646039129,-73.13253568666754,15.417176667948796,44.33574497513473
1664543815002,40.91346646039129,-73.13253568666754,15.453785584152715,44.33574497513473
1664543816002,40.91346646039129,-73.13253568666754,15.544068505739281,44.33574497513473
1664543817002,40.91346646039129,-73.13253568666754,15.64990858601875,44.33574497513473
1664543818002,40.91346646039129,-73.13253568666754,15.774861763239041,44.33574497513473
1664543819002,40.91346646039129,-73.13253568666754,15.81832694155806,44.33574497513473
1664543820002,40.91346646039129,-73.13253568666754,15.953477494320607,44.33574497513473
1664543821002,40.91346646039129,-73.13253568666754,16.05917199387589,44.33574497513473
1664543822002,40.91346646039129,-73.13253568666754,16.110397436371617,44.33574497513473
1664543823002,40.91346646039129,-73.13253568666754,16.227347098781344,44.33574497513473
1664543824002,40.91346646039129,-73.13253568666754,16.307670571499344,44.33574497513473
1664543825002,40.91346646039129,-73.13253568666754,16.40041540548291,44.33574497513473
1664543826002,40.91346646039129,-73.13253568666754,16.661643409078607,44.33574497513473
1664543827002,40.91346646039129,-73.13253568666754,16.722240274973654,44.33574497513473
1664543828002,40.91346646039129,-73.13253568666754,16.373727807204855,44.33574497513473
1664543829002,40.91346646039129,-73.13253568666754,16.437759215061057,44.33574497513473
1664543830002,40.91346646039129,-73.13253568666754,16.538765896536926,44.33574497513473
1664543831002,40.91346646039129,-73.13253568666754,16.60941276689634,44.33574497513473
1664543832003,40.91346646039129,-73.13253568666754,16.656531510692425,44.33574497513473
1664543833003,40.91346646039129,-73.13253568666754,16.781134136925953,44.33574497513473
1664543834003,40.91346646039129,-73.13253568666754,16.085429176245885,44.33574497513473
1664543835003,40.91346646039129,-73.13253568666754,16.193032030756616,44.33574497513473
1664543836003,40.91346646039129,-73.13253568666754,16.26942227328075,44.33574497513473
1664543837003,40.91346646039129,-73.13253568666754,16.352990516206646,44.33574497513473
1664543838003,40.91346646039129,-73.13253568666754,16.41618157727216,44.33574497513473
1664543839003,40.91346646039129,-73.13253568666754,16.55138787657114,44.33574497513473
1664543840999,40.91346646039129,-73.13253568666754,16.71751219738911,44.33574497513473
1664543841999,40.91346646039129,-73.13253568666754,16.797801205289574,44.33574497513473
1664543842999,40.91346646039129,-73.13253568666754,16.883600416722267,44.33574497513473
1664543843999,40.91346646039129,-73.13253568666754,16.968827793925808,44.33574497513473
1664543844999,40.91346646039129,-73.13253568666754,17.194723089675175,44.33574497513473
1664543845999,40.91346646039129,-73.13253568666754,17.11740954046909,44.33574497513473
1664543846999,40.91346646039129,-73.13253568666754,17.328112141660814,44.33574497513473
1664543848999,40.91346646039129,-73.13253568666754,17.48043967987361,44.33574497513473
1664543850999,40.91346646039129,-73.13253568666754,17.62496986101263,44.33574497513473
1664543852999,40.91346646039129,-73.13253568666754,14.756832485448733,44.33574497513473
1664543854999,40.91346646039129,-73.13253568666754,14.952155483881107,44.33574497513473
1664543856999,40.91346646039129,-73.13253568666754,15.120506991141866,44.33574497513473
1664543858999,40.91346646039129,-73.13253568666754,15.253097220463621,44.33574497513473
1664543859999,40.91346646039129,-73.13253568666754,15.090466148613512,44.33574497513473
1664543860999,40.91346646039129,-73.13253568666754,11.275530753383197,44.33574497513473
1664543861999,40.91346646039129,-73.13253568666754,11.4224023775436,44.33574497513473
1664543862999,40.91346646039129,-73.13253568666754,11.562260593980154,44.33574497513473
1664543863999,40.91346646039129,-73.13253568666754,11.910127321409997,44.33574497513473
1664543864999,40.91346646039129,-73.13253568666754,11.857305170238083,44.33574497513473
1664543866000,40.91346646039129,-73.13253568666754,12.202624057417745,44.33574497513473
1664543867000,40.91346646039129,-73.13253568666754,12.357819937157652,44.33574497513473
1664543868000,40.91346646039129,-73.13253568666754,12.397764317576243,44.33574497513473
1664543869000,40.91346646039129,-73.13253568666754,12.598244055732925,44.33574497513473
1664543870000,40.91346646039129,-73.13253568666754,12.76304847219505,44.33574497513473
1664543871000,40.91346646039129,-73.13253568666754,12.87406928751981,44.33574497513473
1664543872000,40.91346646039129,-73.13253568666754,12.956208039553848,44.33574497513473
1664543873000,40.91346646039129,-73.13253568666754,13.111556638102389,44.33574497513473
1664543874000,40.91346646039129,-73.13253568666754,13.218582866224063,44.33574497513473
1664543875000,40.91346646039129,-73.13253568666754,13.348259016318519,44.33574497513473
1664543876000,40.91346646039129,-73.13253568666754,13.49757766059474,44.33574497513473
1664543877000,40.91346646039129,-73.13253568666754,13.584928827250575,44.33574497513473
1664543878000,40.91346646039129,-73.13253568666754,13.771531212049366,44.33574497513473
1664543879000,40.91346646039129,-73.13253568666754,13.852187169374133,44.33574497513473
1664543880000,40.91346646039129,-73.13253568666754,13.963817582661314,44.33574497513473
1664543881000,40.91346646039129,-73.13253568666754,14.074890419242903,44.33574497513473
1664543882000,40.91346646039129,-73.13253568666754,14.19109893675817,44.33574497513473
1664543883000,40.91346646039129,-73.13253568666754,14.29361919881213,44.33574497513473
1664543884000,40.91346646039129,-73.13253568666754,14.628908020625875,44.33574497513473
1664543885000,40.91346646039129,-73.13253568666754,14.702449359726113,44.33574497513473
1664543886000,40.91346646039129,-73.13253568666754,14.838178418691808,44.33574497513473
1664543887000,40.91346646039129,-73.13253568666754,14.883909180821034,44.33574497513473
1664543888000,40.91346646039129,-73.13253568666754,14.972447130740877,44.33574497513473
1664543889000,40.91346646039129,-73.13253568666754,15.100829172849402,44.33574497513473
1664543890000,40.91346646039129,-73.13253568666754,15.184113808857097,44.33574497513473
1664543891000,40.91346646039129,-73.13253568666754,15.282541110771914,44.33574497513473
1664543892000,40.91346646039129,-73.13253568666754,14.286429199153671,44.33574497513473
1664543893001,40.91346646039129,-73.13253568666754,10.992438092740862,44.33574497513473
1664543894001,40.91346646039129,-73.13253568666754,11.153632881744208,44.33574497513473
1664543895001,40.91346646039129,-73.13253568666754,11.320879009990303,44.33574497513473
1664543896001,40.91346646039129,-73.13253568666754,10.897680045403844,44.33574497513473
1664543897001,40.91346646039129,-73.13253568666754,11.067575030214243,44.33574497513473
1664543898001,40.91346646039129,-73.13253568666754,10.987050700891338,44.33574497513473
1664543899001,40.91346646039129,-73.13253568666754,11.07652892740769,44.33574497513473
1664543900001,40.91346646039129,-73.13253568666754,11.273659745028622,44.33574497513473
1664543901001,40.91346646039129,-73.13253568666754,11.440461165730856,44.33574497513473
1664543902001,40.91346646039129,-73.13253568666754,11.591906683043057,44.33574497513473
1664543903001,40.91346646039129,-73.13253568666754,11.707344037867406,44.33574497513473
1664543904001,40.91346646039129,-73.13253568666754,12.067836556412791,44.33574497513473
1664543905001,40.91346646039129,-73.13253568666754,11.405074096240698,44.33574497513473
1664543906001,40.91346646039129,-73.13253568666754,11.53311362939661,44.33574497513473
1664543907001,40.91346646039129,-73.13253568666754,11.659626095694236,44.33574497513473
1664543908001,40.91346646039129,-73.13253568666754,11.817235480810766,44.33574497513473
1664543909001,40.91346646039129,-73.13253568666754,11.98469129919564,44.33574497513473
1664543910001,40.91346646039129,-73.13253568666754,12.100804209775319,44.33574497513473
1664543911001,40.91346646039129,-73.13253568666754,12.26453111210383,44.33574497513473
1664543912001,40.91346646039129,-73.13253568666754,12.385325033855437,44.33574497513473
1664543913001,40.91346646039129,-73.13253568666754,12.55871113776171,44.33574497513473
1664543914001,40.91346646039129,-73.13253568666754,12.696601055090722,44.33574497513473
1664543915001,40.91346646039129,-73.13253568666754,12.589225720215156,44.33574497513473
1664543916001,40.91346646039129,-73.13253568666754,12.705557036518984,44.33574497513473
1664543917001,40.91346646039129,-73.13253568666754,12.593671372652548,44.33574497513473
1664543918001,40.91346646039129,-73.13253568666754,12.79780913627148,44.33574497513473
1664543919001,40.91346646039129,-73.13253568666754,12.901696805962864,44.33574497513473
1664543920001,40.91346646039129,-73.13253568666754,13.058467302299357,44.33574497513473
1664543921001,40.91346646039129,-73.13253568666754,13.159284039470766,44.33574497513473
1664543922001,40.91346646039129,-73.13253568666754,13.340669521377324,44.33574497513473
1664543923001,40.91346646039129,-73.13253568666754,13.687343882798254,44.33574497513473
1664543924001,40.91346646039129,-73.13253568666754,13.51044501919559,44.33574497513473
1664543925002,40.91346646039129,-73.13253568666754,8.882002760430693,44.33574497513473
1664543926002,40.91346646039129,-73.13253568666754,9.135017049233848,44.33574497513473
1664543927002,40.91346646039129,-73.13253568666754,9.374238450817586,44.33574497513473
1664543928002,40.91346646039129,-73.13253568666754,9.618198944777863,44.33574497513473
1664543929002,40.91346646039129,-73.13253568666754,9.694559616820886,44.33574497513473
1664543930002,40.91346646039129,-73.13253568666754,9.899135867889933,44.33574497513473
1664543931002,40.91346646039129,-73.13253568666754,10.095525490676346,44.33574497513473
1664543932002,40.91346646039129,-73.13253568666754,10.235682041862583,44.33574497513473
1664543933002,40.91346646039129,-73.13253568666754,10.453647287626465,44.33574497513473
1664543934002,40.91346646039129,-73.13253568666754,10.668201994887239,44.33574497513473
1664543935002,40.91346646039129,-73.13253568666754,10.877140948731038,44.33574497513473
1664543936002,40.91346646039129,-73.13253568666754,10.972387234136823,44.33574497513473
1664543937002,40.91346646039129,-73.13253568666754,11.189158431060624,44.33574497513473
1664543938002,40.91346646039129,-73.13253568666754,11.145350597778926,44.33574497513473
1664543939002,40.91346646039129,-73.13253568666754,11.101230025326391,44.33574497513473
1664543940002,40.91346646039129,-73.13253568666754,11.269370066226614,44.33574497513473
1664543941002,40.91346646039129,-73.13253568666754,11.41486027378018,44.33574497513473
1664543942002,40.91346646039129,-73.13253568666754,11.80748587820604,44.33574497513473
1664543943002,40.91346646039129,-73.13253568666754,11.921636150080182,44.33574497513473
1664543944002,40.91346646039129,-73.13253568666754,11.854371518723525,44.33574497513473
1664543945002,40.91346646039129,-73.13253568666754,11.938821783147231,44.33574497513473
1664543946002,40.91346646039129,-73.13253568666754,12.137574218870077,44.33574497513473
1664543947002,40.91346646039129,-73.13253568666754,12.214542515392996,44.33574497513473
1664543948002,40.91346646039129,-73.13253568666754,12.405069858730329,44.33574497513473
1664543949002,40.91346646039129,-73.13253568666754,12.310422635415081,44.33574497513473
1664543950002,40.91346646039129,-73.13253568666754,12.452413330208534,44.33574497513473
1664543951002,40.91346646039129,-73.13253568666754,12.528089009159087,44.33574497513473
1664543952002,40.91346646039129,-73.13253568666754,12.664751636849957,44.33574497513473
1664543953002,40.91346646039129,-73.13253568666754,12.814995615971897,44.33574497513473
1664543954002,40.91346646039129,-73.13253568666754,12.991973878912674,44.33574497513473
1664543955002,40.91346646039129,-73.13253568666754,13.323203903391597,44.33574497513473
1664543956002,40.91346646039129,-73.13253568666754,10.669159746618432,44.33574497513473
1664543957002,40.91346646039129,-73.13253568666754,10.893890555387229,44.33574497513473
1664543958003,40.91346646039129,-73.13253568666754,11.086040362791138,44.33574497513473
1664543959003,40.91346646039129,-73.13253568666754,11.322573062314001,44.33574497513473
1664543960003,40.91346646039129,-73.13253568666754,11.455985328409666,44.33574497513473
1664543961003,40.91346646039129,-73.13253568666754,11.618104178384296,44.33574497513473
1664543962003,40.91346646039129,-73.13253568666754,11.692149764427782,44.33574497513473
1664543963003,40.91346646039129,-73.13253568666754,11.756272041385659,44.33574497513473
1664543964003,40.91346646039129,-73.13253568666754,11.85105827281804,44.33574497513473
1664543965003,40.91346646039129,-73.13253568666754,11.873516808494486,44.33574497513473
1664543966999,40.91346646039129,-73.13253568666754,11.838179567945323,44.33574497513473
1664543968999,40.91346646039129,-73.13253568666754,12.02789242707333,44.33574497513473
1664543969999,40.91346646039129,-73.13253568666754,12.172903216950573,44.33574497513473
1664543970999,40.91346646039129,-73.13253568666754,11.2036227958757,44.33574497513473
1664543972999,40.91346646039129,-73.13253568666754,10.50577031637057,44.33574497513473
1664543974999,40.91346646039129,-73.13253568666754,10.650923791092518,44.33574497513473
1664543976999,40.91346646039129,-73.13253568666754,11.067669797644832,44.33574497513473
1664543978999,40.91346646039129,-73.13253568666754,10.95984821970501,44.33574497513473
1664543980999,40.91346646039129,-73.13253568666754,10.557472309310253,44.33574497513473
1664543982999,40.91346646039129,-73.13253568666754,10.126333435351315,44.33574497513473
1664543984999,40.91346646039129,-73.13253568666754,8.74930884476498,44.33574497513473
1664543985999,40.91346646039129,-73.13253568666754,8.583991347733214,44.33574497513473
1664543986999,40.91346646039129,-73.13253568666754,8.733837799040105,44.33574497513473
1664543987999,40.91346646039129,-73.13253568666754,8.880808691249323,44.33574497513473
1664543988999,40.91346646039129,-73.13253568666754,7.591936622441087,44.33574497513473
1664543989999,40.91346646039129,-73.13253568666754,7.798071678297911,44.33574497513473
1664543990999,40.91346646039129,-73.13253568666754,7.41602514166401,44.33574497513473
1664543991999,40.91346646039129,-73.13253568666754,7.664967078457164,44.33574497513473
1664543993000,40.91346646039129,-73.13253568666754,7.918701403150436,44.33574497513473
1664543994000,40.91346646039129,-73.13253568666754,8.164768936512,44.33574497513473
1664543995000,40.91346646039129,-73.13253568666754,8.017689121750875,44.33574497513473
1664543996000,40.91346646039129,-73.13253568666754,7.914467569761379,44.33574497513473
1664543997000,40.91346646039129,-73.13253568666754,7.860503293025506,44.33574497513473
1664543998000,40.91346646039129,-73.13253568666754,7.32113498383867,44.33574497513473
1664543999000,40.91346646039129,-73.13253568666754,7.211801009774309,44.33574497513473
1664544000000,40.91346646039129,-73.13253568666754,7.2636904864376515,44.33574497513473
1664544001000,40.91346646039129,-73.13253568666754,6.957505359826082,44.33574497513473
1664544002000,40.91346646039129,-73.13253568666754,6.900616815444865,44.33574497513473
1664544003000,40.91346646039129,-73.13253568666754,6.842917666733518,44.33574497513473
1664544004000,40.91346646039129,-73.13253568666754,7.045809407630906,44.33574497513473
1664544005000,40.91346646039129,-73.13253568666754,6.995031607129431,44.33574497513473
1664544006000,40.91346646039129,-73.13253568666754,7.2800609235307014,44.33574497513473
1664544007000,40.91346646039129,-73.13253568666754,6.784956193052291,44.33574497513473
1664544008000,40.91346646039129,-73.13253568666754,7.008691206279051,44.33574497513473
1664544009000,40.91346646039129,-73.13253568666754,7.2732792221082425,44.33574497513473
1664544010000,40.91346646039129,-73.13253568666754,7.507441323937712,44.33574497513473
1664544011000,40.91346646039129,-73.13253568666754,7.696469348192001,44.33574497513473
1664544012000,40.91346646039129,-73.13253568666754,7.546222103397134,44.33574497513473
1664544013000,40.91346646039129,-73.13253568666754,8.149510551509625,44.33574497513473
1664544014000,40.91346646039129,-73.13253568666754,7.981253087308302,44.33574497513473
1664544015000,40.91346646039129,-73.13253568666754,8.23303932297466,44.33574497513473
1664544016000,40.91346646039129,-73.13253568666754,8.4315685127796,44.33574497513473
1664544017000,40.91346646039129,-73.13253568666754,8.694079260674505,44.33574497513473
1664544018000,40.91346646039129,-73.13253568666754,8.82843630392819,44.33574497513473
1664544019001,40.91346646039129,-73.13253568666754,9.033415758197322,44.33574497513473
1664544020001,40.91346646039129,-73.13253568666754,8.24926817910172,44.33574497513473
1664544021001,40.91346646039129,-73.13253568666754,8.451808920059788,44.33574497513473
1664544022001,40.91346646039129,-73.13253568666754,8.638959276900717,44.33574497513473
1664544023001,40.91346646039129,-73.13253568666754,8.856844288810258,44.33574497513473
1664544024001,40.91346646039129,-73.13253568666754,9.004401057457688,44.33574497513473
1664544025001,40.91346646039129,-73.13253568666754,9.201186356951837,44.33574497513473
1664544026001,40.91346646039129,-73.13253568666754,9.429071783925558,44.33574497513473
1664544027001,40.91346646039129,-73.13253568666754,9.5578504850199,44.33574497513473
1664544028001,40.91346646039129,-73.13253568666754,9.736696488102526,44.33574497513473
1664544029001,40.91346646039129,-73.13253568666754,9.899805672736212,44.33574497513473
1664544030001,40.91346646039129,-73.13253568666754,10.381935432574885,44.33574497513473
1664544031001,40.91346646039129,-73.13253568666754,10.564016768616268,44.33574497513473
1664544032001,40.91346646039129,-73.13253568666754,10.672279170059397,44.33574497513473
1664544033001,40.91346646039129,-73.13253568666754,10.72786707895262,44.33574497513473
1664544034001,40.91346646039129,-73.13253568666754,11.008640715676423,44.33574497513473
1664544035001,40.91346646039129,-73.13253568666754,11.077336344546774,44.33574497513473
1664544036001,40.91346646039129,-73.13253568666754,11.264317998690672,44.33574497513473
1664544037001,40.91346646039129,-73.13253568666754,11.353320197937546,44.33574497513473
1664544038001,40.91346646039129,-73.13253568666754,11.473930053968385,44.33574497513473
1664544039001,40.91346646039129,-73.13253568666754,11.600293267804988,44.33574497513473
1664544040001,40.91346646039129,-73.13253568666754,11.721898108530862,44.33574497513473
1664544041001,40.91346646039129,-73.13253568666754,11.790910854709589,44.33574497513473
1664544042001,40.91346646039129,-73.13253568666754,11.949312398505041,44.33574497513473
1664544043001,40.91346646039129,-73.13253568666754,11.94429082358465,44.33574497513473
1664544044001,40.91346646039129,-73.13253568666754,12.102152364226107,44.33574497513473
1664544045001,40.91346646039129,-73.13253568666754,12.252389737493337,44.33574497513473
1664544046001,40.91346646039129,-73.13253568666754,12.437687931203191,44.33574497513473
1664544047001,40.91346646039129,-73.13253568666754,12.588806659093402,44.33574497513473
1664544048001,40.91346646039129,-73.13253568666754,12.536962545081211,44.33574497513473
1664544049001,40.91346646039129,-73.13253568666754,12.5165939643033,44.33574497513473
1664544050001,40.91346646039129,-73.13253568666754,12.674409378287267,44.33574497513473
1664544051002,40.91346646039129,-73.13253568666754,12.691239950965647,44.33574497513473
1664544052002,40.91346646039129,-73.13253568666754,12.501999871475169,44.33574497513473
1664544053002,40.91346646039129,-73.13253568666754,10.071982041583691,44.33574497513473
1664544054002,40.91346646039129,-73.13253568666754,10.36710685187478,44.33574497513473
1664544055002,40.91346646039129,-73.13253568666754,9.99180509726022,44.33574497513473
1664544056002,40.91346646039129,-73.13253568666754,10.207629912583492,44.33574497513473
1664544057002,40.91346646039129,-73.13253568666754,10.150756030760698,44.33574497513473
1664544058002,40.91346646039129,-73.13253568666754,10.185668459954698,44.33574497513473
1664544059002,40.91346646039129,-73.13253568666754,10.30365550181404,44.33574497513473
1664544060002,40.91346646039129,-73.13253568666754,10.425622044889394,44.33574497513473
1664544061002,40.91346646039129,-73.13253568666754,10.654707363379552,44.33574497513473
1664544062002,40.91346646039129,-73.13253568666754,10.778906722764429,44.33574497513473
1664544063002,40.91346646039129,-73.13253568666754,10.8181624336737,44.33574497513473
1664544064002,40.91346646039129,-73.13253568666754,10.749265573539702,44.33574497513473
1664544065002,40.91346646039129,-73.13253568666754,10.848772341111486,44.33574497513473
1664544066002,40.91346646039129,-73.13253568666754,11.041268281171053,44.33574497513473
1664544067002,40.91346646039129,-73.13253568666754,11.11070508077803,44.33574497513473
1664544068002,40.91346646039129,-73.13253568666754,11.282539232143861,44.33574497513473
1664544069002,40.91346646039129,-73.13253568666754,11.334018679623503,44.33574497513473
1664544070002,40.91346646039129,-73.13253568666754,11.517470861579552,44.33574497513473
1664544071002,40.91346646039129,-73.13253568666754,11.55362449550233,44.33574497513473
1664544072002,40.91346646039129,-73.13253568666754,11.714348832620338,44.33574497513473
1664544073002,40.91346646039129,-73.13253568666754,11.889067157503113,44.33574497513473
1664544074002,40.91346646039129,-73.13253568666754,12.057755568961301,44.33574497513473
1664544075002,40.91346646039129,-73.13253568666754,12.354380816010133,44.33574497513473
1664544076002,40.91346646039129,-73.13253568666754,12.534257472164517,44.33574497513473
1664544077002,40.91346646039129,-73.13253568666754,12.656034994629337,44.33574497513473
1664544078002,40.91346646039129,-73.13253568666754,12.532567120821415,44.33574497513473
1664544079002,40.91346646039129,-73.13253568666754,12.678851949164079,44.33574497513473
1664544080002,40.91346646039129,-73.13253568666754,12.864836880160176,44.33574497513473
1664544081002,40.91346646039129,-73.13253568666754,13.021157671965172,44.33574497513473
1664544082002,40.91346646039129,-73.13253568666754,13.14643143913161,44.33574497513473
1664544083002,40.91346646039129,-73.13253568666754,12.808366199717293,44.33574497513473
1664544084003,40.91346646039129,-73.13253568666754,12.27338113596739,44.33574497513473
1664544085003,40.91346646039129,-73.13253568666754,12.044391326460095,44.33574497513473
1664544086003,40.91346646039129,-73.13253568666754,12.15380632476737,44.33574497513473
1664544087003,40.91346646039129,-73.13253568666754,11.442860558844655,44.33574497513473
1664544088003,40.91346646039129,-73.13253568666754,11.499572195763058,44.33574497513473
1664544089003,40.91346646039129,-73.13253568666754,11.48381040227647,44.33574497513473
1664544090003,40.91346646039129,-73.13253568666754,11.519943039930666,44.33574497513473
1664544091003,40.91346646039129,-73.13253568666754,11.65120061385116,44.33574497513473
1664544092999,40.91346646039129,-73.13253568666754,11.427891763357,44.33574497513473
1664544093999,40.91346646039129,-73.13253568666754,11.282828463058726,44.33574497513473
1664544094999,40.91346646039129,-73.13253568666754,11.141955408052883,44.33574497513473
1664544095999,40.91346646039129,-73.13253568666754,11.399481465873599,44.33574497513473
1664544096999,40.91346646039129,-73.13253568666754,9.794686725151529,44.33574497513473
1664544097999,40.91346646039129,-73.13253568666754,9.750407602473354,44.33574497513473
1664544098999,40.91346646039129,-73.13253568666754,9.075903689760487,44.33574497513473
1664544100999,40.91346646039129,-73.13253568666754,8.779848189434164,44.33574497513473
1664544102999,40.91346646039129,-73.13253568666754,8.094955638421087,44.33574497513473
1664544104999,40.91346646039129,-73.13253568666754,7.709043989070443,44.33574497513473
1664544106999,40.91346646039129,-73.13253568666754,7.811076595549949,44.33574497513473
1664544108999,40.91346646039129,-73.13253568666754,7.618495603019398,44.33574497513473
1664544110999,40.91346646039129,-73.13253568666754,7.7219339078198015,44.33574497513473
1664544111999,40.91346646039129,-73.13253568666754,7.675939306957887,44.33574497513473
1664544112999,40.91346646039129,-73.13253568666754,8.187207875510506,44.33574497513473
1664544113999,40.91346646039129,-73.13253568666754,7.7243753894540905,44.33574497513473
1664544114999,40.91346646039129,-73.13253568666754,7.61898360388823,44.33574497513473
1664544115999,40.91346646039129,-73.13253568666754,7.7074660684936775,44.33574497513473
1664544116999,40.91346646039129,-73.13253568666754,6.723725648353138,44.33574497513473
1664544117999,40.91346646039129,-73.13253568666754,6.9898541977467,44.33574497513473
1664544118999,40.91346646039129,-73.13253568666754,6.496623215734924,44.33574497513473
1664544120000,40.91346646039129,-73.13253568666754,6.711028589283208,44.33574497513473
1664544121000,40.91346646039129,-73.13253568666754,6.83822519000066,44.33574497513473
1664544122000,40.91346646039129,-73.13253568666754,6.874521706963184,44.33574497513473
1664544123000,40.91346646039129,-73.13253568666754,7.134127271648189,44.33574497513473
1664544124000,40.91346646039129,-73.13253568666754,7.2522248570629895,44.33574497513473
1664544125000,40.91346646039129,-73.13253568666754,7.218436172817808,44.33574497513473
1664544126000,40.91346646039129,-73.13253568666754,7.520252241166906,44.33574497513473
1664544127000,40.91346646039129,-73.13253568666754,7.705139681860357,44.33574497513473
1664544128000,40.91346646039129,-73.13253568666754,7.743796860564945,44.33574497513473
1664544129000,40.91346646039129,-73.13253568666754,7.417429864388789,44.33574497513473
1664544130000,40.91346646039129,-73.13253568666754,7.521514221045326,44.33574497513473
1664544131000,40.91346646039129,-73.13253568666754,7.54786418228289,44.33574497513473
1664544132000,40.91346646039129,-73.13253568666754,7.634365969299399,44.33574497513473
1664544133000,40.91346646039129,-73.13253568666754,7.724685728309105,44.33574497513473
1664544134000,40.91346646039129,-73.13253568666754,7.9947839216173975,44.33574497513473
1664544135000,40.91346646039129,-73.13253568666754,7.914762807334585,44.33574497513473
1664544136000,40.91346646039129,-73.13253568666754,8.292734437127262,44.33574497513473
1664544137000,40.91346646039129,-73.13253568666754,8.49241585630588,44.33574497513473
1664544138000,40.91346646039129,-73.13253568666754,8.633654842092477,44.33574497513473
1664544139000,40.91346646039129,-73.13253568666754,8.89078370281605,44.33574497513473
1664544140000,40.91346646039129,-73.13253568666754,9.153720401351075,44.33574497513473
1664544141000,40.91346646039129,-73.13253568666754,9.281306592429477,44.33574497513473
1664544142000,40.91346646039129,-73.13253568666754,9.55074823601698,44.33574497513473
1664544143000,40.91346646039129,-73.13253568666754,9.780046415196368,44.33574497513473
1664544144000,40.91346646039129,-73.13253568666754,9.981052269291743,44.33574497513473
1664544145000,40.91346646039129,-73.13253568666754,10.209375548363688,44.33574497513473
1664544146001,40.91346646039129,-73.13253568666754,10.11277360252554,44.33574497513473
1664544147001,40.91346646039129,-73.13253568666754,10.293910953033542,44.33574497513473
1664544148001,40.91346646039129,-73.13253568666754,10.128838286624598,44.33574497513473
1664544149001,40.91346646039129,-73.13253568666754,8.752592912849995,44.33574497513473
1664544150001,40.91346646039129,-73.13253568666754,8.960276638444332,44.33574497513473
1664544151001,40.91346646039129,-73.13253568666754,9.245601037740673,44.33574497513473
1664544152001,40.91346646039129,-73.13253568666754,9.45501777077861,44.33574497513473
1664544153001,40.91346646039129,-73.13253568666754,9.676739304633074,44.33574497513473
1664544154001,40.91346646039129,-73.13253568666754,10.26789742759776,44.33574497513473
1664544155001,40.91346646039129,-73.13253568666754,10.405723505113013,44.33574497513473
1664544156001,40.91346646039129,-73.13253568666754,10.589721147575544,44.33574497513473
1664544157001,40.91346646039129,-73.13253568666754,10.79437382558775,44.33574497513473
1664544158001,40.91346646039129,-73.13253568666754,10.936310903076544,44.33574497513473
1664544159001,40.91346646039129,-73.13253568666754,11.041028695435244,44.33574497513473
1664544160001,40.91346646039129,-73.13253568666754,11.061138665413427,44.33574497513473
1664544161001,40.91346646039129,-73.13253568666754,11.212806713439308,44.33574497513473
1664544162001,40.91346646039129,-73.13253568666754,11.315626322504098,44.33574497513473
1664544163001,40.91346646039129,-73.13253568666754,11.493266480833626,44.33574497513473
1664544164001,40.91346646039129,-73.13253568666754,11.665355722094617,44.33574497513473
1664544165001,40.91346646039129,-73.13253568666754,11.75355851728424,44.33574497513473
1664544166001,40.91346646039129,-73.13253568666754,11.87640320229597,44.33574497513473
1664544167001,40.91346646039129,-73.13253568666754,12.051506650324766,44.33574497513473
1664544168001,40.91346646039129,-73.13253568666754,12.210477241846108,44.33574497513473
1664544169001,40.91346646039129,-73.13253568666754,11.72740898893794,44.33574497513473
1664544170001,40.91346646039129,-73.13253568666754,9.75153273061368,44.33574497513473
1664544171001,40.91346646039129,-73.13253568666754,9.822754972000578,44.33574497513473
1664544172001,40.91346646039129,-73.13253568666754,9.96833102704867,44.33574497513473
1664544173001,40.91346646039129,-73.13253568666754,10.12810829913163,44.33574497513473
1664544174001,40.91346646039129,-73.13253568666754,9.5257639204406,44.33574497513473
1664544175001,40.91346646039129,-73.13253568666754,8.461626161241133,44.33574497513473
1664544176001,40.91346646039129,-73.13253568666754,8.228150504232653,44.33574497513473
1664544177001,40.91346646039129,-73.13253568666754,7.942309861143536,44.33574497513473
1664544178002,40.91346646039129,-73.13253568666754,7.670887576636827,44.33574497513473
1664544179002,40.91346646039129,-73.13253568666754,7.919461107050219,44.33574497513473
1664544180002,40.91346646039129,-73.13253568666754,7.240274782131045,44.33574497513473
1664544181002,40.91346646039129,-73.13253568666754,7.404346593335372,44.33574497513473
1664544182002,40.91346646039129,-73.13253568666754,7.73652459122214,44.33574497513473
1664544183002,40.91346646039129,-73.13253568666754,7.997928379313219,44.33574497513473
1664544184002,40.91346646039129,-73.13253568666754,7.775547569991913,44.33574497513473
1664544185002,40.91346646039129,-73.13253568666754,7.680943740700468,44.33574497513473
1664544186002,40.91346646039129,-73.13253568666754,7.240543774441959,44.33574497513473
1664544187002,40.91346646039129,-73.13253568666754,7.22088498411264,44.33574497513473
1664544188002,40.91346646039129,-73.13253568666754,7.038042536402369,44.33574497513473
1664544189002,40.91346646039129,-73.13253568666754,7.027969291747803,44.33574497513473
1664544190002,40.91346646039129,-73.13253568666754,7.413035145858434,44.33574497513473
1664544191002,40.91346646039129,-73.13253568666754,7.194597042167655,44.33574497513473
1664544192002,40.91346646039129,-73.13253568666754,7.272564194789967,44.33574497513473
1664544193002,40.91346646039129,-73.13253568666754,6.991967004517236,44.33574497513473
1664544194002,40.91346646039129,-73.13253568666754,6.674902130574945,44.33574497513473
1664544195002,40.91346646039129,-73.13253568666754,6.67333694130605,44.33574497513473
1664544196002,40.91346646039129,-73.13253568666754,6.611763583889758,44.33574497513473
1664544197002,40.91346646039129,-73.13253568666754,6.810582405271997,44.33574497513473
1664544198002,40.91346646039129,-73.13253568666754,7.099319475963293,44.33574497513473
1664544199002,40.91346646039129,-73.13253568666754,7.395580070280434,44.33574497513473
1664544200002,40.91346646039129,-73.13253568666754,7.672216238038462,44.33574497513473
1664544201002,40.91346646039129,-73.13253568666754,7.928999230075366,44.33574497513473
1664544202002,40.91346646039129,-73.13253568666754,8.188034906353217,44.33574497513473
1664544203002,40.91346646039129,-73.13253568666754,8.2914885049567,44.33574497513473
1664544204002,40.91346646039129,-73.13253568666754,8.40674852346636,44.33574497513473
1664544205002,40.91346646039129,-73.13253568666754,8.333436533532552,44.33574497513473
1664544206002,40.91346646039129,-73.13253568666754,8.39441968991637,44.33574497513473
1664544207002,40.91346646039129,-73.13253568666754,8.866396779054012,44.33574497513473
1664544208002,40.91346646039129,-73.13253568666754,8.28476038016195,44.33574497513473
1664544209002,40.91346646039129,-73.13253568666754,8.662869750019201,44.33574497513473
1664544210002,40.91346646039129,-73.13253568666754,8.3112587931439,44.33574497513473
1664544211003,40.91346646039129,-73.13253568666754,8.418248643088893,44.33574497513473
1664544212003,40.91346646039129,-73.13253568666754,8.43332789788531,44.33574497513473
1664544213003,40.91346646039129,-73.13253568666754,7.257883684378826,44.33574497513473
1664544214003,40.91346646039129,-73.13253568666754,7.521503760679219,44.33574497513473
1664544215003,40.91346646039129,-73.13253568666754,7.865307431404188,44.33574497513473
1664544216003,40.91346646039129,-73.13253568666754,8.120759245131579,44.33574497513473
1664544217003,40.91346646039129,-73.13253568666754,8.371524252778284,44.33574497513473
1664544218998,40.91346646039129,-73.13253568666754,8.655928473173624,44.33574497513473
1664544219998,40.91346646039129,-73.13253568666754,8.660090813169642,44.33574497513473
1664544220998,40.91346646039129,-73.13253568666754,8.777601750007431,44.33574497513473
1664544221998,40.91346646039129,-73.13253568666754,8.860754721225959,44.33574497513473
1664544222999,40.91346646039129,-73.13253568666754,9.055108720957092,44.33574497513473
1664544224999,40.91346646039129,-73.13253568666754,9.469736474964646,44.33574497513473
1664544226999,40.91346646039129,-73.13253568666754,9.419747933606242,44.33574497513473
1664544228999,40.91346646039129,-73.13253568666754,9.50035047169143,44.33574497513473
1664544230999,40.91346646039129,-73.13253568666754,9.441431030701638,44.33574497513473
1664544232999,40.91346646039129,-73.13253568666754,9.794907237759723,44.33574497513473
1664544234999,40.91346646039129,-73.13253568666754,10.227348479260648,44.33574497513473
1664544236999,40.91346646039129,-73.13253568666754,10.390197631003753,44.33574497513473
1664544237999,40.91346646039129,-73.13253568666754,10.408924088281879,44.33574497513473
1664544238999,40.91346646039129,-73.13253568666754,10.418937253338195,44.33574497513473
1664544239999,40.91346646039129,-73.13253568666754,10.275589001427562,44.33574497513473
1664544240999,40.91346646039129,-73.13253568666754,10.287736316763464,44.33574497513473
1664544241999,40.91346646039129,-73.13253568666754,10.112925072525869,44.33574497513473
1664544242999,40.91346646039129,-73.13253568666754,10.128100745084927,44.33574497513473
1664544243999,40.91346646039129,-73.13253568666754,10.421448773905166,44.33574497513473
1664544244999,40.91346646039129,-73.13253568666754,10.429654444291053,44.33574497513473
1664544245999,40.91346646039129,-73.13253568666754,10.676833852143556,44.33574497513473
1664544247000,40.91346646039129,-73.13253568666754,10.494682869290205,44.33574497513473
1664544248000,40.91346646039129,-73.13253568666754,10.538392940827984,44.33574497513473
1664544249000,40.91346646039129,-73.13253568666754,10.540137459237076,44.33574497513473
1664544250000,40.91346646039129,-73.13253568666754,10.43752186893105,44.33574497513473
1664544251000,40.91346646039129,-73.13253568666754,10.50085797560757,44.33574497513473
1664544252000,40.91346646039129,-73.13253568666754,10.418647157154387,44.33574497513473
1664544253000,40.91346646039129,-73.13253568666754,10.380290671467847,44.33574497513473
1664544254000,40.91346646039129,-73.13253568666754,9.682171975506854,44.33574497513473
1664544255000,40.91346646039129,-73.13253568666754,9.54594904575756,44.33574497513473
1664544256000,40.91346646039129,-73.13253568666754,8.89813822024713,44.33574497513473
1664544257000,40.91346646039129,-73.13253568666754,8.89114220294635,44.33574497513473
1664544258000,40.91346646039129,-73.13253568666754,8.851078972936067,44.33574497513473
1664544259000,40.91346646039129,-73.13253568666754,8.935044153694651,44.33574497513473
1664544260000,40.91346646039129,-73.13253568666754,8.712268555793885,44.33574497513473
1664544261000,40.91346646039129,-73.13253568666754,8.788727327635753,44.33574497513473
1664544262000,40.91346646039129,-73.13253568666754,8.656231877647613,44.33574497513473
1664544263000,40.91346646039129,-73.13253568666754,8.76938757422182,44.33574497513473
1664544264000,40.91346646039129,-73.13253568666754,8.821344788072885,44.33574497513473
1664544265000,40.91346646039129,-73.13253568666754,9.12501222399264,44.33574497513473
1664544266000,40.91346646039129,-73.13253568666754,9.209512002231195,44.33574497513473
1664544267000,40.91346646039129,-73.13253568666754,9.469839261488284,44.33574497513473
1664544268000,40.91346646039129,-73.13253568666754,9.512490270236091,44.33574497513473
1664544269000,40.91346646039129,-73.13253568666754,9.637371705305375,44.33574497513473
1664544270000,40.91346646039129,-73.13253568666754,9.670968154045632,44.33574497513473
1664544271000,40.91346646039129,-73.13253568666754,9.652929903032001,44.33574497513473
1664544272000,40.91346646039129,-73.13253568666754,9.816790826087349,44.33574497513473
1664544273001,40.91346646039129,-73.13253568666754,9.961598267930556,44.33574497513473
1664544274001,40.91346646039129,-73.13253568666754,10.139906040761703,44.33574497513473
1664544275001,40.91346646039129,-73.13253568666754,10.161521135089178,44.33574497513473
1664544276001,40.91346646039129,-73.13253568666754,10.02175825316099,44.33574497513473
1664544277001,40.91346646039129,-73.13253568666754,8.057306397998605,44.33574497513473
1664544278001,40.91346646039129,-73.13253568666754,8.148903035073223,44.33574497513473
1664544279001,40.91346646039129,-73.13253568666754,8.32783365005484,44.33574497513473
1664544280001,40.91346646039129,-73.13253568666754,8.38078060731705,44.33574497513473
1664544281001,40.91346646039129,-73.13253568666754,8.521600987044264,44.33574497513473
1664544282001,40.91346646039129,-73.13253568666754,8.905864059999267,44.33574497513473
1664544283001,40.91346646039129,-73.13253568666754,8.999185640287918,44.33574497513473
1664544284001,40.91346646039129,-73.13253568666754,9.11635383028797,44.33574497513473
1664544285001,40.91346646039129,-73.13253568666754,9.306018634369046,44.33574497513473
1664544286001,40.91346646039129,-73.13253568666754,9.323660462606853,44.33574497513473
1664544287001,40.91346646039129,-73.13253568666754,9.3588054712722,44.33574497513473
1664544288001,40.91346646039129,-73.13253568666754,9.41155303755052,44.33574497513473
1664544289001,40.91346646039129,-73.13253568666754,9.397131572433008,44.33574497513473
1664544290001,40.91346646039129,-73.13253568666754,9.416751764898388,44.33574497513473
1664544291001,40.91346646039129,-73.13253568666754,9.488945709160348,44.33574497513473
1664544292001,40.91346646039129,-73.13253568666754,9.460178271582704,44.33574497513473
1664544293001,40.91346646039129,-73.13253568666754,9.434171267775064,44.33574497513473
1664544294001,40.91346646039129,-73.13253568666754,9.54099191990434,44.33574497513473
1664544295001,40.91346646039129,-73.13253568666754,9.5724470705494,44.33574497513473
1664544296001,40.91346646039129,-73.13253568666754,9.710623423927105,44.33574497513473
1664544297001,40.91346646039129,-73.13253568666754,9.88389287334673,44.33574497513473
1664544298001,40.91346646039129,-73.13253568666754,10.030198387553835,44.33574497513473
1664544299001,40.91346646039129,-73.13253568666754,10.032965643768424,44.33574497513473
1664544300001,40.91346646039129,-73.13253568666754,9.99378624020716,44.33574497513473
1664544301001,40.91346646039129,-73.13253568666754,10.12015488100594,44.33574497513473
1664544302001,40.91346646039129,-73.13253568666754,10.107393232786363,44.33574497513473
1664544303001,40.91346646039129,-73.13253568666754,9.956150985094188,44.33574497513473
1664544304001,40.91346646039129,-73.13253568666754,9.965067365653178,44.33574497513473
1664544305002,40.91346646039129,-73.13253568666754,9.912975710668862,44.33574497513473
1664544306002,40.91346646039129,-73.13253568666754,9.84607534547288,44.33574497513473
1664544307002,40.91346646039129,-73.13253568666754,9.632500617432276,44.33574497513473
1664544308002,40.91346646039129,-73.13253568666754,9.537238437264046,44.33574497513473
1664544309002,40.91346646039129,-73.13253568666754,8.787690806076544,44.33574497513473
1664544310002,40.91346646039129,-73.13253568666754,8.565374755819239,44.33574497513473
1664544311002,40.91346646039129,-73.13253568666754,8.770134231915177,44.33574497513473
1664544312002,40.91346646039129,-73.13253568666754,8.822603697626972,44.33574497513473
1664544313002,40.91346646039129,-73.13253568666754,8.791871670550785,44.33574497513473
1664544314002,40.91346646039129,-73.13253568666754,8.735859371368724,44.33574497513473
1664544315002,40.91346646039129,-73.13253568666754,8.957159297582956,44.33574497513473
1664544316002,40.91346646039129,-73.13253568666754,9.394719480065985,44.33574497513473
1664544317002,40.91346646039129,-73.13253568666754,9.250027341533077,44.33574497513473
1664544318002,40.91346646039129,-73.13253568666754,9.191285144631532,44.33574497513473
1664544319002,40.91346646039129,-73.13253568666754,9.038492710238577,44.33574497513473
1664544320002,40.91346646039129,-73.13253568666754,8.371656920775482,44.33574497513473
1664544321002,40.91346646039129,-73.13253568666754,8.414205349188906,44.33574497513473
1664544322002,40.91346646039129,-73.13253568666754,8.46481744444664,44.33574497513473
1664544323002,40.91346646039129,-73.13253568666754,8.202660939970148,44.33574497513473
1664544324002,40.91346646039129,-73.13253568666754,8.045708340724623,44.33574497513473
1664544325002,40.91346646039129,-73.13253568666754,7.998803376845377,44.33574497513473
1664544326002,40.91346646039129,-73.13253568666754,8.02614850514858,44.33574497513473
1664544327002,40.91346646039129,-73.13253568666754,7.9543546642634775,44.33574497513473
1664544328002,40.91346646039129,-73.13253568666754,8.07156726197148,44.33574497513473
1664544329002,40.91346646039129,-73.13253568666754,8.140585513183321,44.33574497513473
1664544330002,40.91346646039129,-73.13253568666754,7.861060904462167,44.33574497513473
1664544331002,40.91346646039129,-73.13253568666754,7.936095305884707,44.33574497513473
1664544332002,40.91346646039129,-73.13253568666754,8.061698347947369,44.33574497513473
1664544333002,40.91346646039129,-73.13253568666754,8.103830901568516,44.33574497513473
1664544334002,40.91346646039129,-73.13253568666754,8.1278935157132,44.33574497513473
1664544335002,40.91346646039129,-73.13253568666754,8.393325638821887,44.33574497513473
1664544336002,40.91346646039129,-73.13253568666754,8.542859817567201,44.33574497513473
1664544337002,40.91346646039129,-73.13253568666754,8.885950711073402,44.33574497513473
1664544338003,40.91346646039129,-73.13253568666754,8.688644119315445,44.33574497513473
1664544339003,40.91346646039129,-73.13253568666754,8.958492374750092,44.33574497513473
1664544340003,40.91346646039129,-73.13253568666754,8.77262816205841,44.33574497513473
1664544341003,40.91346646039129,-73.13253568666754,8.313746537423047,44.33574497513473
1664544342003,40.91346646039129,-73.13253568666754,8.291370746691902,44.33574497513473
1664544343003,40.91346646039129,-73.13253568666754,8.527256714447821,44.33574497513473
1664544344998,40.91346646039129,-73.13253568666754,8.436777328390091,44.33574497513473
1664544345998,40.91346646039129,-73.13253568666754,8.176236659750817,44.33574497513473
1664544346998,40.91346646039129,-73.13253568666754,8.374454248143865,44.33574497513473
1664544347998,40.91346646039129,-73.13253568666754,8.379789951512285,44.33574497513473
1664544348998,40.91346646039129,-73.13253568666754,8.374810646185871,44.33574497513473
1664544349998,40.91346646039129,-73.13253568666754,8.45339185714593,44.33574497513473
1664544350998,40.91346646039129,-73.13253568666754,8.22257274001162,44.33574497513473
1664544351998,40.91346646039129,-73.13253568666754,8.235914749219276,44.33574497513473
1664544352999,40.91346646039129,-73.13253568666754,7.986156808194475,44.33574497513473
1664544353999,40.91346646039129,-73.13253568666754,8.173553103077559,44.33574497513473
1664544354999,40.91346646039129,-73.13253568666754,8.212271929643347,44.33574497513473
1664544356999,40.91346646039129,-73.13253568666754,8.186351443738797,44.33574497513473
1664544358999,40.91346646039129,-73.13253568666754,8.38411014652163,44.33574497513473
1664544360999,40.91346646039129,-73.13253568666754,8.080831468472743,44.33574497513473
1664544362999,40.91346646039129,-73.13253568666754,8.226210395140077,44.33574497513473
1664544363999,40.91346646039129,-73.13253568666754,8.467844894343749,44.33574497513473
1664544364999,40.91346646039129,-73.13253568666754,7.831985956136049,44.33574497513473
1664544365999,40.91346646039129,-73.13253568666754,7.946411895720045,44.33574497513473
1664544366999,40.91346646039129,-73.13253568666754,7.3607378284546146,44.33574497513473
1664544367999,40.91343817639188,-73.1325671024962,7.988583659115191,44.239172224886715
1664544368999,40.91343505490975,-73.1325660014178,8.121545448924001,44.2262604450807
1664544369999,40.91343505490975,-73.1325660014178,8.23835472161775,44.2262604450807
1664544370999,40.91343505490975,-73.1325660014178,8.075973388933875,44.2262604450807
1664544371999,40.91343317316725,-73.13255538065135,9.27097028040647,44.04221797734499
1664544373000,40.913433171812784,-73.1325554876765,9.18732864500422,44.029348485171795
1664544374000,40.913433171812784,-73.1325554876765,9.302562484292825,44.029348485171795
1664544375000,40.913433171812784,-73.1325554876765,9.551928997305547,44.029348485171795
1664544376000,40.913433171812784,-73.1325554876765,9.697380152180362,44.029348485171795
1664544377000,40.913433171812784,-73.1325554876765,9.838026831449229,44.029348485171795
1664544378000,40.913433171812784,-73.1325554876765,9.720538210688161,44.029348485171795
1664544379000,40.913433171812784,-73.1325554876765,9.936512505104858,44.029348485171795
1664544380000,40.913433171812784,-73.1325554876765,9.886128671194362,44.029348485171795
1664544381000,40.913433171812784,-73.1325554876765,9.591296666554719,44.029348485171795
1664544382000,40.913433171812784,-73.1325554876765,9.782287493144787,44.029348485171795
1664544383000,40.913433171812784,-73.1325554876765,9.419856395681734,44.029348485171795
1664544384000,40.913433171812784,-73.1325554876765,9.694972794312259,44.029348485171795
1664544385000,40.913433171812784,-73.1325554876765,9.420610525574828,44.029348485171795
1664544386000,40.913433171812784,-73.1325554876765,9.639361858647378,44.029348485171795
1664544387000,40.913433171812784,-73.1325554876765,9.617987458562517,44.029348485171795
1664544388000,40.913433171812784,-73.1325554876765,9.613333687592185,44.029348485171795
1664544389000,40.913433171812784,-73.1325554876765,9.22645538953148,44.029348485171795
1664544390000,40.913433171812784,-73.1325554876765,8.970800444771124,44.029348485171795
1664544391000,40.913433171812784,-73.1325554876765,9.089814383511495,44.029348485171795
1664544392000,40.913433171812784,-73.1325554876765,8.926471969011576,44.029348485171795
1664544393000,40.913433171812784,-73.1325554876765,9.031024961106354,44.029348485171795
1664544394000,40.913433171812784,-73.1325554876765,8.70351050041843,44.029348485171795
1664544395000,40.913433171812784,-73.1325554876765,8.635174117195536,44.029348485171795
1664544396000,40.913433171812784,-73.1325554876765,8.780182599555975,44.029348485171795
1664544397001,40.913433171812784,-73.1325554876765,8.689520812642085,44.029348485171795
1664544398001,40.913433171812784,-73.1325554876765,8.671425758126361,44.029348485171795
1664544399001,40.913433171812784,-73.1325554876765,8.66208464371686,44.029348485171795
1664544400001,40.913433171812784,-73.1325554876765,8.763077356442693,44.029348485171795
1664544401001,40.913433171812784,-73.1325554876765,8.873425414897836,44.029348485171795
1664544402001,40.913433171812784,-73.1325554876765,9.27589299709046,44.029348485171795
1664544403001,40.913433171812784,-73.1325554876765,9.057163285977092,44.029348485171795
1664544404001,40.913433171812784,-73.1325554876765,8.376142092886676,44.029348485171795
1664544405001,40.913433171812784,-73.1325554876765,8.349300075792168,44.029348485171795
1664544406001,40.913433171812784,-73.1325554876765,8.783785125991109,44.029348485171795
1664544407001,40.913433171812784,-73.1325554876765,8.723456149079379,44.029348485171795
1664544408001,40.913433171812784,-73.1325554876765,8.868054412066751,44.029348485171795
1664544409001,40.913433171812784,-73.1325554876765,9.334835970734694,44.029348485171795
1664544410001,40.913433171812784,-73.1325554876765,9.430711339068573,44.029348485171795
1664544411001,40.913433171812784,-73.1325554876765,9.74121446494267,44.029348485171795
1664544412001,40.913433171812784,-73.1325554876765,9.690778213658271,44.029348485171795
1664544413001,40.913433171812784,-73.1325554876765,9.978868576264537,44.029348485171795
1664544414001,40.913433171812784,-73.1325554876765,10.181773157954755,44.029348485171795
1664544415001,40.913433171812784,-73.1325554876765,10.401814928462496,44.029348485171795
1664544416001,40.913433171812784,-73.1325554876765,9.385057551342847,44.029348485171795
1664544417001,40.913433171812784,-73.1325554876765,9.357153628556077,44.029348485171795
1664544418001,40.913433171812784,-73.1325554876765,9.617148887715171,44.029348485171795
1664544419001,40.913433171812784,-73.1325554876765,9.619453346570863,44.029348485171795
1664544420001,40.913433171812784,-73.1325554876765,9.852975873307226,44.029348485171795
1664544421001,40.913433171812784,-73.1325554876765,10.025962964165657,44.029348485171795
1664544422001,40.913433171812784,-73.1325554876765,10.187490713565898,44.029348485171795
1664544423001,40.913433171812784,-73.1325554876765,10.446349134870243,44.029348485171795
1664544424001,40.913433171812784,-73.1325554876765,10.581117848326407,44.029348485171795
1664544425001,40.913433171812784,-73.1325554876765,10.781129225946994,44.029348485171795
1664544426001,40.913433171812784,-73.1325554876765,10.947388721656848,44.029348485171795
1664544427001,40.913433171812784,-73.1325554876765,10.81628502209708,44.029348485171795
1664544428001,40.913433171812784,-73.1325554876765,10.750956379275388,44.029348485171795
1664544429002,40.913433171812784,-73.1325554876765,10.900924182831524,44.029348485171795
1664544430002,40.913433171812784,-73.1325554876765,10.856414367755814,44.029348485171795
1664544431002,40.913433171812784,-73.1325554876765,11.066400422943907,44.029348485171795
1664544432002,40.913433171812784,-73.1325554876765,11.049634148312032,44.029348485171795
1664544433002,40.913433171812784,-73.1325554876765,10.972481309395992,44.029348485171795
1664544434002,40.913433171812784,-73.1325554876765,11.181164625615079,44.029348485171795
1664544435002,40.913433171812784,-73.1325554876765,11.23229077230663,44.029348485171795
1664544436002,40.913433171812784,-73.1325554876765,11.32632339735473,44.029348485171795
1664544437002,40.913433171812784,-73.1325554876765,11.746690856169641,44.029348485171795
1664544438002,40.913433171812784,-73.1325554876765,11.86341146962864,44.029348485171795
1664544439002,40.913433171812784,-73.1325554876765,12.022034577704801,44.029348485171795
1664544440002,40.913433171812784,-73.1325554876765,11.999618882881618,44.029348485171795
1664544441002,40.913433171812784,-73.1325554876765,12.403725213184224,44.029348485171795
1664544442002,40.913433171812784,-73.1325554876765,12.19666387932095,44.029348485171795
1664544443002,40.913433171812784,-73.1325554876765,12.316170392789825,44.029348485171795
1664544444002,40.913433171812784,-73.1325554876765,12.241102424474635,44.029348485171795
1664544445002,40.913433171812784,-73.1325554876765,12.361168577548348,44.029348485171795
1664544446002,40.913433171812784,-73.1325554876765,12.488448536749004,44.029348485171795
1664544447002,40.913433171812784,-73.1325554876765,12.687823147332617,44.029348485171795
1664544448002,40.913433171812784,-73.1325554876765,12.823972755196362,44.029348485171795
1664544449002,40.913433171812784,-73.1325554876765,12.992867932854057,44.029348485171795
1664544450002,40.913433171812784,-73.1325554876765,13.095846484805701,44.029348485171795
1664544451002,40.913433171812784,-73.1325554876765,13.219999160524875,44.029348485171795
1664544452002,40.913433171812784,-73.1325554876765,12.952997506562886,44.029348485171795
1664544453002,40.913433171812784,-73.1325554876765,13.086936061371272,44.029348485171795
1664544454002,40.913433171812784,-73.1325554876765,12.8600344364285,44.029348485171795
1664544455002,40.913433171812784,-73.1325554876765,13.049329889448916,44.029348485171795
1664544456002,40.913433171812784,-73.1325554876765,12.96040193623851,44.029348485171795
1664544457002,40.913433171812784,-73.1325554876765,13.05788272684365,44.029348485171795
1664544458002,40.913433171812784,-73.1325554876765,13.212372546088664,44.029348485171795
1664544459002,40.913433171812784,-73.1325554876765,13.396869008156978,44.029348485171795
1664544460002,40.913433171812784,-73.1325554876765,13.581953337919987,44.029348485171795
1664544461002,40.913433171812784,-73.1325554876765,13.405695041966387,44.029348485171795
1664544462003,40.913433171812784,-73.1325554876765,13.458801216446124,44.029348485171795
1664544463003,40.913433171812784,-73.1325554876765,13.868694587507768,44.029348485171795
1664544464003,40.913433171812784,-73.1325554876765,13.980118858344506,44.029348485171795
1664544465003,40.913433171812784,-73.1325554876765,13.710038750677633,44.029348485171795
1664544466003,40.913433171812784,-73.1325554876765,13.816347095509947,44.029348485171795
1664544467003,40.913433171812784,-73.1325554876765,13.780025529343842,44.029348485171795
1664544468003,40.913433171812784,-73.1325554876765,11.607377209795805,44.029348485171795
1664544469003,40.913433171812784,-73.1325554876765,11.515250178739446,44.029348485171795
1664544470998,40.913433171812784,-73.1325554876765,11.693900694096792,44.029348485171795
1664544471998,40.913433171812784,-73.1325554876765,11.859217356952835,44.029348485171795
1664544472998,40.913433171812784,-73.1325554876765,11.807587436656874,44.029348485171795
1664544473998,40.913433171812784,-73.1325554876765,11.78646802625851,44.029348485171795
1664544474999,40.913433171812784,-73.1325554876765,11.917614572399685,44.029348485171795
1664544475999,40.913433171812784,-73.1325554876765,10.859677998989554,44.029348485171795
1664544476999,40.913433171812784,-73.1325554876765,10.767898188301173,44.029348485171795
1664544477999,40.913433171812784,-73.1325554876765,10.067305340353053,44.029348485171795
1664544478999,40.913433171812784,-73.1325554876765,10.202932011428045,44.029348485171795
1664544479999,40.913433171812784,-73.1325554876765,10.295735865900856,44.029348485171795
1664544480999,40.913433171812784,-73.1325554876765,10.818374239539132,44.029348485171795
1664544481999,40.913433171812784,-73.1325554876765,10.991866404678783,44.029348485171795
1664544482999,40.913433171812784,-73.1325554876765,10.866250129704337,44.029348485171795
1664544484999,40.913433171812784,-73.1325554876765,11.004238236011245,44.029348485171795
1664544486999,40.913433171812784,-73.1325554876765,11.298229985659484,44.029348485171795
1664544488999,40.913433171812784,-73.1325554876765,11.49853671384027,44.029348485171795
1664544489999,40.913433171812784,-73.1325554876765,11.716951750669553,44.029348485171795
1664544490999,40.913433171812784,-73.1325554876765,11.888696403586788,44.029348485171795
1664544491999,40.913433171812784,-73.1325554876765,12.051394997582307,44.029348485171795
1664544492999,40.913433171812784,-73.1325554876765,12.20180273067656,44.029348485171795
1664544493999,40.913433171812784,-73.1325554876765,12.365673381241292,44.029348485171795
1664544494999,40.913433171812784,-73.1325554876765,12.541156899768126,44.029348485171795
1664544495999,40.913433171812784,-73.1325554876765,12.716394778355744,44.029348485171795
1664544497000,40.913433171812784,-73.1325554876765,12.847347966852539,44.029348485171795
1664544498000,40.913433171812784,-73.1325554876765,13.045924321295796,44.029348485171795
1664544499000,40.913433171812784,-73.1325554876765,13.215183164806664,44.029348485171795
1664544500000,40.913433171812784,-73.1325554876765,10.903998801245352,44.029348485171795
1664544501000,40.913433171812784,-73.1325554876765,11.294502866429381,44.029348485171795
1664544502000,40.913433171812784,-73.1325554876765,11.455584449450019,44.029348485171795
1664544503000,40.913433171812784,-73.1325554876765,11.71792772148903,44.029348485171795
1664544504000,40.913433171812784,-73.1325554876765,11.789176619595573,44.029348485171795
1664544505000,40.913433171812784,-73.1325554876765,11.934595350532124,44.029348485171795
1664544506000,40.913433171812784,-73.1325554876765,12.16560873092971,44.029348485171795
1664544507000,40.913433171812784,-73.1325554876765,12.30066648256451,44.029348485171795
1664544508000,40.913433171812784,-73.1325554876765,12.500085936825478,44.029348485171795
1664544509000,40.913433171812784,-73.1325554876765,12.708590403839477,44.029348485171795
1664544510000,40.913433171812784,-73.1325554876765,12.844268263954774,44.029348485171795
1664544511000,40.913433171812784,-73.1325554876765,12.757885157877004,44.029348485171795
1664544512000,40.913433171812784,-73.1325554876765,12.555317614098627,44.029348485171795
1664544513025,40.913433171812784,-73.1325554876765,12.310218729587678,44.029348485171795
1664544514026,40.913433171812784,-73.1325554876765,12.304885532344809,44.029348485171795
1664544516024,40.913433171812784,-73.1325554876765,10.843763087130966,44.029348485171795
1664544518025,40.913433171812784,-73.1325554876765,11.495636544809356,44.029348485171795
1664544520024,40.913433171812784,-73.1325554876765,11.839821891503053,44.029348485171795
1664544521024,40.913433171812784,-73.1325554876765,12.047091963629514,44.029348485171795
1664544523024,40.913433171812784,-73.1325554876765,12.382095053288456,44.029348485171795
1664544525024,40.913433171812784,-73.1325554876765,12.758513331119936,44.029348485171795
1664544526026,40.913433171812784,-73.1325554876765,12.698809806282805,44.029348485171795
1664544528023,40.913433171812784,-73.1325554876765,11.117959372233814,44.029348485171795
1664544529024,40.913433171812784,-73.1325554876765,11.294010577705018,44.029348485171795
1664544531012,40.913433171812784,-73.1325554876765,11.70553713942063,44.029348485171795
1664544532012,40.913433171812784,-73.1325554876765,12.1374018600321,44.029348485171795
1664544533013,40.913433171812784,-73.1325554876765,12.232388417506215,44.029348485171795
1664544535011,40.913433171812784,-73.1325554876765,12.609326996258028,44.029348485171795
1664544536012,40.913433171812784,-73.1325554876765,12.64871104065188,44.029348485171795
1664544549013,40.91342267630584,-73.13255206856505,14.908254223562345,41.44320297241211
1664544556993,40.91342267630584,-73.13255206856505,14.908254223562345,41.50518798828125
1664544561012,40.91342267630584,-73.13255206856505,14.908254223562345,41.52365493774414
1664544566093,40.91342267630584,-73.13255206856505,14.908254223562345,41.75196075439453
1664544572164,40.91342267630584,-73.13255206856505,14.908254223562345,42.1846923828125
1664544577015,40.913440882093646,-73.13253973027473,9.41094689325536,45.534518581815064
1664544578015,40.913440882093646,-73.13253973027473,9.528491985307431,45.534518581815064
1664544580014,40.913440882093646,-73.13253973027473,9.90665531229058,45.534518581815064
1664544582014,40.913440882093646,-73.13253973027473,10.330485293456865,45.534518581815064
1664544583040,40.913440882093646,-73.13253973027473,10.592965802344027,45.534518581815064
1664544585013,40.913440882093646,-73.13253973027473,10.953164848362395,45.534518581815064
1664544591015,40.91344714170626,-73.13253563346821,10.999198549599429,44.17373432777822
1664544593015,40.91344714170626,-73.13253563346821,11.355469651001236,44.17373432777822
1664544595014,40.91344714170626,-73.13253563346821,11.78310200682781,44.17373432777822
1664544596014,40.91344714170626,-73.13253563346821,11.93282797991022,44.17373432777822
1664544597015,40.91344714170626,-73.13253563346821,11.97661093960406,44.17373432777822
1664544599013,40.91344714170626,-73.13253563346821,10.690921492621973,44.17373432777822
1664544600015,40.91344714170626,-73.13253563346821,10.896346813158763,44.17373432777822
1664544602015,40.91344714170626,-73.13253563346821,11.309471088401345,44.17373432777822
1664544604014,40.91344714170626,-73.13253563346821,11.748203761253833,44.17373432777822
1664544612014,40.91344405504363,-73.1325326658656,11.317857705318344,44.06308199930936
1664544613015,40.91344405504363,-73.1325326658656,11.55203665155176,44.06308199930936
1664544615015,40.91344405504363,-73.1325326658656,11.896579430926218,44.06308199930936
1664544617015,40.91344405504363,-73.1325326658656,12.227170011522299,44.06308199930936
1664544619003,40.91344405504363,-73.1325326658656,12.607617486832005,44.06308199930936
1664544620003,40.91344405504363,-73.1325326658656,13.009707590116527,44.06308199930936
1664544621004,40.91344405504363,-73.1325326658656,10.895859374558935,44.06308199930936
1664544622004,40.91344405504363,-73.1325326658656,10.948239574044692,44.06308199930936
1664544623004,40.91344405504363,-73.1325326658656,11.33860809584,44.06308199930936
1664544624004,40.91344405504363,-73.1325326658656,11.48792418162806,44.06308199930936
1664544625004,40.91344405504363,-73.1325326658656,11.726947891407269,44.06308199930936
1664544627000,40.91344405504363,-73.1325326658656,12.070770705461614,44.06308199930936
1664544629000,40.91344405504363,-73.1325326658656,12.435317545168244,44.06308199930936
1664544631000,40.91344405504363,-73.1325326658656,12.814530222473694,44.06308199930936
1664544633000,40.91344405504363,-73.1325326658656,12.930864737751463,44.06308199930936
1664544635015,40.91344405504363,-73.1325326658656,11.437383216158782,44.06308199930936
1664544637000,40.91344405504363,-73.1325326658656,11.834266112941703,44.06308199930936
1664544639000,40.91344405504363,-73.1325326658656,12.153999026404994,44.06308199930936
1664544641000,40.91344405504363,-73.1325326658656,12.509636688839105,44.06308199930936
1664544643000,40.91344405504363,-73.1325326658656,12.83439535143124,44.06308199930936
1664544645000,40.91344405504363,-73.1325326658656,10.889474958464232,44.06308199930936
1664544646000,40.91344405504363,-73.1325326658656,11.080624275004727,44.06308199930936
1664544647000,40.91344405504363,-73.1325326658656,11.524297511147923,44.06308199930936
1664544648000,40.91344405504363,-73.1325326658656,11.469677455556663,44.06308199930936
1664544649000,40.91344405504363,-73.1325326658656,11.928950906916317,44.06308199930936
1664544650000,40.91344405504363,-73.1325326658656,12.126131324284485,44.06308199930936
1664544651000,40.91344405504363,-73.1325326658656,12.309144091700054,44.06308199930936
1664544652000,40.91344405504363,-73.1325326658656,12.443154698823523,44.06308199930936
1664544653000,40.91344405504363,-73.1325326658656,12.622195665459785,44.06308199930936
1664544654000,40.91344405504363,-73.1325326658656,12.790406233413654,44.06308199930936
1664544655000,40.91344405504363,-73.1325326658656,12.911455448752092,44.06308199930936
1664544656000,40.91344405504363,-73.1325326658656,13.11675066040261,44.06308199930936
1664544657000,40.91344405504363,-73.1325326658656,13.254264188832368,44.06308199930936
1664544658000,40.91344405504363,-73.1325326658656,13.459768765634657,44.06308199930936
1664544659000,40.91344405504363,-73.1325326658656,13.60510479968854,44.06308199930936
1664544660000,40.91344405504363,-73.1325326658656,13.807458690825174,44.06308199930936
1664544661000,40.91344405504363,-73.1325326658656,13.526403695317228,44.06308199930936
1664544662000,40.91344405504363,-73.1325326658656,13.622355665784472,44.06308199930936
1664544663000,40.91344405504363,-73.1325326658656,13.797237570804471,44.06308199930936
1664544664000,40.91344405504363,-73.1325326658656,13.954915886831591,44.06308199930936
1664544665000,40.91344405504363,-73.1325326658656,14.12302473476694,44.06308199930936
1664544666000,40.91344405504363,-73.1325326658656,13.756915511297686,44.06308199930936
1664544667000,40.91344405504363,-73.1325326658656,13.888274292296819,44.06308199930936
1664544668000,40.91344405504363,-73.1325326658656,13.752618494604938,44.06308199930936
1664544669000,40.91344405504363,-73.1325326658656,14.086347353625047,44.06308199930936
1664544670000,40.91344405504363,-73.1325326658656,13.844694969534185,44.06308199930936
1664544671000,40.91344405504363,-73.1325326658656,13.742514944918087,44.06308199930936
1664544672000,40.91344405504363,-73.1325326658656,13.858054005786242,44.06308199930936
1664544673000,40.91344405504363,-73.1325326658656,13.715590792355036,44.06308199930936
1664544674001,40.91344405504363,-73.1325326658656,13.659859357150923,44.06308199930936
1664544675001,40.91344405504363,-73.1325326658656,13.608060766106693,44.06308199930936
1664544676001,40.91344405504363,-73.1325326658656,13.549297463529696,44.06308199930936
1664544677001,40.91344405504363,-73.1325326658656,13.690415746729299,44.06308199930936
1664544678001,40.91344405504363,-73.1325326658656,11.14865597439521,44.06308199930936
1664544679001,40.91344405504363,-73.1325326658656,11.237739424868819,44.06308199930936
1664544680001,40.91344405504363,-73.1325326658656,11.3813660858366,44.06308199930936
1664544681001,40.91344405504363,-73.1325326658656,11.446662767108705,44.06308199930936
1664544682001,40.91344405504363,-73.1325326658656,11.881175825440582,44.06308199930936
1664544683001,40.91344405504363,-73.1325326658656,11.670073317270615,44.06308199930936
1664544684001,40.91344405504363,-73.1325326658656,11.741665721359398,44.06308199930936
1664544685001,40.91344405504363,-73.1325326658656,12.044988069258572,44.06308199930936
1664544686026,40.91344405504363,-73.1325326658656,12.076248551892425,44.06308199930936
1664544688024,40.91344405504363,-73.1325326658656,12.150201838988574,44.06308199930936
1664544689024,40.91344405504363,-73.1325326658656,10.098289921895056,44.06308199930936
1664544690026,40.91344405504363,-73.1325326658656,10.299297874330273,44.06308199930936
1664544692025,40.91344405504363,-73.1325326658656,10.599829629568946,44.06308199930936
1664544694025,40.91344405504363,-73.1325326658656,10.927091066189186,44.06308199930936
1664544696024,40.91344405504363,-73.1325326658656,11.346396631231165,44.06308199930936
1664544697034,40.91344405504363,-73.1325326658656,11.562947498906349,44.06308199930936
1664544699025,40.91344405504363,-73.1325326658656,12.135324572700597,44.06308199930936
1664544700025,40.91344405504363,-73.1325326658656,12.320689507338418,44.06308199930936
1664544701027,40.91344405504363,-73.1325326658656,12.118898762006772,44.06308199930936
1664544703025,40.91344405504363,-73.1325326658656,10.56642560922962,44.06308199930936
1664544704027,40.91344405504363,-73.1325326658656,10.78219514930713,44.06308199930936
1664544706024,40.91344405504363,-73.1325326658656,10.965375609260153,44.06308199930936
1664544708025,40.91344405504363,-73.1325326658656,11.262600367066868,44.06308199930936
1664544710025,40.91344405504363,-73.1325326658656,11.544204814572412,44.06308199930936
1664544711025,40.91344405504363,-73.1325326658656,11.733131401343762,44.06308199930936
1664544712025,40.91344405504363,-73.1325326658656,11.94876046240413,44.06308199930936
1664544713027,40.91344405504363,-73.1325326658656,10.131868629359547,44.06308199930936
1664544715025,40.91344405504363,-73.1325326658656,10.723936272051654,44.06308199930936
1664544716026,40.91344405504363,-73.1325326658656,10.89811705294718,44.06308199930936
1664544718025,40.91344405504363,-73.1325326658656,11.262985933086677,44.06308199930936
1664544719025,40.91344405504363,-73.1325326658656,11.216959670195104,44.06308199930936
1664544720026,40.91344405504363,-73.1325326658656,11.398523535203712,44.06308199930936
1664544722027,40.91344405504363,-73.1325326658656,11.593623838721419,44.06308199930936
1664544724026,40.91344405504363,-73.1325326658656,11.876529288796391,44.06308199930936
1664544725028,40.91344405504363,-73.1325326658656,10.203156964298696,44.06308199930936
1664544727019,40.91344405504363,-73.1325326658656,10.636100838949814,44.06308199930936
1664544729015,40.91344405504363,-73.1325326658656,10.997301289336082,44.06308199930936
1664544731015,40.91344405504363,-73.1325326658656,11.67955870539409,44.06308199930936
1664544733016,40.91344405504363,-73.1325326658656,11.99716469894522,44.06308199930936
1664544735015,40.91344405504363,-73.1325326658656,12.34844387380136,44.06308199930936
1664544736016,40.91344405504363,-73.1325326658656,12.51450795866601,44.06308199930936
1664544737016,40.91344405504363,-73.1325326658656,10.572461377580716,44.06308199930936
1664544739015,40.91344405504363,-73.1325326658656,10.999976081291813,44.06308199930936
1664544740016,40.91344405504363,-73.1325326658656,11.180352522954689,44.06308199930936
1664544742013,40.91344405504363,-73.1325326658656,11.58091397731031,44.06308199930936
1664544744015,40.91344405504363,-73.1325326658656,11.96514719806653,44.06308199930936
1664544745015,40.91344405504363,-73.1325326658656,12.157573326939493,44.06308199930936
1664544746016,40.91344405504363,-73.1325326658656,12.354893779951455,44.06308199930936
1664544748014,40.91344405504363,-73.1325326658656,12.92407747141868,44.06308199930936
1664544749015,40.91344405504363,-73.1325326658656,10.783372231616841,44.06308199930936
1664544750016,40.91344405504363,-73.1325326658656,10.975968149672257,44.06308199930936
1664544752017,40.91344405504363,-73.1325326658656,11.425501590542776,44.06308199930936
1664544754015,40.91344405504363,-73.1325326658656,11.796221059031648,44.06308199930936
1664544755016,40.91344405504363,-73.1325326658656,11.972791097420705,44.06308199930936
1664544757016,40.91344405504363,-73.1325326658656,12.344808540665051,44.06308199930936
1664544759015,40.91344405504363,-73.1325326658656,12.664765239983629,44.06308199930936
1664544761017,40.91344405504363,-73.1325326658656,12.796367934997605,44.06308199930936
1664544763022,40.91344405504363,-73.1325326658656,11.104410540995794,44.06308199930936
1664544765016,40.91344405504363,-73.1325326658656,11.510449928026281,44.06308199930936
1664544767016,40.91344405504363,-73.1325326658656,12.110019616106815,44.06308199930936
1664544768017,40.91344405504363,-73.1325326658656,12.306143951991901,44.06308199930936
1664544770016,40.91344405504363,-73.1325326658656,12.595851365120916,44.06308199930936
1664544771017,40.91344405504363,-73.1325326658656,12.812247906054532,44.06308199930936
1664544773003,40.91344405504363,-73.1325326658656,10.849656401590808,44.06308199930936
1664544774003,40.91344405504363,-73.1325326658656,10.91564103264524,44.06308199930936
1664544775003,40.91344405504363,-73.1325326658656,11.08243933950217,44.06308199930936
1664544776003,40.91344405504363,-73.1325326658656,10.857804261122194,44.06308199930936
1664544777027,40.91344405504363,-73.1325326658656,10.873638870172359,44.06308199930936
1664544779026,40.91344405504363,-73.1325326658656,11.140052209037227,44.06308199930936
1664544781003,40.91344405504363,-73.1325326658656,11.427283360204784,44.06308199930936
1664544782003,40.91344405504363,-73.1325326658656,11.588196537680417,44.06308199930936
1664544783003,40.91344405504363,-73.1325326658656,11.693464082409497,44.06308199930936
1664544784003,40.91344405504363,-73.1325326658656,11.840890020546526,44.06308199930936
1664544786002,40.91344405504363,-73.1325326658656,11.952513580422183,44.06308199930936
1664544788001,40.91344405504363,-73.1325326658656,12.273225574562453,44.06308199930936
1664544790001,40.91344405504363,-73.1325326658656,11.703061151280762,44.06308199930936
1664544792001,40.91344405504363,-73.1325326658656,11.944736297736304,44.06308199930936
1664544794001,40.91344405504363,-73.1325326658656,12.323566922232686,44.06308199930936
1664544796001,40.91344405504363,-73.1325326658656,12.641774630164177,44.06308199930936
1664544798001,40.91344405504363,-73.1325326658656,12.923900221633293,44.06308199930936
1664544800001,40.91344405504363,-73.1325326658656,13.06236478178742,44.06308199930936
1664544802001,40.91344405504363,-73.1325326658656,11.029627746261747,44.06308199930936
1664544804001,40.91344405504363,-73.1325326658656,10.41324624676985,44.06308199930936
1664544806001,40.91344405504363,-73.1325326658656,9.358016224940982,44.06308199930936
1664544808001,40.91344405504363,-73.1325326658656,8.474042783208013,44.06308199930936
1664544810001,40.91344405504363,-73.1325326658656,8.226116642941353,44.06308199930936
1664544812001,40.91344405504363,-73.1325326658656,8.705511286985889,44.06308199930936
1664544814001,40.91344405504363,-73.1325326658656,9.063165613750689,44.06308199930936
1664544816001,40.91344405504363,-73.1325326658656,8.675371011469617,44.06308199930936
1664544818001,40.91344405504363,-73.1325326658656,9.086417709222953,44.06308199930936
1664544819001,40.91344405504363,-73.1325326658656,9.37798109310209,44.06308199930936
1664544820001,40.91344405504363,-73.1325326658656,9.556280941599276,44.06308199930936
1664544821001,40.91344405504363,-73.1325326658656,9.1607665657192,44.06308199930936
1664544822001,40.91344405504363,-73.1325326658656,9.246328014711414,44.06308199930936
1664544823001,40.91344405504363,-73.1325326658656,9.056579932943405,44.06308199930936
1664544824001,40.91344405504363,-73.1325326658656,9.047692872184117,44.06308199930936
1664544825001,40.91344405504363,-73.1325326658656,8.93590890482939,44.06308199930936
1664544826001,40.91344405504363,-73.1325326658656,9.190723678968855,44.06308199930936
1664544827001,40.91344405504363,-73.1325326658656,9.364681279438493,44.06308199930936
1664544828001,40.91344405504363,-73.1325326658656,9.360609315551148,44.06308199930936
1664544829001,40.91344405504363,-73.1325326658656,9.500742115371795,44.06308199930936
1664544830001,40.91344405504363,-73.1325326658656,9.368834557255575,44.06308199930936
1664544831001,40.91344405504363,-73.1325326658656,9.425180255421726,44.06308199930936
1664544832001,40.91344405504363,-73.1325326658656,9.537796833847619,44.06308199930936
1664544833001,40.91344405504363,-73.1325326658656,9.565461556796205,44.06308199930936
1664544834001,40.91344405504363,-73.1325326658656,9.813447658861886,44.06308199930936
1664544835001,40.91344405504363,-73.1325326658656,9.662629319310087,44.06308199930936
1664544836001,40.91344405504363,-73.1325326658656,9.908631710411406,44.06308199930936
1664544837001,40.91344405504363,-73.1325326658656,9.916734180455617,44.06308199930936
1664544838001,40.91344405504363,-73.1325326658656,10.132061138079347,44.06308199930936
1664544839001,40.91344405504363,-73.1325326658656,10.078156046295312,44.06308199930936
1664544840001,40.91344405504363,-73.1325326658656,10.27460459851402,44.06308199930936
1664544841001,40.91344405504363,-73.1325326658656,10.382870053536493,44.06308199930936
1664544842001,40.91344405504363,-73.1325326658656,10.523248122400437,44.06308199930936
1664544843001,40.91344405504363,-73.1325326658656,10.66634986889458,44.06308199930936
1664544844001,40.91344405504363,-73.1325326658656,10.514450952945865,44.06308199930936
1664544845001,40.91344405504363,-73.1325326658656,10.575216138117021,44.06308199930936
1664544846001,40.91344405504363,-73.1325326658656,10.795557999373294,44.06308199930936
1664544847001,40.91344405504363,-73.1325326658656,11.005640083999312,44.06308199930936
1664544848001,40.91344405504363,-73.1325326658656,11.008700112450235,44.06308199930936
1664544849001,40.91344405504363,-73.1325326658656,11.183293454789128,44.06308199930936
1664544850001,40.91344405504363,-73.1325326658656,11.32737786914874,44.06308199930936
1664544851001,40.91344405504363,-73.1325326658656,9.663510323749327,44.06308199930936
1664544852001,40.91344405504363,-73.1325326658656,9.716622882168835,44.06308199930936
1664544853001,40.91344405504363,-73.1325326658656,9.85618796242478,44.06308199930936
1664544854001,40.91344405504363,-73.1325326658656,10.019269729885321,44.06308199930936
1664544855001,40.91344405504363,-73.1325326658656,10.173843895042971,44.06308199930936
1664544856001,40.91344405504363,-73.1325326658656,10.324505495419972,44.06308199930936
1664544857001,40.91344405504363,-73.1325326658656,10.397123057044995,44.06308199930936
1664544858001,40.91344405504363,-73.1325326658656,10.55446168959727,44.06308199930936
1664544859001,40.91344405504363,-73.1325326658656,10.379608765030024,44.06308199930936
1664544860001,40.91344405504363,-73.1325326658656,10.519674969165703,44.06308199930936
1664544861001,40.91344405504363,-73.1325326658656,10.475857298582635,44.06308199930936
1664544862001,40.91344405504363,-73.1325326658656,10.450244694314536,44.06308199930936
1664544863001,40.91344405504363,-73.1325326658656,10.358023451166506,44.06308199930936
1664544864001,40.91344405504363,-73.1325326658656,10.409341084285671,44.06308199930936
1664544865001,40.91344405504363,-73.1325326658656,10.16571481463973,44.06308199930936
1664544866001,40.91344405504363,-73.1325326658656,10.423960059189897,44.06308199930936
1664544867001,40.91344405504363,-73.1325326658656,10.090322595951072,44.06308199930936
1664544868001,40.91344405504363,-73.1325326658656,10.45303635449923,44.06308199930936
1664544869001,40.91344405504363,-73.1325326658656,10.403771185614604,44.06308199930936
1664544870001,40.91344405504363,-73.1325326658656,10.44468481277382,44.06308199930936
1664544871001,40.91344405504363,-73.1325326658656,10.409385418390036,44.06308199930936
1664544872001,40.91344405504363,-73.1325326658656,10.48325157320352,44.06308199930936
1664544873001,40.91344405504363,-73.1325326658656,10.652425072059511,44.06308199930936
1664544874001,40.91344405504363,-73.1325326658656,10.78944561769811,44.06308199930936
1664544875001,40.91344405504363,-73.1325326658656,10.80238975569663,44.06308199930936
1664544876001,40.91344405504363,-73.1325326658656,10.894705768031343,44.06308199930936
1664544877001,40.91344405504363,-73.1325326658656,10.836421527572837,44.06308199930936
1664544878001,40.91344405504363,-73.1325326658656,10.982314655587349,44.06308199930936
1664544879001,40.91344405504363,-73.1325326658656,10.974353168811247,44.06308199930936
1664544880001,40.91344405504363,-73.1325326658656,11.120424877073136,44.06308199930936
1664544881002,40.91344405504363,-73.1325326658656,11.251097609980832,44.06308199930936
1664544882002,40.91344405504363,-73.1325326658656,9.865708747556747,44.06308199930936
1664544883002,40.91344405504363,-73.1325326658656,9.94520224993178,44.06308199930936
1664544884002,40.91344405504363,-73.1325326658656,10.16120087251148,44.06308199930936
1664544885002,40.91344405504363,-73.1325326658656,10.288484490602748,44.06308199930936
1664544886002,40.91344405504363,-73.1325326658656,10.29577162030815,44.06308199930936
1664544887002,40.91344405504363,-73.1325326658656,10.44483616873793,44.06308199930936
1664544888002,40.91344405504363,-73.1325326658656,10.358076385615199,44.06308199930936
1664544889002,40.91344405504363,-73.1325326658656,10.425270607190075,44.06308199930936
1664544890002,40.91344405504363,-73.1325326658656,10.458650621017684,44.06308199930936
1664544891002,40.91344405504363,-73.1325326658656,10.532927611909756,44.06308199930936
1664544892002,40.91344405504363,-73.1325326658656,10.686037369384678,44.06308199930936
1664544893002,40.91344405504363,-73.1325326658656,10.775463517616622,44.06308199930936
1664544894002,40.91344405504363,-73.1325326658656,10.934061435941265,44.06308199930936
1664544895002,40.91344405504363,-73.1325326658656,10.850369681275563,44.06308199930936
1664544896002,40.91344405504363,-73.1325326658656,11.090494920383964,44.06308199930936
1664544897002,40.91344405504363,-73.1325326658656,11.09255668503497,44.06308199930936
1664544898002,40.91344405504363,-73.1325326658656,10.745618985343066,44.06308199930936
1664544899002,40.91344405504363,-73.1325326658656,10.39624079361895,44.06308199930936
1664544900002,40.91344405504363,-73.1325326658656,10.621984902904003,44.06308199930936
1664544901002,40.91344405504363,-73.1325326658656,10.906778524860053,44.06308199930936
1664544902002,40.91344405504363,-73.1325326658656,10.115047993583536,44.06308199930936
1664544903002,40.91344405504363,-73.1325326658656,10.372512433292917,44.06308199930936
1664544904002,40.91344405504363,-73.1325326658656,10.034696611703264,44.06308199930936
1664544905002,40.91344405504363,-73.1325326658656,10.136117887653636,44.06308199930936
1664544906002,40.91344405504363,-73.1325326658656,10.222587800825917,44.06308199930936
1664544907002,40.91344405504363,-73.1325326658656,10.284158812964565,44.06308199930936
1664544908002,40.91344405504363,-73.1325326658656,10.367100170270954,44.06308199930936
1664544909002,40.91344405504363,-73.1325326658656,9.927167216373812,44.06308199930936
1664544910002,40.91344405504363,-73.1325326658656,10.067400791153068,44.06308199930936
1664544912001,40.91344405504363,-73.1325326658656,10.395184973445728,44.06308199930936
1664544914001,40.91344405504363,-73.1325326658656,10.6234090336146,44.06308199930936
1664544916001,40.91344405504363,-73.1325326658656,9.666103614123575,44.06308199930936
1664544918001,40.91344405504363,-73.1325326658656,10.023400756872482,44.06308199930936
1664544920001,40.91344405504363,-73.1325326658656,10.562426253542126,44.06308199930936
1664544922001,40.91344405504363,-73.1325326658656,10.818173992538668,44.06308199930936
1664544924001,40.91344405504363,-73.1325326658656,11.038554443785369,44.06308199930936
1664544926000,40.91344405504363,-73.1325326658656,11.307506287995723,44.06308199930936
1664544928000,40.91344405504363,-73.1325326658656,11.70217729720015,44.06308199930936
1664544930000,40.91344405504363,-73.1325326658656,12.073024606751112,44.06308199930936
1664544932000,40.91344405504363,-73.1325326658656,12.44800110092415,44.06308199930936
1664544934000,40.91344405504363,-73.1325326658656,12.813915483246582,44.06308199930936
1664544936000,40.91344405504363,-73.1325326658656,12.032676720911986,44.06308199930936
1664544937000,40.91344405504363,-73.1325326658656,12.210907910128709,44.06308199930936
1664544939000,40.91344405504363,-73.1325326658656,12.734878891329211,44.06308199930936
1664544940000,40.91344405504363,-73.1325326658656,12.794643736552315,44.06308199930936
1664544941000,40.91344405504363,-73.1325326658656,12.978710548965957,44.06308199930936
1664544942000,40.91344405504363,-73.1325326658656,13.172449107907802,44.06308199930936
1664544943000,40.91344405504363,-73.1325326658656,13.299714476049775,44.06308199930936
1664544944000,40.91344405504363,-73.1325326658656,13.474095494611769,44.06308199930936
1664544945000,40.91344405504363,-73.1325326658656,12.413369546239776,44.06308199930936
1664544946000,40.91344405504363,-73.1325326658656,10.620917217914284,44.06308199930936
1664544947000,40.91344405504363,-73.1325326658656,10.84640346468824,44.06308199930936
1664544948000,40.91344405504363,-73.1325326658656,10.96398621351967,44.06308199930936
1664544949000,40.91344405504363,-73.1325326658656,11.211803408109086,44.06308199930936
1664544950000,40.91344405504363,-73.1325326658656,11.337812271683367,44.06308199930936
1664544951000,40.91344405504363,-73.1325326658656,11.342867368827244,44.06308199930936
1664544952000,40.91344405504363,-73.1325326658656,11.53654400696687,44.06308199930936
1664544953000,40.91344405504363,-73.1325326658656,11.732045656687179,44.06308199930936
1664544954000,40.91344405504363,-73.1325326658656,11.826185843761287,44.06308199930936
1664544955000,40.91344405504363,-73.1325326658656,12.024181128606568,44.06308199930936
1664544956000,40.91344405504363,-73.1325326658656,12.217748510587022,44.06308199930936
1664544957000,40.91344405504363,-73.1325326658656,12.628249549620435,44.06308199930936
1664544958000,40.91344405504363,-73.1325326658656,12.756865255042769,44.06308199930936
1664544959001,40.91344405504363,-73.1325326658656,12.915340872574351,44.06308199930936
1664544960001,40.91344405504363,-73.1325326658656,13.114282381553831,44.06308199930936
1664544961001,40.91344405504363,-73.1325326658656,13.301207325944297,44.06308199930936
1664544962001,40.91344405504363,-73.1325326658656,13.42342471359774,44.06308199930936
1664544963001,40.91344405504363,-73.1325326658656,13.612013086202358,44.06308199930936
1664544964001,40.91344405504363,-73.1325326658656,13.69483274613253,44.06308199930936
1664544965027,40.91344405504363,-73.1325326658656,13.823159365718984,44.06308199930936
1664544967024,40.91344405504363,-73.1325326658656,11.565263596527007,44.06308199930936
1664544968025,40.91344405504363,-73.1325326658656,11.741053375893442,44.06308199930936
1664544969025,40.91344405504363,-73.1325326658656,11.922239815722977,44.06308199930936
1664544971025,40.91344405504363,-73.1325326658656,12.315547472198562,44.06308199930936
1664544973026,40.91344405504363,-73.1325326658656,12.483294898649332,44.06308199930936
1664544975026,40.91344405504363,-73.1325326658656,11.925950965492603,44.06308199930936
1664544977025,40.91344405504363,-73.1325326658656,12.200670624021974,44.06308199930936
1664544978026,40.91344405504363,-73.1325326658656,10.26212792994775,44.06308199930936
1664544980025,40.91344405504363,-73.1325326658656,10.73687987823464,44.06308199930936
1664544982024,40.91344405504363,-73.1325326658656,11.07082485333278,44.06308199930936
1664544983060,40.91344405504363,-73.1325326658656,11.312840356081018,44.06308199930936
1664544985025,40.91344405504363,-73.1325326658656,11.202061951464447,44.06308199930936
1664544986025,40.91344405504363,-73.1325326658656,10.727067147933834,44.06308199930936
1664544988025,40.91344405504363,-73.1325326658656,11.143657896801425,44.06308199930936
1664544989026,40.91343113064221,-73.13257171647058,11.633427915109056,44.28127163555473
1664544990028,40.91343330702959,-73.13257435066548,11.963600217831633,44.38370913639665
1664544991021,40.91345167727526,-73.13258054070307,11.747616652115475,44.094638707116246
1664544992015,40.91345083483062,-73.13257368874585,11.25215251846409,44.061742848716676
1664544993015,40.91345078602635,-73.13257236392303,13.873793617622539,44.06854788027704
1664544994015,40.913449724910414,-73.13257077183427,16.447090778304783,44.07897866331041
1664544995015,40.91345118192936,-73.13257231675,20.120308292060127,43.97259661462158
1664544996014,40.91345635745372,-73.13256734586963,24.699355798376143,43.92801379878074
1664544997015,40.91346251408334,-73.13255421059769,29.225615373636334,43.8954755757004
1664544998014,40.91346656571228,-73.13254771214815,34.25706523039933,43.89348346926272
1664545006001,40.91342846072743,-73.1325264850943,24.338445170739163,44.0351489931345
1664545007001,40.91343111661,-73.13252975223212,27.769543267779127,44.05294681992382
1664545008001,40.91342793833363,-73.13255107765389,31.17851145351056,44.10984567087144
1664545009001,40.91338466596047,-73.13263086965134,13.030743217774583,43.51615799125284
1664545010001,40.913390581275834,-73.13261466388599,9.644145835900124,43.87933460902423
1664545011001,40.9133725153041,-73.13262651442194,9.604512055215523,43.79690647125244
1664545012001,40.91336638874872,-73.13261148604136,11.016139920249508,43.70837533567101
1664545013001,40.91335671949505,-73.13261829466563,13.239657388940545,43.588515020906925
1664545014001,40.91335674219557,-73.13261434864732,15.541412707237091,43.93685334920883
1664545015001,40.913352436264894,-73.1326091256526,18.4348524938937,44.07623042538762
1664545016001,40.913401233106214,-73.13256021370515,14.076645347254912,43.7987187737599
1664545017001,40.91340185569381,-73.13256128407194,16.059197408363538,44.05327281076461
1664545018001,40.91339314893579,-73.1326311233777,17.066794588251117,43.24244451429695
1664545019001,40.91340303632723,-73.13261566799001,11.34988424684131,43.69481200538576
1664545020001,40.91340134905373,-73.13262361511998,11.064810821547297,43.74913099873811
1664545021001,40.91337206752172,-73.13258868933951,8.856503355648993,43.67828055471182
1664545022001,40.91336670187195,-73.13259195789853,8.99133664329935,43.581231800839305
1664545023002,40.91335154039928,-73.13257345132564,8.752793188904791,43.329242607578635
1664545024002,40.91335268957731,-73.13255650372226,9.89135943799961,43.66470362525433
1664545025002,40.91335839957702,-73.13255147019446,10.998834284945882,43.716549347154796
1664545026002,40.91337449325255,-73.13255495693683,9.96156306826399,43.907473757863045
1664545027002,40.91337746082314,-73.1325637038279,10.621766491046344,43.93332090880722
1664545028002,40.913378083573484,-73.13255327114882,10.869705361445728,43.9993716115132
1664545029002,40.913371522516435,-73.13253036875311,9.04529514721616,43.866830446757376
1664545030002,40.913359892037676,-73.13251580204953,8.749091882058213,43.79456499405205
1664545031002,40.913352661391066,-73.13252630761764,8.49590535032208,43.84987539798021
1664545032002,40.91335077216886,-73.13252283424069,9.957688805697856,43.86009030230343
1664545033002,40.91330192067083,-73.13250630728804,9.649999189967714,44.11371723562479
1664545034002,40.91334232424212,-73.13250539829788,10.024286985294102,44.22216097265482
1664545035002,40.913352175801684,-73.13250810781727,9.273836941816826,44.21604365110397
1664545036002,40.91335739873711,-73.13251793857437,10.64840748413528,44.20910701621324
1664545038000,40.91335739873711,-73.13251793857437,8.183823327426344,44.20910701621324
1664545040000,40.91335711649769,-73.13253137037933,7.688438236156194,44.270065581426024
1664545041000,40.91335519441924,-73.13253656374314,8.152388868184056,44.088141560554504
1664545042000,40.9133551892284,-73.1325365195582,7.871391948314844,44.243927888572216
1664545043000,40.91335332875772,-73.13255573453405,8.229490977346963,44.01880747359246
1664545044000,40.913352023667535,-73.13254513495879,8.659770010061514,44.2017638348043
1664545045000,40.9133533476132,-73.1325427235182,9.190060440613696,44.146373104304075
1664545046000,40.913347004219695,-73.13255360020335,9.64218562301938,44.18961480166763
1664545047000,40.913340976631005,-73.13253671833509,11.143662394101623,44.07062869518995
1664545048000,40.91334608939306,-73.13256043778338,11.21500148222879,43.9372668042779
1664545049000,40.91334165321995,-73.13255995078272,12.791528021144432,44.23407441843301
1664545050000,40.91333276054188,-73.13254179668516,13.693336081022082,44.112147664651275
1664545050999,40.91333393744931,-73.13257092189056,14.146772676427656,43.96967202052474
1664545051999,40.91333027168313,-73.13257667181338,14.499911857355295,44.09319243580103
1664545052999,40.91334640423545,-73.13257571127161,11.645079404738567,44.125065128318965
1664545053999,40.913345994484615,-73.13258383513653,11.922751479471676,44.049692819826305
1664545054999,40.91334647861691,-73.13258468158853,11.469980164298324,44.048599858768284
1664545055999,40.91333999016382,-73.13257360563347,11.0797607168501,43.972864493727684
1664545056999,40.913341602750805,-73.13258967806988,10.691658432147497,43.95652141794562
1664545057999,40.91334023222058,-73.13258638159267,10.537479410657655,43.91618064511567
1664545058999,40.91333868715674,-73.13259410072097,10.537330675931871,44.051736435852945
1664545059999,40.913341466829785,-73.13260720704956,10.826946458984088,43.94423909112811
1664545061000,40.91334889372874,-73.13261524420017,11.245256280531878,43.89686881285161
1664545062000,40.913353994901016,-73.13261511148238,11.698359837544327,43.627469474449754
1664545063000,40.913368708984805,-73.13262052787998,12.327227452438247,44.001664170995355
1664545064000,40.913368708984805,-73.13262052787998,10.352603307078397,44.001664170995355
1664545065000,40.913368708984805,-73.13262052787998,9.457346648886862,44.001664170995355
1664545066000,40.913368708984805,-73.13262052787998,9.238338758647537,44.001664170995355
1664545067000,40.913388080514,-73.13260296914142,8.75323586115934,43.949537416920066
1664545068000,40.91338928684649,-73.1326041270673,8.799274284350494,43.971250692382455
1664545069000,40.913392514690074,-73.13260032435774,8.651631042351184,43.95243897475302
1664545070000,40.913392505512896,-73.13260055393357,8.425516341456007,43.95652974490076
1664545071000,40.91338599368732,-73.13259461379144,8.601976152870089,44.03829762991518
1664545072000,40.91338599368732,-73.13259461379144,8.384567262851455,44.03829762991518
1664545073000,40.91339424696558,-73.1325843730568,8.620769178203446,43.730814933776855
1664545074000,40.9133916181839,-73.1325824460457,9.944802782088724,44.03222050052136
1664545075000,40.913397458667966,-73.13258254594099,11.249720155732643,43.82744246721268
1664545076000,40.91338822518257,-73.13258819373144,12.522535088068414,43.83471885789186
1664545077000,40.913379940436826,-73.13258131225791,14.011648476408075,43.905345815233886
1664545078000,40.913387019675866,-73.1325939308673,15.276730461541865,43.92596676386893
1664545079000,40.91337855117,-73.13256955450792,15.399462126601746,43.88083062879741
1664545080000,40.91337765204763,-73.13256969759112,10.727683802648288,43.87477017194033
1664545081000,40.91336121163777,-73.13259855170384,9.389523840368254,44.001980687491596
1664545082000,40.91336060575313,-73.13259866451963,8.392677157041485,44.00848333723843
1664545083000,40.913353421515666,-73.13255479941799,7.292420834928458,44.02495786175132
1664545084000,40.91335634787994,-73.13255820898937,8.03251620577812,44.0430441852659
1664545085000,40.91336352187022,-73.13256109692772,9.182612793508802,44.08132087811828
1664545086000,40.91336078095117,-73.13256394613605,8.13759852932334,44.06437180284411
1664545087000,40.91336078095117,-73.13256394613605,8.110590637350745,44.06437180284411
1664545088000,40.9133661214935,-73.1325662610494,8.391849966675286,44.05524569749832
1664545089000,40.91336356116631,-73.1325498762063,8.283183590904272,44.05821384303272
1664545090000,40.91335929593224,-73.13255693425194,8.65812337343076,44.04805452376604
1664545091000,40.91335838601999,-73.13255364124848,9.612966100578914,44.00430956482887
1664545092000,40.9133547196232,-73.1325594066208,10.000059659048093,44.07220861222595
1664545093000,40.913335994375906,-73.13254528563691,12.098093754004143,43.90552263893187
1664545094000,40.913328769712095,-73.13254188956248,15.07954318499856,44.38306046836078
1664545095000,40.913320811603725,-73.13253919266874,19.040357302112586,44.12535587698221
1664545096000,40.91331738715948,-73.1325255945583,20.030261862983618,44.157720004208386
1664545097000,40.91339299149683,-73.13253141390054,14.36299799328351,44.260647954419255
1664545098000,40.91338207349086,-73.13252554099394,16.00150159739624,44.225117842666805
1664545099000,40.913382215579574,-73.1325115853665,18.190572450203742,44.1088125994429
1664545100000,40.913408194308175,-73.13253395204661,19.809328767302922,44.23091929964721
1664545101000,40.913450638225605,-73.13253495971367,13.372087338530168,44.38746456243098
1664545102000,40.913441046459255,-73.13253665319729,15.082364066621691,44.14569186512381
1664545103000,40.91343458298732,-73.13253207191109,16.907626231240318,44.300168556161225
1664545104000,40.9134271522947,-73.13253710405404,18.165547408367395,44.37120623420924
1664545105000,40.91343156016862,-73.1325345739911,19.347431931834745,44.10705566685647
1664545106000,40.913425234983755,-73.13253552365846,20.524810792710298,44.02715968992561
1664545107000,40.9134275062412,-73.1325373828141,21.101075545818254,43.96460081450641
1664545108000,40.91338976457178,-73.13250283481318,21.742091443308787,43.91007641609758
1664545109000,40.91338683172958,-73.13254833958312,18.68540233915998,44.08137383218855
1664545110000,40.9133860170452,-73.13254833149816,15.315773731919537,44.091124326922
1664545111000,40.91341208600089,-73.13259718014675,14.674323907631365,44.06407886277884
1664545112000,40.91341208600089,-73.13259718014675,13.78547308342829,44.06407886277884
1664545113000,40.913407124254604,-73.13260756354887,12.956158784887458,43.971751779317856
1664545114000,40.91340087566605,-73.13263768677722,11.53709216513602,43.97645956277847
1664545115000,40.913385363914884,-73.13262514651092,11.563184111605944,43.91303562000394
1664545116000,40.913384649676516,-73.13260376139384,11.678273576565216,43.88063847459853
1664545117000,40.9133768128724,-73.13261517153721,12.248841491214778,44.04439089354128
1664545118000,40.9133738540634,-73.13261254473903,13.750525407392892,43.75115050561726
1664545119000,40.91336089411137,-73.13261062665786,15.856522679365558,43.74888272956014
1664545120001,40.91335625401596,-73.13260347460736,18.066325199426355,43.828608041629195
1664545121001,40.91338049372535,-73.13259010077861,20.7044263311171,43.728059427812696
1664545122001,40.91339224417506,-73.13265749168318,21.40912025878973,43.98753119446337
1664545123001,40.913384972620086,-73.13265859843192,23.629707539665546,43.75511148851365
1664545124001,40.91337695856831,-73.13265506003978,25.26026918512373,43.67475024797022
1664545125001,40.91336040591729,-73.13266872595274,27.124019072766238,43.733686150982976
1664545126001,40.91334516702225,-73.13270263616144,25.484446062976787,43.74364430271089
1664545127001,40.91331623552447,-73.13270544603938,21.28980884319357,43.65575788728893
1664545128001,40.9133321268985,-73.13269548852669,20.148870590680097,43.574092196300626
1664545129001,40.9133300896103,-73.13269351987502,15.082375568573987,43.52939699776471
1664545130001,40.913314594079104,-73.13270489839677,13.345264649150606,43.42759864684194
1664545131001,40.913318010309354,-73.1326920375115,12.687335583269851,43.75868842191994
1664545132001,40.91331823119582,-73.13269180059865,11.43113838545891,43.791837602853775
1664545133001,40.91332995028178,-73.13271536138419,11.206902576575912,43.53007860574871
1664545134001,40.91334189596204,-73.13273036199848,11.585936431578704,43.51632147934288
1664545135001,40.91334141684027,-73.13273108797988,12.853269250659524,43.47710558865219
1664545136001,40.913340733747766,-73.13272745801568,15.073290139154242,43.40708567760885
1664545137001,40.913375491409155,-73.13263581284197,10.623016766997692,43.42222815938294
1664545138001,40.913373166723716,-73.13263855992172,10.987106140186036,43.582528514787555
1664545139001,40.91337814844202,-73.13263591832607,11.461757385423585,43.57559230364859
1664545140001,40.9133767613046,-73.13263793470665,11.251314669929636,43.5925922030583
1664545141001,40.9133767613046,-73.13263793470665,10.774870419903067,43.5925922030583
1664545142001,40.91335909388799,-73.13261979846537,10.80160655227298,43.685446507297456
1664545143001,40.91336229699424,-73.13262032312839,10.742792951155103,43.57269238680601
1664545144001,40.91335913355421,-73.13262085460829,10.833232990420242,43.57275876868516
1664545145001,40.913357697637124,-73.13260745188339,11.028350181753314,43.58635180350393
1664545146001,40.913357829802266,-73.13260775714693,11.005923096288916,43.55186509061605
1664545147001,40.913357829802266,-73.13260775714693,11.513538872739929,43.55186509061605
1664545148001,40.91335704843711,-73.13258404309113,12.3926214516857,43.53433729149401
1664545149001,40.91335713821706,-73.1325772275677,14.132112949698067,43.80292620137334
1664545150001,40.91335949364128,-73.13257411239964,16.510072646935207,43.704010009765625
1664545151001,40.913367913406866,-73.13256824930626,17.771998600128025,43.7419346421957
1664545152001,40.91338076962388,-73.13257153355644,19.59016390219884,43.91690822504461
1664545153001,40.91338116271521,-73.13256721677637,14.926833743793912,43.943195446394384
1664545154001,40.91338116271521,-73.13256721677637,14.708256714929375,43.943195446394384
1664545155001,40.91336549220804,-73.13255308765926,14.74544341678102,43.9498473117128
1664545156001,40.91338748163428,-73.1325550185651,11.768846898308059,44.06008615065366
1664545157001,40.91338748163428,-73.1325550185651,12.023045969445084,44.06008615065366
1664545158001,40.91338748163428,-73.1325550185651,12.104625733355496,44.06008615065366
1664545159001,40.913394635664616,-73.13256445284476,12.62809703497068,44.1580691691488
1664545160001,40.91339481153619,-73.13256875564889,13.335391130417898,44.11618321854621
1664545161001,40.91340554816383,-73.13261041002094,12.673190339222934,44.10018280893564
1664545162001,40.91339828389908,-73.13262101693925,10.994306895525243,44.172889394685626
1664545162996,40.91340082384859,-73.13263829714465,9.739891121571207,43.94489231798798
1664545163996,40.913422544407645,-73.13264674046837,8.872153372241954,44.05523664318025
1664545164996,40.91342866976858,-73.13264179695105,9.102724810079915,43.94234141986817
1664545165996,40.91342125924332,-73.13265044035425,10.113072938419622,43.97981456760317
1664545166996,40.91344659546646,-73.13262052578645,11.302630100580176,43.946552955545485
1664545167996,40.9134464123241,-73.13259550456212,10.742011426451112,43.694359079003334
1664545168996,40.91343528472206,-73.13259385448744,12.260469702194381,43.85693620238453
1664545169996,40.91343680325033,-73.13259969232243,9.5493167942699,43.92783432547003
1664545170996,40.91343306586685,-73.13259800806716,10.032558979753482,43.96646358445287
1664545171996,40.91343306586685,-73.13259800806716,9.654603650690152,43.96646358445287
1664545172996,40.91343306586685,-73.13259800806716,9.419632533461321,43.96646358445287
1664545173996,40.91342168026409,-73.13259039790486,9.25209709865903,43.83480470534414
1664545174996,40.91342168026409,-73.13259039790486,8.91347055772573,43.83480470534414
1664545175996,40.91342168026409,-73.13259039790486,9.003373297935166,43.83480470534414
1664545176996,40.91342168026409,-73.13259039790486,8.95585070889481,43.83480470534414
1664545177996,40.91342168026409,-73.13259039790486,9.181836506719627,43.83480470534414
1664545178996,40.91342168026409,-73.13259039790486,9.163782138836973,43.83480470534414
1664545179996,40.91342168026409,-73.13259039790486,8.180900148323525,43.83480470534414
1664545180996,40.91342168026409,-73.13259039790486,8.18187128926569,43.83480470534414
1664545181997,40.91342168026409,-73.13259039790486,8.413579809773568,43.83480470534414
1664545182997,40.91342168026409,-73.13259039790486,8.395372571137013,43.83480470534414
1664545183997,40.91342168026409,-73.13259039790486,8.189204247617408,43.83480470534414
1664545184997,40.91342168026409,-73.13259039790486,8.297121494204719,43.83480470534414
1664545185997,40.91342168026409,-73.13259039790486,8.324385607793726,43.83480470534414
1664545186997,40.91342168026409,-73.13259039790486,7.714237656536962,43.83480470534414
1664545187997,40.91342168026409,-73.13259039790486,8.213479588957085,43.83480470534414
1664545188997,40.91342168026409,-73.13259039790486,8.180491137355258,43.83480470534414
1664545189997,40.913400907583934,-73.13258659755516,8.32256914285264,43.756379790604115
1664545190997,40.913400907583934,-73.13258659755516,8.323865393422075,43.756379790604115
1664545191997,40.913400907583934,-73.13258659755516,8.108930064534626,43.756379790604115
1664545192998,40.913400907583934,-73.13258659755516,7.756904551468871,43.756379790604115
1664545193998,40.913400907583934,-73.13258659755516,8.405606070783138,43.756379790604115
1664545194998,40.913400907583934,-73.13258659755516,7.596981026591698,43.756379790604115
1664545195998,40.913400907583934,-73.13258659755516,7.574745370981426,43.756379790604115
1664545196998,40.91338289018546,-73.13257740457499,7.481522012188272,43.82269813679159
1664545197998,40.91338288536419,-73.13257735511775,7.916328145903506,43.93636266794056
1664545198998,40.91338926050817,-73.1325739218342,7.209419659506119,43.94970832299441
1664545199998,40.91338613615878,-73.1325765608348,7.238374745743921,43.64683115854859
1664545200998,40.91339002131522,-73.1325817456793,7.329207837322127,43.69776832591742
1664545201998,40.91339240997579,-73.1325824857772,7.867319443769678,43.872346066869795
1664545202998,40.91339967602039,-73.13258723788186,8.74984680298643,44.006902150809765
1664545203998,40.913414527343186,-73.13257597496515,9.071584238327002,43.96472433488816
1664545204998,40.91341887088842,-73.13257120898169,10.608415759623504,44.035850898362696
1664545205998,40.91342036340239,-73.13257567406647,12.701910905763933,44.17635959945619
1664545206998,40.91341781748524,-73.13257754055884,15.143335396617584,43.957795274443924
1664545207998,40.9134127395729,-73.13256890690516,10.108071786655142,44.010383882559836
1664545208998,40.91340877578418,-73.13256288332632,10.998774793140258,43.980915871448815
1664545209998,40.91341431257594,-73.13255222167487,10.360219893795419,44.02686781343073
1664545210998,40.91341555600236,-73.13255011780821,12.504392868295517,44.001873838715255
1664545211999,40.913415992835304,-73.13254719829169,15.318568419893483,44.00273000728339
1664545212999,40.913411840541215,-73.1325392691387,17.187617767564156,44.04623512830585
1664545213999,40.91342035116797,-73.13254680198285,18.255566513177893,43.986677954904735
1664545214999,40.91344271164284,-73.13253888120711,19.499439448324953,43.85205148905516
1664545215999,40.91344765254164,-73.13252905923898,23.134511916586458,44.07249278854579
1664545216999,40.91344734023587,-73.13251807214945,27.1393844947757,44.0283017475158
1664545217999,40.91344960136822,-73.13251572551722,31.062473615207374,44.06670579314232
1664545218999,40.913453871779225,-73.13250366242023,36.17459416087645,44.12782004941255
1664545219999,40.91345735017185,-73.13249493990044,41.62058410621169,44.19244956690818
1664545220999,40.91347517081362,-73.13242358890618,43.77808787023586,44.285364862531424
1664545221999,40.91347664442417,-73.13245173758347,42.012865931266795,44.308055953122675
1664545222999,40.91343677738992,-73.13248905535512,19.562931902759082,44.23409877810627
1664545223999,40.91343677738992,-73.13248905535512,15.733051238093422,44.23409877810627
1664545224999,40.91343677738992,-73.13248905535512,11.546196456255826,44.23409877810627
1664545225999,40.91341853807112,-73.13253494686009,10.750015408473816,44.436249539256096
1664545226999,40.9134189035186,-73.13255017785727,10.916550588892633,44.297951053828
1664545227999,40.91342146216658,-73.13254254095801,11.335389631877222,44.30603683926165
1664545228999,40.91342551484241,-73.13254075377024,12.940238387783321,44.06161405146122
1664545229999,40.91342893748642,-73.13254279267578,10.56867459110828,44.09095132909715
1664545230999,40.91343694271945,-73.13256056079781,9.8967647495877,44.25514912046492
1664545231999,40.913437082971505,-73.13256053812508,9.445664157119461,44.264996628277004
1664545232999,40.913421725375954,-73.13256190474257,9.535815809345337,44.22502050641924
1664545233999,40.91342479332176,-73.13256217445793,8.873303673328355,44.26134975813329
1664545234999,40.913424883196896,-73.13256221649877,7.7197557335127405,44.2803690219298
1664545235999,40.913424883196896,-73.13256221649877,7.466170167111253,44.2803690219298
1664545236999,40.913430611811584,-73.13257235570077,7.295598594743705,44.27096828632057
1664545237999,40.913430611811584,-73.13257235570077,7.251054812319527,44.27096828632057
1664545238999,40.91343554399449,-73.13257576947892,7.447381473602484,44.160836435854435
1664545239999,40.91343259013418,-73.13258514467839,7.820064338018353,44.039464354515076
1664545240999,40.913432379947864,-73.13258192263606,8.996032733944178,43.911459878087044
1664545241999,40.913429000354256,-73.13257888799103,9.935317987621072,44.03201161790639
1664545242999,40.913437940129654,-73.1325767928868,10.446409821956951,43.99871529079974
1664545244000,40.91342859786899,-73.1325669067813,11.44702045645765,44.037972301244736
1664545245000,40.91344130728731,-73.13258132541536,11.37893581374677,44.03645007684827
1664545246000,40.91343417593045,-73.13258002759645,13.025536399304784,43.75936871394515
1664545247000,40.913408069976555,-73.13254736776982,13.837612292208162,43.91025109309703
1664545248000,40.91340838332959,-73.13255877907264,9.352813764736169,43.8870946187526
1664545249000,40.913399238449514,-73.13254716591683,9.610439560820266,43.87842908408493
1664545250000,40.91339938115438,-73.13254939517881,9.923258833673623,44.0350307514891
1664545251000,40.91340032091604,-73.13254989573788,9.451272545440188,43.80123103503138
1664545252000,40.91340032091604,-73.13254989573788,9.278251408221177,43.80123103503138
1664545253000,40.91340032091604,-73.13254989573788,9.222370797291656,43.80123103503138
1664545254000,40.91340032091604,-73.13254989573788,9.208831233813461,43.80123103503138
1664545255000,40.91340032091604,-73.13254989573788,9.234474734622786,43.80123103503138
1664545256000,40.913412976226034,-73.13253491938256,9.193367573862673,44.013377683237195
1664545257000,40.913413630833084,-73.13253572730224,9.5187182975732,44.03583729546517
1664545258000,40.913413630833084,-73.13253572730224,9.48723628752549,44.03583729546517
1664545259000,40.91340648647583,-73.13251660053093,8.821483663725232,44.03331634681672
1664545260000,40.913403624744674,-73.13251335438792,9.908764668058332,44.13085235375911
1664545261000,40.91340481827956,-73.13251516832284,11.465977983682702,44.08265212085098
1664545262000,40.91340629037494,-73.13251142677038,13.687672646776283,44.32526927161962
1664545263000,40.913415157290125,-73.13252021311136,15.030539371190189,44.139263714663684
1664545264000,40.91342842008448,-73.13251270351864,9.753527629331028,44.217017012648284
1664545265000,40.91342842008448,-73.13251270351864,9.692214410499808,44.217017012648284
1664545266000,40.91342842008448,-73.13251270351864,9.741524665601482,44.217017012648284
1664545267000,40.91342842008448,-73.13251270351864,9.635876841818844,44.217017012648284
1664545268000,40.91342842008448,-73.13251270351864,9.69279028200408,44.217017012648284
1664545269000,40.913427006942364,-73.13251410715986,9.336552158762748,44.203903215937316
1664545270000,40.913427006942364,-73.13251410715986,8.478759488428096,44.203903215937316
1664545271000,40.913427006942364,-73.13251410715986,8.321589956163622,44.203903215937316
1664545272000,40.913427006942364,-73.13251410715986,7.678175068644102,44.203903215937316
1664545273000,40.913427006942364,-73.13251410715986,7.69333058438186,44.203903215937316
1664545274000,40.913427006942364,-73.13251410715986,7.586173324261926,44.203903215937316
1664545275000,40.913427006942364,-73.13251410715986,7.83866550232059,44.203903215937316
1664545276000,40.913427006942364,-73.13251410715986,7.5346324954541934,44.203903215937316
1664545277000,40.913427006942364,-73.13251410715986,7.397871346312002,44.203903215937316
1664545278000,40.913427006942364,-73.13251410715986,7.46947151016198,44.203903215937316
1664545279000,40.913427006942364,-73.13251410715986,7.352403866644654,44.203903215937316
1664545280000,40.913427006942364,-73.13251410715986,7.266870264479188,44.203903215937316
1664545281001,40.913427006942364,-73.13251410715986,7.3009371940082275,44.203903215937316
1664545282001,40.913427006942364,-73.13251410715986,7.32799555321078,44.203903215937316
1664545283001,40.913427006942364,-73.13251410715986,6.9151479779847715,44.203903215937316
1664545284001,40.913427006942364,-73.13251410715986,6.921800423903439,44.203903215937316
1664545285001,40.913427006942364,-73.13251410715986,7.018158875618661,44.203903215937316
1664545286001,40.913427006942364,-73.13251410715986,6.989877885234948,44.203903215937316
1664545287001,40.913427006942364,-73.13251410715986,7.0468665838642925,44.203903215937316
1664545288001,40.913427006942364,-73.13251410715986,7.051443460274339,44.203903215937316
1664545289995,40.913427006942364,-73.13251410715986,6.959353820102423,44.203903215937316
1664545291996,40.913427006942364,-73.13251410715986,6.922562608137853,44.203903215937316
1664545292996,40.913427006942364,-73.13251410715986,7.012938859467021,44.203903215937316
1664545293996,40.913427006942364,-73.13251410715986,7.292889868195793,44.203903215937316
1664545294996,40.913427006942364,-73.13251410715986,6.81017584355194,44.203903215937316
1664545295996,40.913427006942364,-73.13251410715986,6.9894636920623086,44.203903215937316
1664545296996,40.913427006942364,-73.13251410715986,6.856769421668743,44.203903215937316
1664545297996,40.913427006942364,-73.13251410715986,6.94908268698031,44.203903215937316
1664545298996,40.913427006942364,-73.13251410715986,6.909569751835558,44.203903215937316
1664545299996,40.913427006942364,-73.13251410715986,6.975576658432642,44.203903215937316
1664545300996,40.913427006942364,-73.13251410715986,6.933621738845981,44.203903215937316
1664545301996,40.913427006942364,-73.13251410715986,6.945726527822811,44.203903215937316
1664545302996,40.913427006942364,-73.13251410715986,6.882284777089314,44.203903215937316
1664545303996,40.913427006942364,-73.13251410715986,6.940117409705411,44.203903215937316
1664545304996,40.913427006942364,-73.13251410715986,6.9998455883262425,44.203903215937316
1664545305997,40.913427006942364,-73.13251410715986,7.054343552358804,44.203903215937316
1664545306997,40.913384316721775,-73.13259709743534,7.4089461213638685,44.196689686737955
1664545307997,40.91337964673167,-73.13259174390262,8.296095536926167,43.98893318884075
1664545308997,40.91338105754901,-73.13258608844254,10.272981991988296,43.924622520804405
1664545309997,40.91338145083572,-73.13258258656384,11.41569012184028,44.03181377239525
1664545310997,40.91338152438303,-73.13258232757228,8.663315977460776,44.03569964133203
1664545311997,40.9133827584469,-73.1325884122059,9.300481793918722,44.08800949715078
1664545312997,40.913382948566,-73.13258837663126,9.022955626545489,44.09437766671181
1664545313997,40.913382948566,-73.13258837663126,8.814707289755273,44.09437766671181
1664545314997,40.913382948566,-73.13258837663126,8.604877843092526,44.09437766671181
1664545315998,40.913382948566,-73.13258837663126,8.421859295884369,44.09437766671181
1664545316998,40.913382948566,-73.13258837663126,8.320751272912153,44.09437766671181
1664545317998,40.913382948566,-73.13258837663126,8.270457118340714,44.09437766671181
1664545318998,40.913382948566,-73.13258837663126,8.248624230955935,44.09437766671181
1664545319998,40.913382948566,-73.13258837663126,8.505610870326658,44.09437766671181
1664545320998,40.913382948566,-73.13258837663126,8.482215125721693,44.09437766671181
1664545321998,40.913382948566,-73.13258837663126,8.485956354156809,44.09437766671181
1664545322998,40.913382948566,-73.13258837663126,7.845087549376675,44.09437766671181
1664545323998,40.913382948566,-73.13258837663126,7.903365273570634,44.09437766671181
1664545324998,40.913382948566,-73.13258837663126,7.494200199679787,44.09437766671181
1664545325998,40.913382948566,-73.13258837663126,7.6337041745613226,44.09437766671181
1664545326998,40.913382948566,-73.13258837663126,7.663928458663869,44.09437766671181
1664545327998,40.91339641087067,-73.13255802858426,7.876369520961061,43.735684308223426
1664545328998,40.913396848890905,-73.13255900064837,8.242041977043295,44.06661276705563
1664545329999,40.91339529323272,-73.13255235141678,9.113174100076385,43.83255956321955
1664545330999,40.91340263025693,-73.13254768118263,10.315614653266563,43.89642527140677
1664545331999,40.913402888779196,-73.13254706928205,9.107681176094044,43.89469790365547
1664545332999,40.91339875329087,-73.13253898797,9.88229617345162,43.97392795979977
1664545333999,40.913397727408295,-73.13253175010666,10.956462976584275,44.16075934283435
1664545334999,40.91339760038747,-73.13252474122446,12.158661574215472,43.84697568882257
1664545335999,40.91341310579575,-73.13254218636735,12.436298020347733,44.12022507470101
1664545336999,40.91340513935225,-73.13253012967881,10.942132026583726,44.109683411195874
1664545337999,40.91341910238622,-73.132555617629,11.458944981852174,44.369399696588516
1664545338999,40.9134228222174,-73.13257101633641,12.734654580463515,44.230417056940496
1664545339999,40.913429109258395,-73.13255911327737,14.518827587568708,44.32666163984686
1664545340999,40.91342706325822,-73.13253663536103,14.745255224296146,44.01452645845711
1664545341999,40.91347456935039,-73.13250541686429,15.492566907460374,44.06525445263833
1664545342999,40.91348900377262,-73.13250210192234,17.74878723244102,44.26037021446973
1664545343999,40.91348151226205,-73.13248957607591,18.35229591101472,44.412713455967605
1664545344999,40.91347806759529,-73.13251362660968,19.81237048660332,44.28484068904072
1664545345999,40.91347063826687,-73.13249368081769,14.531827919523579,44.318123422563076
1664545346999,40.91347464136258,-73.13250051902516,15.161626688974462,44.1812741253525
1664545347999,40.9134708020295,-73.1325044118784,12.614221132607247,44.30750116147101
1664545348999,40.91347123053127,-73.13250408724176,12.023798295585916,44.32228881493211
1664545349999,40.91347123053127,-73.13250408724176,11.417031008386246,44.32228881493211
1664545350999,40.91347123053127,-73.13250408724176,10.939058695768752,44.32228881493211
1664545351999,40.91347241728415,-73.13248968118698,10.54263505468977,44.27909822296351
1664545353000,40.913472470221095,-73.13248982466584,10.365699556531736,44.28220813907683
1664545354000,40.91348198486694,-73.1325190382976,10.055605240787255,44.168199504725635
1664545355000,40.91348198486694,-73.1325190382976,9.576281751029855,44.168199504725635
1664545356000,40.91347075548148,-73.13254116691942,9.578234577381188,44.519570549950004
1664545357000,40.91346483851924,-73.13253294598142,9.324550137262579,44.227428077720106
1664545358000,40.91346483851924,-73.13253294598142,8.852745218721953,44.227428077720106
1664545359000,40.91346483851924,-73.13253294598142,8.670039647123177,44.227428077720106
1664545360000,40.91346483851924,-73.13253294598142,8.402010780563842,44.227428077720106
1664545361000,40.91346483851924,-73.13253294598142,8.271866472633645,44.227428077720106
1664545362000,40.91346483851924,-73.13253294598142,8.277099572066804,44.227428077720106
1664545363000,40.913465700111026,-73.132565034939,8.493363644619908,44.23442452773452
1664545364000,40.9134645886941,-73.13255561027385,9.102931991387246,44.016366991214454
1664545365000,40.913463705996826,-73.13255510320636,10.25794907248498,43.80138240009546
1664545366000,40.913467687316746,-73.13256217660637,12.0288231334126,43.92350798193365
1664545367000,40.91347969889185,-73.13257167140416,14.175161643764948,43.79296968411654
1664545368000,40.91347969889185,-73.13257167140416,9.430304476900208,43.79296968411654
1664545369000,40.913462409086065,-73.13255189844293,9.382833323482942,43.846475270576775
1664545370000,40.91346261093596,-73.13255172209973,9.425820168966341,43.84386458527297
1664545371000,40.91346670795592,-73.1325498183911,9.50176992779733,43.8922896515578
1664545372000,40.91346681145767,-73.13254976744084,9.590825125655686,43.894449978135526
1664545373000,40.91346681145767,-73.13254976744084,9.52572972126545,43.894449978135526
1664545374000,40.91346681145767,-73.13254976744084,9.665444953567674,43.894449978135526
1664545375000,40.91346681145767,-73.13254976744084,9.497882184279613,43.894449978135526
1664545376000,40.91346681145767,-73.13254976744084,9.607693137259592,43.894449978135526
1664545377000,40.91346470310444,-73.13253546157165,9.71540796123236,43.86611138191074
1664545378000,40.91346353253964,-73.13253209778594,10.09098614884932,44.017593989148736
1664545379000,40.9134662218112,-73.1325353157957,10.579751875521332,44.011870509013534
1664545380000,40.91345870178198,-73.1325328342032,10.348825644649853,43.986487705260515
1664545381000,40.913454851007025,-73.13253275628226,9.470984515001152,44.074039589613676
1664545382000,40.913454851007025,-73.13253275628226,9.32307415343311,44.074039589613676
1664545383000,40.913454851007025,-73.13253275628226,9.401579257116545,44.074039589613676
1664545384001,40.913454851007025,-73.13253275628226,9.325171928701904,44.074039589613676
1664545385001,40.913439070312066,-73.13253422017463,9.560859641343049,44.27496643178165
1664545386001,40.913438968499996,-73.1325362335362,10.56856380350506,44.0801455816254
1664545387001,40.913434679185016,-73.13252689876188,10.018070373756013,44.32651209458709
1664545388001,40.913434679185016,-73.13252689876188,9.935599805800129,44.32651209458709
1664545389001,40.913434679185016,-73.13252689876188,10.022653928382216,44.32651209458709
1664545390001,40.913434679185016,-73.13252689876188,10.012172484132334,44.32651209458709
1664545391001,40.913434679185016,-73.13252689876188,9.90757602889411,44.32651209458709
1664545392001,40.913434679185016,-73.13252689876188,9.840984662747902,44.32651209458709
1664545393001,40.913434679185016,-73.13252689876188,9.980349833517277,44.32651209458709
1664545394001,40.913434679185016,-73.13252689876188,9.833401610441303,44.32651209458709
1664545395001,40.913434679185016,-73.13252689876188,9.872413200879349,44.32651209458709
1664545396001,40.913434679185016,-73.13252689876188,9.810838944854495,44.32651209458709
1664545397001,40.913434679185016,-73.13252689876188,9.844790489430332,44.32651209458709
1664545398001,40.913434679185016,-73.13252689876188,8.863022428725541,44.32651209458709
1664545399001,40.913434679185016,-73.13252689876188,8.832231351953174,44.32651209458709
1664545400001,40.913434679185016,-73.13252689876188,8.957467784329786,44.32651209458709
1664545401001,40.913434679185016,-73.13252689876188,8.912704916258052,44.32651209458709
1664545402001,40.913434679185016,-73.13252689876188,8.903442985418426,44.32651209458709
1664545403001,40.913434679185016,-73.13252689876188,8.94616148869459,44.32651209458709
1664545404001,40.913434679185016,-73.13252689876188,8.95701870356749,44.32651209458709
1664545405001,40.913434679185016,-73.13252689876188,8.986020243711911,44.32651209458709
1664545406001,40.913434679185016,-73.13252689876188,9.025186414520384,44.32651209458709
1664545407001,40.913434679185016,-73.13252689876188,9.161494641817889,44.32651209458709
1664545408001,40.913434679185016,-73.13252689876188,9.141896860322907,44.32651209458709
1664545409001,40.913434679185016,-73.13252689876188,8.2397587598278,44.32651209458709
1664545410001,40.913434679185016,-73.13252689876188,8.261150537328682,44.32651209458709
1664545411001,40.913434679185016,-73.13252689876188,8.37332465510577,44.32651209458709
1664545412001,40.913434679185016,-73.13252689876188,8.380977957480681,44.32651209458709
1664545413001,40.913434679185016,-73.13252689876188,8.417637783123533,44.32651209458709
1664545414001,40.913434679185016,-73.13252689876188,8.390003791244187,44.32651209458709
1664545415997,40.913434679185016,-73.13252689876188,7.850822036593065,44.32651209458709
1664545416998,40.913434679185016,-73.13252689876188,8.182137331189615,44.32651209458709
1664545417998,40.913434679185016,-73.13252689876188,8.163381348958973,44.32651209458709
1664545418998,40.913434679185016,-73.13252689876188,8.228239525924092,44.32651209458709
1664545419998,40.913434679185016,-73.13252689876188,8.327031583260121,44.32651209458709
1664545420998,40.913434679185016,-73.13252689876188,8.396783755928261,44.32651209458709
1664545421998,40.913434679185016,-73.13252689876188,8.424987947675028,44.32651209458709
1664545422998,40.913434679185016,-73.13252689876188,8.442570493751274,44.32651209458709
1664545423998,40.913434679185016,-73.13252689876188,8.495166266414143,44.32651209458709
1664545424998,40.913434679185016,-73.13252689876188,8.460207733178486,44.32651209458709
1664545425998,40.91342400800296,-73.13250004162882,8.998113214082245,44.11794092878699
1664545426998,40.913424462732486,-73.13250008701023,8.9293702942039,44.120310455560684
1664545427999,40.913424462732486,-73.13250008701023,8.817299088890286,44.120310455560684
1664545428999,40.913424462732486,-73.13250008701023,8.851670246779271,44.120310455560684
1664545429999,40.913424462732486,-73.13250008701023,8.748947015050557,44.120310455560684
1664545430999,40.913424462732486,-73.13250008701023,7.9937496594006,44.120310455560684
1664545431999,40.913424462732486,-73.13250008701023,8.066606782569194,44.120310455560684
1664545432999,40.913424462732486,-73.13250008701023,8.115701551055079,44.120310455560684
1664545433999,40.913424462732486,-73.13250008701023,8.187424072500045,44.120310455560684
1664545434999,40.913424462732486,-73.13250008701023,8.225549128546456,44.120310455560684
1664545435999,40.913424462732486,-73.13250008701023,8.51146560889244,44.120310455560684
1664545436999,40.913424462732486,-73.13250008701023,8.42452308005323,44.120310455560684
1664545437999,40.9134252430958,-73.13254252735994,8.476403238446153,44.32565740775317
1664545438999,40.9134252430958,-73.13254252735994,8.480080021636311,44.32565740775317
1664545439999,40.9134252430958,-73.13254252735994,8.552324740239152,44.32565740775317
1664545440999,40.9134252430958,-73.13254252735994,8.564448022947364,44.32565740775317
1664545441999,40.9134252430958,-73.13254252735994,8.475991982866798,44.32565740775317
1664545442999,40.9134252430958,-73.13254252735994,7.777000236459616,44.32565740775317
1664545443999,40.91344010683233,-73.13254890992741,8.321111717119965,44.15421439241618
1664545445000,40.9134403008277,-73.1325486693722,8.279660300025492,44.160209599882364
1664545446000,40.9134341572201,-73.13255153007692,8.269220974585952,44.14222840499133
1664545447000,40.91344237578352,-73.1325480528297,7.893283735615928,44.25192154478282
1664545448000,40.91344319059821,-73.1325389707977,8.709521885544117,44.12794792000204
1664545449000,40.913441937285846,-73.13253703168897,10.269151709088856,44.153254707343876
1664545450000,40.91344236402064,-73.13253636242159,12.18426404847514,44.15224539954215
1664545451000,40.91344236402064,-73.13253636242159,9.579826091704028,44.15224539954215
1664545452000,40.91342228982832,-73.1325410861276,10.301638172921464,44.12045977823436
1664545453000,40.91342580387844,-73.13255660952525,10.947864896642773,44.18879945483059
1664545454000,40.91342488937676,-73.13255318941515,8.90470038853783,44.1210977351293
1664545455000,40.913427790013955,-73.13256519706304,8.743489892392684,44.091660904698074
1664545456000,40.913427790013955,-73.13256519706304,8.72535190202961,44.091660904698074
1664545457000,40.913427790013955,-73.13256519706304,8.554631452192536,44.091660904698074
1664545458000,40.913427790013955,-73.13256519706304,8.502311683468323,44.091660904698074
1664545459000,40.913427790013955,-73.13256519706304,8.648778626999764,44.091660904698074
1664545460000,40.913427790013955,-73.13256519706304,8.726003214207283,44.091660904698074
1664545461000,40.91341198951704,-73.13255481162076,8.79831209046772,43.9158208174631
1664545462000,40.91341307780773,-73.1325558568069,9.341347210913897,43.98806893825531
1664545463000,40.91341307780773,-73.1325558568069,8.89551114471884,43.98806893825531
1664545464000,40.913421531927234,-73.13256677834852,9.326784028517967,43.76092342939228
1664545465000,40.913421650213465,-73.1325667578467,9.087209413473003,43.743705553002656
1664545466000,40.913421650213465,-73.1325667578467,8.902630310558731,43.743705553002656
1664545467000,40.913421650213465,-73.1325667578467,8.099194990422102,43.743705553002656
1664545468000,40.913421650213465,-73.1325667578467,8.12919252381161,43.743705553002656
1664545469001,40.913421650213465,-73.1325667578467,8.21791848223483,43.743705553002656
1664545470001,40.913421650213465,-73.1325667578467,8.083065928721735,43.743705553002656
1664545471001,40.913421650213465,-73.1325667578467,8.047698689628131,43.743705553002656
1664545472001,40.913421650213465,-73.1325667578467,8.225141679095293,43.743705553002656
1664545473001,40.913421650213465,-73.1325667578467,8.245294563374951,43.743705553002656
1664545474001,40.913417879469115,-73.13258185489012,8.403416279858874,44.04919166956097
1664545475001,40.9134164949186,-73.132579631226,9.202236585223787,43.99715405050665
1664545476001,40.91342377252244,-73.13258798455128,8.787742289870929,43.91566305514425
1664545477001,40.91342335732071,-73.13259272335591,9.11348621115887,43.96854437980801
1664545478001,40.91342349667203,-73.13258729807829,9.79356901241015,43.9669059664011
1664545479001,40.91342752701246,-73.13259774551206,10.880601829486078,44.06484471913427
1664545480001,40.9134379024961,-73.13258673915044,12.322367956690742,44.09092410840094
1664545481001,40.91344199214957,-73.13257663246344,14.567765798091848,43.989425752311945
1664545482001,40.91345555133941,-73.13258593696018,10.411286097989928,43.98565666470677
1664545483001,40.9134473699582,-73.1325924901492,9.874472780542048,44.07291274610907
1664545484001,40.91346699550881,-73.13260163622014,9.312112903773816,43.90420661587268
1664545485001,40.91346730465598,-73.13259898854928,9.466073545556583,43.95866386871785
1664545486001,40.913465614387526,-73.13258308064876,9.533290449231787,43.99604243785143
1664545487001,40.91344844826036,-73.13256782900372,10.150513999680818,44.03214742150158
1664545488001,40.913438764192236,-73.13256046927071,9.994082160340444,43.86135978344828
1664545489001,40.913436256394974,-73.13255485492348,11.384778672321739,43.945266583934426
1664545490001,40.91344053925821,-73.13255209307607,13.747614229302572,43.87654429487884
1664545491019,40.91343599554256,-73.13254522094219,16.747165831807443,44.01710574887693
1664545492019,40.913433399721,-73.13254303790009,20.486237902855052,44.08454245887697
1664545493001,40.91343296268574,-73.13254655643631,24.35773119498389,44.038593753241
1664545494001,40.913430567836606,-73.13255801306781,28.47335406138842,44.11634275037795
1664545495001,40.91343777269122,-73.13256612451032,16.89574549509426,43.88989549968392
1664545496001,40.91344297584476,-73.13259011163149,16.74051376488075,44.02553064096719
1664545497001,40.91345427159624,-73.13259437728064,15.86276888083687,43.9661242030561
1664545498001,40.91345544240698,-73.13259270501578,15.306486338135274,43.964427628554404
1664545499001,40.913463359818564,-73.13259361794995,15.28705146591516,43.93173182848841
1664545500002,40.913453308818525,-73.13255943605643,12.494115623457978,43.84616309311241
1664545501002,40.913455546141165,-73.13255716578816,13.606280611165156,43.975290693342686
1664545502002,40.91346374196617,-73.13254144918031,14.494289748465013,44.138873405754566
1664545503002,40.913466362412414,-73.13253900236307,17.06503270595658,43.996028151363134
1664545504002,40.913470514064,-73.13253307544076,18.93954514481174,44.127590498887
1664545505002,40.91347460827375,-73.13253183976288,14.415037809721824,44.155281184241176
1664545506002,40.913461540669736,-73.13252516822412,16.313049580842954,44.308685950003564
1664545507002,40.91346193018342,-73.13251864934031,19.011338315781927,44.14779323618859
1664545508002,40.91346151100162,-73.1325273251997,21.096019388325214,44.153050617314875
1664545509002,40.913462710086584,-73.13253394399453,15.913481131725367,44.12467290926725
1664545510002,40.913462710086584,-73.13253394399453,16.051239385858064,44.12467290926725
1664545511002,40.913462710086584,-73.13253394399453,15.557230920567267,44.12467290926725
1664545512002,40.913462710086584,-73.13253394399453,15.179847795037153,44.12467290926725
1664545513002,40.913462710086584,-73.13253394399453,14.964209012646434,44.12467290926725
1664545514002,40.913462710086584,-73.13253394399453,14.898194629898553,44.12467290926725
1664545515002,40.91347618985144,-73.13256804620073,14.821585597023507,44.08561922702938
1664545516002,40.91347618985144,-73.13256804620073,14.641552314165267,44.08561922702938
1664545517002,40.91347618985144,-73.13256804620073,14.325468641261793,44.08561922702938
1664545518002,40.91347618985144,-73.13256804620073,11.551745268115244,44.08561922702938
1664545519002,40.91347618985144,-73.13256804620073,11.53224425615407,44.08561922702938
1664545520002,40.91347618985144,-73.13256804620073,11.468791223760848,44.08561922702938
1664545521002,40.91347618985144,-73.13256804620073,11.439702909380346,44.08561922702938
1664545522002,40.91347618985144,-73.13256804620073,10.984440085906467,44.08561922702938
1664545523002,40.91347618985144,-73.13256804620073,10.73003579280562,44.08561922702938
1664545524002,40.91347618985144,-73.13256804620073,10.302024101597253,44.08561922702938
1664545525002,40.91347618985144,-73.13256804620073,9.709220501543832,44.08561922702938
1664545526002,40.91347618985144,-73.13256804620073,9.353538985100188,44.08561922702938
1664545527002,40.91347618985144,-73.13256804620073,9.094091768880853,44.08561922702938
1664545528002,40.91347618985144,-73.13256804620073,9.086096203874785,44.08561922702938
1664545529002,40.91347618985144,-73.13256804620073,8.963271893374325,44.08561922702938
1664545530002,40.91347618985144,-73.13256804620073,7.951217611176826,44.08561922702938
1664545531002,40.91347555432654,-73.13259929535924,8.085275798189516,44.135983605869114
1664545532002,40.913477232778625,-73.1325968549239,8.663553154853512,44.08886996656656
1664545533003,40.913477823685675,-73.13259595158014,8.253020632402468,44.08949817251414
1664545534003,40.913477823685675,-73.13259595158014,8.178945267411414,44.08949817251414
1664545535003,40.913477823685675,-73.13259595158014,7.9736596375498765,44.08949817251414
1664545536003,40.913477823685675,-73.13259595158014,8.201177484075798,44.08949817251414
1664545537003,40.913477823685675,-73.13259595158014,8.211725630057302,44.08949817251414
1664545538003,40.913477823685675,-73.13259595158014,8.23927565228906,44.08949817251414
1664545539003,40.913477823685675,-73.13259595158014,8.132051282075862,44.08949817251414
1664545540003,40.913477823685675,-73.13259595158014,8.131022911213964,44.08949817251414
1664545541999,40.913477823685675,-73.13259595158014,7.617754448196311,44.08949817251414
1664545543999,40.913477823685675,-73.13259595158014,7.730943749356678,44.08949817251414
1664545545999,40.913477823685675,-73.13259595158014,7.913416327448439,44.08949817251414
1664545547999,40.913477823685675,-73.13259595158014,8.04720213757189,44.08949817251414
1664545549999,40.913489903427894,-73.13261082824846,8.180075485915353,43.79325191024691
1664545550999,40.913492849226714,-73.13261669343431,8.178099759613572,43.845346487127244
1664545551999,40.913492849226714,-73.13261669343431,8.163068859922307,43.845346487127244
1664545553999,40.913492849226714,-73.13261669343431,8.18991076550854,43.845346487127244
1664545555999,40.913492849226714,-73.13261669343431,8.372814584299231,43.845346487127244
1664545557999,40.913492849226714,-73.13261669343431,8.435610405414819,43.845346487127244
1664545559999,40.913492849226714,-73.13261669343431,8.365367832215098,43.845346487127244
1664545560999,40.913492849226714,-73.13261669343431,8.454041105992594,43.845346487127244
1664545561999,40.913492849226714,-73.13261669343431,8.422271248571452,43.845346487127244
1664545562999,40.913492849226714,-73.13261669343431,8.44217334276324,43.845346487127244
1664545563999,40.913492849226714,-73.13261669343431,8.194513048667007,43.845346487127244
1664545564999,40.913492849226714,-73.13261669343431,8.204084076722221,43.845346487127244
1664545565999,40.913492849226714,-73.13261669343431,8.164042986521359,43.845346487127244
1664545566999,40.913492849226714,-73.13261669343431,8.160570875421403,43.845346487127244
1664545568000,40.913492849226714,-73.13261669343431,8.142760100985935,43.845346487127244
1664545569000,40.913492849226714,-73.13261669343431,8.418314046152826,43.845346487127244
1664545570000,40.913492849226714,-73.13261669343431,7.98912591195303,43.845346487127244
1664545571000,40.913492849226714,-73.13261669343431,7.965263513693151,43.845346487127244
1664545572000,40.9134501248576,-73.13257349733676,7.943278039637573,43.72491052746773
1664545573000,40.913456174118785,-73.1325804407468,8.344212534451804,43.9917356306687
1664545574000,40.91345632132271,-73.13258024568927,8.107723986614799,44.00252188462764
1664545575000,40.91345632132271,-73.13258024568927,7.691587892675394,44.00252188462764
1664545576000,40.91345632132271,-73.13258024568927,7.676437644844123,44.00252188462764
1664545577000,40.91345632132271,-73.13258024568927,7.655689106789739,44.00252188462764
1664545578000,40.91345632132271,-73.13258024568927,7.73213504483875,44.00252188462764
1664545579000,40.91345632132271,-73.13258024568927,7.756843432421689,44.00252188462764
1664545580000,40.91345632132271,-73.13258024568927,7.7500831314638505,44.00252188462764
1664545581000,40.91345632132271,-73.13258024568927,7.786643868220589,44.00252188462764
1664545582000,40.91345632132271,-73.13258024568927,7.7446102752898405,44.00252188462764
1664545583000,40.91345632132271,-73.13258024568927,7.753769648828984,44.00252188462764
1664545584000,40.91344854927324,-73.13259329247302,7.779123758779183,44.005331489257514
1664545585000,40.913449057424195,-73.13259292542875,7.407540373607403,44.02202065940946
1664545586000,40.913449057424195,-73.13259292542875,7.358371606888138,44.02202065940946
1664545587000,40.913449057424195,-73.13259292542875,7.392865970534066,44.02202065940946
1664545588000,40.913449057424195,-73.13259292542875,7.431693289961036,44.02202065940946
1664545589000,40.913449057424195,-73.13259292542875,7.0319883205673435,44.02202065940946
1664545590000,40.913454426513844,-73.13259496157578,7.011999281124952,43.872937405481935
1664545591000,40.91345425691528,-73.13259242052973,7.362431318245045,43.853934817016125
1664545592000,40.91345503485548,-73.1325996449445,7.698229353158214,43.857899241149426
1664545593000,40.91346069936502,-73.13261533473516,7.581748928034728,43.94036732520908
1664545594000,40.91345321959192,-73.132616012244,6.5323508503912855,43.857925180345774
1664545595000,40.91345321959192,-73.132616012244,6.312359210896978,43.857925180345774
1664545596001,40.91345321959192,-73.132616012244,6.2456926000612505,43.857925180345774
1664545597001,40.91345321959192,-73.132616012244,6.050334972778381,43.857925180345774
1664545598001,40.91345321959192,-73.132616012244,5.937175324496899,43.857925180345774
1664545599001,40.913435745193716,-73.1326242610903,6.027892846417721,43.73054095264524
1664545600001,40.9134298745092,-73.13262442121929,6.266242446679151,43.77565395552665
1664545601001,40.9134298745092,-73.13262442121929,5.871588974463528,43.77565395552665
1664545602001,40.9134298745092,-73.13262442121929,5.75467987039384,43.77565395552665
1664545603001,40.9134298745092,-73.13262442121929,5.772067030867989,43.77565395552665
1664545604001,40.913425751209736,-73.13263275959125,5.728483312264135,43.75620358157903
1664545605001,40.913426131184245,-73.13262977063373,5.874992450765667,43.73547429405153
1664545606001,40.91342873848881,-73.13262750651747,5.949177225296614,43.82495617121458
1664545607001,40.913432662974174,-73.13262825603707,5.98928415938763,43.92887798976153
1664545608001,40.91343312625679,-73.13262753510926,5.710220281019224,43.95110888592899
1664545609001,40.91343312625679,-73.13262753510926,5.554709290226067,43.95110888592899
1664545610001,40.91343312625679,-73.13262753510926,5.4942674137911585,43.95110888592899
1664545611001,40.91343312625679,-73.13262753510926,5.4333135965338135,43.95110888592899
1664545612001,40.91343312625679,-73.13262753510926,5.447620247308361,43.95110888592899
1664545613001,40.91343312625679,-73.13262753510926,5.38471053297275,43.95110888592899
1664545614001,40.91343312625679,-73.13262753510926,5.43925336973272,43.95110888592899
1664545615001,40.91343312625679,-73.13262753510926,5.353511074023264,43.95110888592899
1664545616001,40.91343312625679,-73.13262753510926,5.244690548605525,43.95110888592899
1664545617001,40.913418687260545,-73.13261973748084,5.242468635912295,43.83245158940554
1664545618001,40.913418687260545,-73.13261973748084,5.261811550196251,43.83245158940554
1664545619001,40.913417326778514,-73.13261668421735,5.446865439497184,43.89299646113068
1664545620001,40.913424114094205,-73.13261364163615,5.72689932758179,43.89358336292207
1664545621001,40.91342587339777,-73.13260187021775,6.090546998079387,43.84330213814974
1664545622001,40.913423384413505,-73.13260146641623,5.648839787041663,43.92592225596309
1664545623001,40.91342466888334,-73.1326028527927,5.725460509902766,43.959541166201234
1664545624001,40.913425224204616,-73.13260181544175,5.71346087706966,43.925255447626114
1664545625001,40.91342367171184,-73.1326075161445,5.729912346668684,43.84236518573016
1664545626001,40.91342452010399,-73.13260004218469,5.533373834854104,44.068524413742125
1664545627001,40.913424946267384,-73.13259950069757,5.582937032323779,44.0359403854236
1664545628002,40.913422709386346,-73.13260689556441,5.793584598573984,44.00110219232738
1664545629002,40.91342315680048,-73.1326075871006,6.374573156554977,44.08111782092601
1664545630002,40.913431368673514,-73.13259792232891,7.163084288002041,44.028920985758305
1664545631002,40.91343233537793,-73.13259659338586,6.219140867205465,44.02499267086387
1664545632002,40.91343604281627,-73.13258917208891,6.2784202145307475,43.92621801327914
1664545633002,40.91344114155737,-73.13259140030489,7.142678587865503,44.077775827609
1664545634002,40.91343712478726,-73.132577060791,8.125585108242202,44.132611906155944
1664545635002,40.91341743300863,-73.13260379187878,8.405182848345092,43.96295080240816
1664545636002,40.91340869184579,-73.13259167331373,8.792849557207335,44.101639402098954
1664545637002,40.9133791015453,-73.13261908394695,8.775320215736073,43.922748010605574
1664545638002,40.91337928316409,-73.13261872009812,7.266557087841295,43.915777860209346
1664545639002,40.91337408669267,-73.1326225804293,6.726188988110276,43.818290719762444
1664545640002,40.91337551740413,-73.13262079558153,6.537772535677089,43.79218626674265
1664545641002,40.91337551740413,-73.13262079558153,6.351185511836896,43.79218626674265
1664545642002,40.91337428545998,-73.13259408959863,6.607600831645454,43.657579340972006
1664545643002,40.91336783179569,-73.13258311556346,7.190953230743542,43.80426626186818
1664545644002,40.91336846268323,-73.13258177314866,6.295195024130131,43.78430133033544
1664545645002,40.91336846268323,-73.13258177314866,6.2540599078576795,43.78430133033544
1664545646002,40.91336846268323,-73.13258177314866,6.186450434426049,43.78430133033544
1664545647002,40.913353398321014,-73.13257898135576,6.146467616703953,43.77403343748301
1664545648002,40.913353398321014,-73.13257898135576,6.1908566758745875,43.77403343748301
1664545649002,40.913353398321014,-73.13257898135576,6.1209284209826915,43.77403343748301
1664545650002,40.913353398321014,-73.13257898135576,6.106260094835361,43.77403343748301
1664545651002,40.913353398321014,-73.13257898135576,6.11313157568963,43.77403343748301
1664545652002,40.913353398321014,-73.13257898135576,6.268805003179813,43.77403343748301
1664545653002,40.91335793703057,-73.13258495328546,7.223265664181717,43.9446375425905
1664545654002,40.91336192345001,-73.13258852671024,6.736953810145435,43.88487764913589
1664545655002,40.91336192345001,-73.13258852671024,6.626563227206109,43.88487764913589
1664545656002,40.91336192345001,-73.13258852671024,6.13274905168409,43.88487764913589
1664545657002,40.91336808034284,-73.13258796143856,6.0416396830750925,44.047332239337265
1664545658002,40.91337177582051,-73.1325941758741,5.692171062213085,44.22326206602156
1664545659002,40.91336946731507,-73.13259333086873,6.0284809324747535,44.24363553058356
1664545660002,40.913368008568824,-73.13259229034159,6.915617041101109,44.143536826595664
1664545661003,40.91337179892426,-73.13259328706228,8.285799414215871,44.26367847248912
1664545662003,40.91340134174006,-73.13261919600245,6.478123255077703,43.97939271200448
1664545663003,40.913402779517504,-73.13261786995491,7.0566442204134825,44.11328891385347
1664545664003,40.913399435896636,-73.13261574374424,6.672868235398444,44.11261769011617
1664545665003,40.913399435896636,-73.13261574374424,6.702976211998316,44.11261769011617
1664545666003,40.913399435896636,-73.13261574374424,6.7364191356175365,44.11261769011617
1664545666998,40.91338401345835,-73.13259770203628,7.160867618386425,43.94524244684726
1664545667999,40.913386013267896,-73.13259636094591,7.163346171473359,43.97129238862544
1664545668999,40.913386013267896,-73.13259636094591,6.794990077738276,43.97129238862544
1664545669999,40.913390923317706,-73.13258453696264,7.441917028934079,43.82985248696059
1664545670999,40.913390923317706,-73.13258453696264,7.143231761061659,43.82985248696059
1664545671999,40.913390923317706,-73.13258453696264,7.1987313976173,43.82985248696059
1664545673999,40.913390923317706,-73.13258453696264,7.14180654806745,43.82985248696059
1664545675999,40.913397449678605,-73.13255803999652,7.278141386158949,43.87319144885987
1664545677999,40.913397449678605,-73.13255803999652,7.386497661821506,43.87319144885987
1664545679999,40.913397449678605,-73.13255803999652,7.198090825216526,43.87319144885987
1664545681999,40.913397449678605,-73.13255803999652,7.283827809662346,43.87319144885987
1664545682999,40.913411096137985,-73.13253203255724,7.85580826901912,44.02675623912364
1664545683999,40.91341112475068,-73.13253196045414,7.702342262861139,44.02519699651748
1664545685999,40.91341112475068,-73.13253196045414,7.778873673883869,44.02519699651748
1664545686999,40.91341112475068,-73.13253196045414,7.781871130358933,44.02519699651748
1664545687999,40.91341112475068,-73.13253196045414,7.711940126464219,44.02519699651748
1664545688999,40.91341112475068,-73.13253196045414,7.785721970526241,44.02519699651748
1664545689999,40.91341112475068,-73.13253196045414,7.874004131048822,44.02519699651748
1664545690999,40.91341112475068,-73.13253196045414,7.8997680979329745,44.02519699651748
1664545691999,40.91341112475068,-73.13253196045414,8.135700272868272,44.02519699651748
1664545692999,40.91341112475068,-73.13253196045414,8.122702960568539,44.02519699651748
1664545694000,40.91341112475068,-73.13253196045414,8.152788625481454,44.02519699651748
1664545695000,40.91341112475068,-73.13253196045414,8.141260025420403,44.02519699651748
1664545696000,40.91341112475068,-73.13253196045414,8.14017987827468,44.02519699651748
1664545697000,40.91341112475068,-73.13253196045414,8.167076844331579,44.02519699651748
1664545698000,40.91341112475068,-73.13253196045414,8.154038638893931,44.02519699651748
1664545699000,40.91341112475068,-73.13253196045414,8.178064368220634,44.02519699651748
1664545700000,40.91341112475068,-73.13253196045414,7.6295118154148645,44.02519699651748
1664545701000,40.91341112475068,-73.13253196045414,7.666390197606422,44.02519699651748
1664545702000,40.91341112475068,-73.13253196045414,7.7548706075896,44.02519699651748
1664545703000,40.91341112475068,-73.13253196045414,7.833601915133351,44.02519699651748
1664545704000,40.91341112475068,-73.13253196045414,7.718808902452386,44.02519699651748
1664545705000,40.91341112475068,-73.13253196045414,7.764583346922895,44.02519699651748
1664545706000,40.91341112475068,-73.13253196045414,7.76869356564289,44.02519699651748
1664545707000,40.91341112475068,-73.13253196045414,7.812839649921528,44.02519699651748
1664545708000,40.91341112475068,-73.13253196045414,7.923613890981203,44.02519699651748
1664545709000,40.91341112475068,-73.13253196045414,7.890423655101216,44.02519699651748
1664545710000,40.91341112475068,-73.13253196045414,7.976146460283374,44.02519699651748
1664545711000,40.91341112475068,-73.13253196045414,7.9836222699487625,44.02519699651748
1664545712000,40.91344504218848,-73.13250753218509,7.9248730092841235,44.218909407034516
1664545713000,40.91344466179432,-73.13251225843396,9.13815786857179,44.18460517004132
1664545714000,40.9134474660521,-73.1325164952808,10.416145823447335,44.0495978910476
1664545715000,40.91344784246491,-73.13251715057703,8.539123114599946,43.99421568401158
1664545716000,40.91344784246491,-73.13251715057703,8.40496581528088,43.99421568401158
1664545717000,40.91344784246491,-73.13251715057703,7.3224973022060595,43.99421568401158
1664545718000,40.91344784246491,-73.13251715057703,7.370855738896429,43.99421568401158
1664545719000,40.91344784246491,-73.13251715057703,7.23426120192608,43.99421568401158
1664545720000,40.91344784246491,-73.13251715057703,7.292848339709111,43.99421568401158
1664545721001,40.91344784246491,-73.13251715057703,7.367411881370389,43.99421568401158
1664545722001,40.91344784246491,-73.13251715057703,7.627333681191716,43.99421568401158
1664545723001,40.91344784246491,-73.13251715057703,7.670980617658416,43.99421568401158
1664545724001,40.91344660852387,-73.13249261581113,8.285575930864455,44.252839017659426
1664545725001,40.91344905899493,-73.13249508795609,9.232745451250779,44.0787450466305
1664545726001,40.91345014310364,-73.13250095387288,10.971288113463169,44.173709713853896
1664545727001,40.91346514430946,-73.13254051376909,12.170958612146398,44.091979986056685
1664545728001,40.913499050319984,-73.1325798888616,12.744331676518643,44.189800961874425
1664545729001,40.913470803728735,-73.1325765077926,12.238000957354437,44.278630007989705
1664545730001,40.91347673409219,-73.13259346431246,14.305810680913895,43.95975900441408
1664545731001,40.913462684383674,-73.13254957317396,11.9557880086685,43.86076530814171
1664545732001,40.91345631283021,-73.13255165952744,12.891612194634119,43.95461249072105
1664545733001,40.91343026565104,-73.1325287843043,13.708072176078879,43.95967128034681
1664545734001,40.91344073950349,-73.13253999073127,14.684458017855453,44.212925150059164
1664545735001,40.91345331705786,-73.13254493965037,14.704757807386521,44.02565712761134
1664545736001,40.91345967871672,-73.13253867654575,15.029495788255852,43.9450140055269
1664545737001,40.91345794866966,-73.13251931579426,16.138968286428913,44.169719982892275
1664545738001,40.913462180485006,-73.13251130285022,16.67102877981749,44.06257172487676
1664545739001,40.91345954976122,-73.13252310114052,15.83219537927378,43.994270484894514
1664545740001,40.91344163168653,-73.1324857207105,15.670146484863627,44.122616165317595
1664545741001,40.91344407753831,-73.13246481791754,17.534412229613572,44.12183700595051
1664545742001,40.91344407753831,-73.13246481791754,13.498401658954759,44.12183700595051
1664545743001,40.91344407753831,-73.13246481791754,12.949590071116958,44.12183700595051
1664545744001,40.91344407753831,-73.13246481791754,12.528050092258358,44.12183700595051
1664545745001,40.91344407753831,-73.13246481791754,12.166321842133389,44.12183700595051
1664545746001,40.91344407753831,-73.13246481791754,11.463179218131165,44.12183700595051
1664545747001,40.91344407753831,-73.13246481791754,11.375032112125455,44.12183700595051
1664545748001,40.91344407753831,-73.13246481791754,11.223266798325335,44.12183700595051
1664545749001,40.91344407753831,-73.13246481791754,11.158940944607117,44.12183700595051
1664545750001,40.91344407753831,-73.13246481791754,11.12937822332183,44.12183700595051
1664545751001,40.91344407753831,-73.13246481791754,11.065373276250723,44.12183700595051
1664545752001,40.91344407753831,-73.13246481791754,11.044073530340288,44.12183700595051
1664545753002,40.91344407753831,-73.13246481791754,11.045911404328399,44.12183700595051
1664545754002,40.91344407753831,-73.13246481791754,11.15993008301126,44.12183700595051
1664545755002,40.91344407753831,-73.13246481791754,11.134726129771469,44.12183700595051
1664545756002,40.91344407753831,-73.13246481791754,11.099369263103688,44.12183700595051
1664545757002,40.91344407753831,-73.13246481791754,11.074638325202384,44.12183700595051
1664545758002,40.91344407753831,-73.13246481791754,10.580965388909522,44.12183700595051
1664545759002,40.91344407753831,-73.13246481791754,10.53234328757864,44.12183700595051
1664545760002,40.91344407753831,-73.13246481791754,9.025474592053394,44.12183700595051
1664545761002,40.91344407753831,-73.13246481791754,9.10361245417776,44.12183700595051
1664545762002,40.91344407753831,-73.13246481791754,9.118501293162216,44.12183700595051
1664545763002,40.91344407753831,-73.13246481791754,8.821959402215606,44.12183700595051
1664545764002,40.91344407753831,-73.13246481791754,8.844357721869116,44.12183700595051
1664545765002,40.91344407753831,-73.13246481791754,8.788073540244326,44.12183700595051
1664545766002,40.91344407753831,-73.13246481791754,8.859866295590258,44.12183700595051
1664545767002,40.91344407753831,-73.13246481791754,8.911662925129535,44.12183700595051
1664545768002,40.91344407753831,-73.13246481791754,8.904595457466943,44.12183700595051
1664545769002,40.91344407753831,-73.13246481791754,8.66345292268733,44.12183700595051
1664545770002,40.91344407753831,-73.13246481791754,8.862550692099324,44.12183700595051
1664545771002,40.91344407753831,-73.13246481791754,8.648243697094262,44.12183700595051
1664545772002,40.91344407753831,-73.13246481791754,7.7778471715962425,44.12183700595051
1664545773002,40.91343384737809,-73.13247846787274,8.024167326215627,44.39724890049547
1664545774002,40.91344197480764,-73.13251125830345,8.242642617479834,44.17493915371597
1664545775002,40.91344205457485,-73.13249421266362,9.319928829531333,44.24503383319825
1664545776002,40.91344457520879,-73.13249093963756,8.186660617460738,44.2440323587507
1664545777002,40.9134394079391,-73.13249479271217,8.052149987187798,44.31109376437962
1664545778002,40.9134394079391,-73.13249479271217,8.047197013899519,44.31109376437962
1664545779002,40.9134394079391,-73.13249479271217,8.152060922319844,44.31109376437962
1664545780002,40.91344019137812,-73.13249681881611,8.117031751430593,44.08431454561651
1664545781002,40.91343725049854,-73.13250579585718,8.118120216166556,44.175948397256434
1664545782002,40.91343725049854,-73.13250579585718,8.164190506668572,44.175948397256434
1664545783002,40.91343725049854,-73.13250579585718,8.044961573338638,44.175948397256434
1664545784002,40.91343725049854,-73.13250579585718,8.347081979544448,44.175948397256434
1664545785002,40.91344922308654,-73.13250033178036,8.691596391085861,44.17874583415687
1664545786003,40.91344952277971,-73.13250060045104,8.522164215363208,44.13833744917065
1664545787003,40.91345682042675,-73.13252195725639,8.815587623678375,44.14069158490747
1664545788003,40.91345351625519,-73.13251920094952,8.39193795833234,44.03939831349999
1664545789003,40.913457347863755,-73.13251482193922,8.388893711045512,44.1627303250134
1664545790003,40.91345460442034,-73.13253222179989,7.682389869959594,44.204512485302985
1664545791003,40.91345585365728,-73.13253168000568,8.289660737228786,44.26565349288285
1664545792003,40.91346151133557,-73.1325438082338,7.65312559965014,44.34928564354777
1664545792998,40.913459105043216,-73.13255094929765,8.111088681429932,44.37661074567586
1664545793999,40.913448073016184,-73.13256118296863,8.412523826268009,44.24629199039191
1664545794999,40.91344818904505,-73.13256130364627,7.351909971210629,44.24617135245353
1664545795999,40.91344818904505,-73.13256130364627,6.767265892186668,44.24617135245353
1664545796999,40.913446802504886,-73.13256669428465,6.622616519965677,44.27685115020722
1664545797999,40.91345036565697,-73.13257531882972,6.61106228636226,44.15687143988907
1664545798999,40.913449402768606,-73.13257931693644,6.739331114337013,44.161286984570324
1664545799999,40.91345635954178,-73.1325849475665,7.097512306111858,44.108736486174166
1664545800999,40.91345635245059,-73.13258477951334,7.088387180766907,44.10129221435636
1664545801999,40.91345635245059,-73.13258477951334,6.558769403226736,44.10129221435636
1664545803999,40.91345635245059,-73.13258477951334,6.298575130867587,44.10129221435636
1664545805999,40.91345635245059,-73.13258477951334,6.3357864903880206,44.10129221435636
1664545807999,40.91345635245059,-73.13258477951334,6.595432624224754,44.10129221435636
1664545809999,40.91345635245059,-73.13258477951334,6.673106549464381,44.10129221435636
1664545811999,40.91345635245059,-73.13258477951334,6.479995105776865,44.10129221435636
1664545812999,40.91345635245059,-73.13258477951334,6.290815313720182,44.10129221435636
1664545813999,40.91345635245059,-73.13258477951334,6.29833272326218,44.10129221435636
1664545814999,40.91345635245059,-73.13258477951334,6.3686936583942115,44.10129221435636
1664545815999,40.91345635245059,-73.13258477951334,6.422583940877399,44.10129221435636
1664545816999,40.91345635245059,-73.13258477951334,6.485987823107173,44.10129221435636
1664545817999,40.91345635245059,-73.13258477951334,6.4878229352506045,44.10129221435636
1664545818999,40.91345635245059,-73.13258477951334,6.492631179464565,44.10129221435636
1664545819999,40.91345635245059,-73.13258477951334,6.4365710777386305,44.10129221435636
1664545821000,40.91345635245059,-73.13258477951334,6.191035082082693,44.10129221435636
1664545822000,40.91345635245059,-73.13258477951334,6.121561058215296,44.10129221435636
1664545823000,40.91345635245059,-73.13258477951334,6.13391727514838,44.10129221435636
1664545824000,40.91345635245059,-73.13258477951334,6.194615914219223,44.10129221435636
1664545825000,40.91345635245059,-73.13258477951334,6.157269363502771,44.10129221435636
1664545826000,40.91345635245059,-73.13258477951334,6.277715215769523,44.10129221435636
1664545827000,40.91345635245059,-73.13258477951334,6.2631788737992755,44.10129221435636
1664545828000,40.91345635245059,-73.13258477951334,6.314231236028125,44.10129221435636
1664545829000,40.91345635245059,-73.13258477951334,6.284734999405753,44.10129221435636
1664545830000,40.91345635245059,-73.13258477951334,6.295210377286452,44.10129221435636
1664545831000,40.91345635245059,-73.13258477951334,6.351636637714263,44.10129221435636
1664545832000,40.91345635245059,-73.13258477951334,6.256318685157539,44.10129221435636
1664545833000,40.91345635245059,-73.13258477951334,6.30964468385289,44.10129221435636
1664545834000,40.91345635245059,-73.13258477951334,6.289531622737259,44.10129221435636
1664545835000,40.91345635245059,-73.13258477951334,6.367132876272293,44.10129221435636
1664545836000,40.91345635245059,-73.13258477951334,6.282860159152838,44.10129221435636
1664545837000,40.91345635245059,-73.13258477951334,6.241457938991252,44.10129221435636
1664545838000,40.91345635245059,-73.13258477951334,6.282161242506452,44.10129221435636
1664545839000,40.91345635245059,-73.13258477951334,6.043344606523921,44.10129221435636
1664545840000,40.91345635245059,-73.13258477951334,6.042816089492287,44.10129221435636
1664545841000,40.91345635245059,-73.13258477951334,6.016169872496516,44.10129221435636
1664545842000,40.91345635245059,-73.13258477951334,6.006935409302672,44.10129221435636
1664545843000,40.91345635245059,-73.13258477951334,6.020629052068742,44.10129221435636
1664545844000,40.91345635245059,-73.13258477951334,6.038706665541857,44.10129221435636
1664545845000,40.91345635245059,-73.13258477951334,6.209236005859396,44.10129221435636
1664545846000,40.91345635245059,-73.13258477951334,6.209824367509709,44.10129221435636
1664545847001,40.91345635245059,-73.13258477951334,6.253993704592107,44.10129221435636
1664545848001,40.91345635245059,-73.13258477951334,6.2504940478593545,44.10129221435636
1664545849001,40.91345635245059,-73.13258477951334,6.244879551966011,44.10129221435636
1664545850001,40.91345635245059,-73.13258477951334,6.275416028780844,44.10129221435636
1664545851001,40.913466452181886,-73.13265375911267,6.499061448714557,43.93062145728618
1664545852001,40.913466452181886,-73.13265375911267,6.358210740824126,43.93062145728618
1664545853001,40.913466452181886,-73.13265375911267,6.272231039011029,43.93062145728618
1664545854001,40.91346986068401,-73.13264224945998,6.359409373613852,44.02202981989831
1664545855001,40.91346986068401,-73.13264224945998,6.438619036285967,44.02202981989831
1664545856001,40.91346986068401,-73.13264224945998,6.363657538229497,44.02202981989831
1664545857001,40.91346743710484,-73.13264841159464,6.685079957822834,43.82908287458122
1664545858001,40.91346743710484,-73.13264841159464,6.644546829463048,43.82908287458122
1664545859001,40.91346743710484,-73.13264841159464,6.705495924515893,43.82908287458122
1664545860001,40.91346743710484,-73.13264841159464,6.6045454687480545,43.82908287458122
1664545861001,40.91346743710484,-73.13264841159464,6.65188791261541,43.82908287458122
1664545862001,40.9134710286721,-73.13263316883007,7.102980906979836,43.70201575662941
1664545863001,40.91347078419053,-73.1326269511174,7.384827708670493,43.740044413134456
1664545864001,40.91347005221744,-73.13262760341846,8.636385234334673,43.85460084956139
1664545865001,40.91346938691094,-73.13263253799718,9.86283807568822,43.794195272028446
1664545866001,40.91346724085307,-73.1326419161463,10.476780170575717,43.895813279785216
1664545867001,40.91346890440565,-73.13263019723826,11.479312666355677,43.949689785949886
1664545868001,40.913461240329944,-73.13261367414022,12.533323570095927,43.871718562208116
1664545869001,40.91346155273837,-73.13261347162849,9.067907177609047,43.86496111098677
1664545870001,40.91346155273837,-73.13261347162849,8.766957898160452,43.86496111098677
1664545871001,40.91346155273837,-73.13261347162849,8.105536474538804,43.86496111098677
1664545872001,40.91346155273837,-73.13261347162849,7.734747178181625,43.86496111098677
1664545873001,40.91346155273837,-73.13261347162849,6.9826804326615015,43.86496111098677
1664545874001,40.91346155273837,-73.13261347162849,6.624080456471967,43.86496111098677
1664545875001,40.91346155273837,-73.13261347162849,6.463158243196289,43.86496111098677
1664545876001,40.91346155273837,-73.13261347162849,6.435570440908322,43.86496111098677
1664545877001,40.91346155273837,-73.13261347162849,6.228538199193367,43.86496111098677
1664545878001,40.9133532203108,-73.13263951211601,6.283541377199574,43.88807421177626
1664545879002,40.91335275857722,-73.13263953740896,6.042676974012583,43.88379474449903
1664545880002,40.91335275857722,-73.13263953740896,6.390130841129116,43.88379474449903
1664545881002,40.91333867804749,-73.13264045652389,5.873580693697951,43.72183265630156
1664545882002,40.91333867804749,-73.13264045652389,6.055129275307149,43.72183265630156
1664545883002,40.91333867804749,-73.13264045652389,5.640116516450023,43.72183265630156
1664545884002,40.91333867804749,-73.13264045652389,5.587020303034564,43.72183265630156
1664545885002,40.91333867804749,-73.13264045652389,5.622846788428389,43.72183265630156
1664545886002,40.91333867804749,-73.13264045652389,5.591117720867526,43.72183265630156
1664545887002,40.913311273228324,-73.13263898791405,5.673106223056087,43.86044976208359
1664545888002,40.913311181802854,-73.13264283344058,5.626099828820085,43.90490625053644
1664545889002,40.91331955951106,-73.13263925502825,6.173449540596762,43.95144341420382
1664545890002,40.91332218765887,-73.13263963624402,7.416424655634413,43.749328398145735
1664545891002,40.91332218765887,-73.13263963624402,6.226294515551832,43.749328398145735
1664545892002,40.91332218765887,-73.13263963624402,5.820087299846171,43.749328398145735
1664545893002,40.91332218765887,-73.13263963624402,5.719273645182218,43.749328398145735
1664545894002,40.91332218765887,-73.13263963624402,5.518381157698926,43.749328398145735
1664545895002,40.91332218765887,-73.13263963624402,5.443131143212463,43.749328398145735
1664545896002,40.91332218765887,-73.13263963624402,5.459746483604628,43.749328398145735
1664545897002,40.91332218765887,-73.13263963624402,5.411726761011301,43.749328398145735
1664545898002,40.91332218765887,-73.13263963624402,5.386466356416475,43.749328398145735
1664545899002,40.91332218765887,-73.13263963624402,5.430386181066809,43.749328398145735
1664545900002,40.91332218765887,-73.13263963624402,5.379466249735699,43.749328398145735
1664545901002,40.91332218765887,-73.13263963624402,5.374279752506292,43.749328398145735
1664545902002,40.91332218765887,-73.13263963624402,5.347964954019989,43.749328398145735
1664545903002,40.91332218765887,-73.13263963624402,5.340656186495584,43.749328398145735
1664545904002,40.91332218765887,-73.13263963624402,5.323715185145772,43.749328398145735
1664545905002,40.91332218765887,-73.13263963624402,5.3192698218547685,43.749328398145735
1664545906002,40.913322447857624,-73.13261430443376,5.30463297946939,43.87213652394712
1664545907002,40.91332666520837,-73.1326074919096,5.322391066777588,43.8855968946591
1664545908002,40.91333058137093,-73.13260362026034,5.328995552896745,43.79902625083923
1664545909002,40.91333058137093,-73.13260362026034,5.328327354196001,43.79902625083923
1664545910002,40.91332108787203,-73.13261571282155,5.555984691203764,43.738188832998276
1664545911002,40.91333051223771,-73.13260583889927,5.52368278956032,43.76339700818062
1664545912002,40.913330776294806,-73.1326055027863,5.487876065819992,43.878104011528194
1664545913003,40.913330776294806,-73.1326055027863,5.505795768557749,43.878104011528194
1664545914003,40.913330776294806,-73.1326055027863,5.538695066469256,43.878104011528194
1664545915003,40.913330776294806,-73.1326055027863,5.6744694766303585,43.878104011528194
1664545916003,40.913330776294806,-73.1326055027863,5.88188607037472,43.878104011528194
1664545917003,40.913330776294806,-73.1326055027863,5.768116970995973,43.878104011528194
1664545918003,40.913330776294806,-73.1326055027863,5.558896575374653,43.878104011528194
1664545919999,40.913330776294806,-73.1326055027863,5.4607810691467975,43.878104011528194
1664545920999,40.913330776294806,-73.1326055027863,5.4095750620971295,43.878104011528194
1664545921999,40.91332136969281,-73.1326129358008,5.4181912630963724,43.877338516525924
1664545922999,40.91332136969281,-73.1326129358008,5.463573572827152,43.877338516525924
1664545923999,40.91332941252557,-73.1326164105746,5.8744920245486565,43.87858773302287
1664545924999,40.91333315889139,-73.13261754164101,5.650323016014412,44.08123165462166
1664545925999,40.91333494416891,-73.13262095695544,6.344851218184885,43.868340470828116
1664545926999,40.91333657443985,-73.13261623067962,6.020878012602298,43.96685635391623
1664545927999,40.91333706082304,-73.13260733637638,6.732050531912344,43.93401319347322
1664545928999,40.9133284163433,-73.1326182595565,6.391696921163823,43.954775631427765
1664545929999,40.9133386677263,-73.13261029819603,6.2882067090793505,43.97610627114773
1664545930999,40.91333346951996,-73.13262364577744,6.030908081744129,43.92581514827907
1664545931999,40.9133232995326,-73.1326136315929,5.885186602998123,43.91049330960959
1664545932999,40.91331999304177,-73.13261376338875,5.919646356342371,43.89302053954452
1664545933999,40.91332210979809,-73.13260071791812,5.875991515324549,43.82506363186985
1664545935999,40.91332210979809,-73.13260071791812,5.41824914682566,43.82506363186985
1664545937999,40.91332210979809,-73.13260071791812,5.342087058035808,43.82506363186985
1664545938999,40.91332210979809,-73.13260071791812,5.341002433815773,43.82506363186985
1664545939999,40.91332210979809,-73.13260071791812,5.333021346643687,43.82506363186985
1664545940999,40.91332210979809,-73.13260071791812,5.362815147746293,43.82506363186985
1664545941999,40.91332210979809,-73.13260071791812,5.314573792851004,43.82506363186985
1664545942999,40.91332210979809,-73.13260071791812,5.301495803595363,43.82506363186985
1664545943999,40.91332210979809,-73.13260071791812,5.301986805393137,43.82506363186985
1664545944999,40.91332210979809,-73.13260071791812,5.306757848333691,43.82506363186985
1664545945999,40.91332030793586,-73.13259920229149,5.375343219483293,44.111029707826674
1664545947000,40.913320217216544,-73.13259899395024,5.391247129175877,44.14049346372485
1664545948000,40.913320217216544,-73.13259899395024,5.375102972145273,44.14049346372485
1664545949000,40.913320217216544,-73.13259899395024,5.426752719517838,44.14049346372485
1664545950000,40.913320217216544,-73.13259899395024,5.367573622499368,44.14049346372485
1664545951000,40.913320217216544,-73.13259899395024,5.324206238589892,44.14049346372485
1664545952000,40.913320217216544,-73.13259899395024,5.486285679756917,44.14049346372485
1664545953000,40.913328084585665,-73.13257828769942,5.710901871070863,43.84864203352481
1664545954000,40.9133276353279,-73.13258671031603,5.4431327463136725,43.911628608591855
1664545955000,40.91332809329682,-73.13258709166583,5.441103926054703,43.90612844377756
1664545956000,40.91333110557252,-73.13257523963551,5.89644191633441,43.87165778502822
1664545957000,40.91333291141022,-73.13258453935387,5.7633412711639265,43.87183977756649
1664545958000,40.91333291141022,-73.13258453935387,5.794760020632283,43.87183977756649
1664545959000,40.91333496395243,-73.13259135653948,6.101831320923717,43.94946916680783
1664545960000,40.91333468878331,-73.13259175229422,6.0975023263996535,43.94070862792432
1664545961000,40.91333468878331,-73.13259175229422,5.9765238266893475,43.94070862792432
1664545962000,40.91333468878331,-73.13259175229422,5.942163326713229,43.94070862792432
1664545963000,40.91333468878331,-73.13259175229422,5.7187779375610805,43.94070862792432
1664545964000,40.91333468878331,-73.13259175229422,5.653017508936957,43.94070862792432
1664545965000,40.91333468878331,-73.13259175229422,5.53083740959759,43.94070862792432
1664545966000,40.91333468878331,-73.13259175229422,5.493547940919737,43.94070862792432
1664545967000,40.91333468878331,-73.13259175229422,5.396272411364023,43.94070862792432
1664545968000,40.91333468878331,-73.13259175229422,5.642137611402292,43.94070862792432
1664545969000,40.91333468878331,-73.13259175229422,5.398567658413597,43.94070862792432
1664545970000,40.91333468878331,-73.13259175229422,5.511886652549653,43.94070862792432
1664545971000,40.91333468878331,-73.13259175229422,5.511952089538348,43.94070862792432
1664545972000,40.913395065017625,-73.13254279236399,5.568464012078037,43.77223001886159
1664545973000,40.913395065017625,-73.13254279236399,5.585714873759589,43.77223001886159
1664545974001,40.913395065017625,-73.13254279236399,5.472626653394506,43.77223001886159
1664545975001,40.913395065017625,-73.13254279236399,5.399973248340526,43.77223001886159
1664545976001,40.913395065017625,-73.13254279236399,5.444199508428001,43.77223001886159
1664545977001,40.913395065017625,-73.13254279236399,5.404750874992167,43.77223001886159
1664545978001,40.913395065017625,-73.13254279236399,5.425412595650686,43.77223001886159
1664545979001,40.913395065017625,-73.13254279236399,5.3523321317837205,43.77223001886159
1664545980001,40.913395065017625,-73.13254279236399,5.375647821588365,43.77223001886159
1664545981001,40.913395065017625,-73.13254279236399,5.3778486010115785,43.77223001886159
1664545982001,40.913395065017625,-73.13254279236399,5.472155130594235,43.77223001886159
1664545983001,40.913395065017625,-73.13254279236399,5.44375923335678,43.77223001886159
1664545984001,40.913395065017625,-73.13254279236399,5.4644097485664735,43.77223001886159
1664545985001,40.913395065017625,-73.13254279236399,5.479589214632312,43.77223001886159
1664545986001,40.913395065017625,-73.13254279236399,5.45800128039326,43.77223001886159
1664545987001,40.913395065017625,-73.13254279236399,5.509664387479908,43.77223001886159
1664545988001,40.913395065017625,-73.13254279236399,5.399383111676709,43.77223001886159
1664545989001,40.913395065017625,-73.13254279236399,5.587472328021595,43.77223001886159
1664545990001,40.913395065017625,-73.13254279236399,5.378607118524677,43.77223001886159
1664545991001,40.913395065017625,-73.13254279236399,5.575495658406555,43.77223001886159
1664545992001,40.913395065017625,-73.13254279236399,5.443181912788295,43.77223001886159
1664545993001,40.91338612270397,-73.13257629738365,5.463395257025009,44.07646373473108
1664545994001,40.91338026606077,-73.13258551801955,5.840188439049293,43.74514811951667
1664545995001,40.91338455064815,-73.1325778479792,7.080902259781943,44.000794902443886
1664545996001,40.913382383782476,-73.13257633433336,9.04278197388897,44.03551400080323
1664545997001,40.91338191431593,-73.13258756414972,7.160118677996783,43.998515320941806
1664545998001,40.91338568999224,-73.1325819147279,7.120080938209703,43.92717610951513
1664545999001,40.91338568999224,-73.1325819147279,7.196896314646814,43.92717610951513
1664546000001,40.91338568999224,-73.1325819147279,7.344824749314633,43.92717610951513
1664546001001,40.91338568999224,-73.1325819147279,7.426798868421848,43.92717610951513
1664546002001,40.91338278096905,-73.13257687707576,7.628737298099515,44.12031325511634
1664546003001,40.913380934284795,-73.13257634692968,7.71254130992199,43.887077373452485
1664546004001,40.91337387511506,-73.13257926726848,7.979197876726646,43.93085910193622
1664546005001,40.91337941600053,-73.13257207791966,8.730000152063838,44.07604579254985
1664546006002,40.91337841435867,-73.13256741935963,10.23333891376938,44.101795873604715
1664546007002,40.913370865483934,-73.13257466824655,11.669202243778187,43.87205730006099
1664546008002,40.913370865483934,-73.13257466824655,8.397173891530253,43.87205730006099
1664546009002,40.913370865483934,-73.13257466824655,8.106626843983413,43.87205730006099
1664546010002,40.913370865483934,-73.13257466824655,7.877696822514184,43.87205730006099
1664546011002,40.913370865483934,-73.13257466824655,7.790508845958577,43.87205730006099
1664546012002,40.913370865483934,-73.13257466824655,7.787887091498608,43.87205730006099
1664546013002,40.913370865483934,-73.13257466824655,7.712223256903558,43.87205730006099
1664546014002,40.913370865483934,-73.13257466824655,7.70767570399196,43.87205730006099
1664546015002,40.913370865483934,-73.13257466824655,7.6352336124229465,43.87205730006099
1664546016002,40.913370865483934,-73.13257466824655,7.533190347088637,43.87205730006099
1664546017002,40.91335171576964,-73.13256796226426,7.866223163526779,44.12174325436354
1664546018002,40.913353645378955,-73.13256887552689,7.218377697050101,43.87192678358406
1664546019002,40.91335904413985,-73.13255372573059,7.525061415310027,44.090353263542056
1664546020002,40.91336834304703,-73.13254767710569,7.010809175115687,44.145457356236875
1664546021002,40.91336834304703,-73.13254767710569,7.047431960629641,44.145457356236875
1664546022002,40.91336834304703,-73.13254767710569,7.103015205779808,44.145457356236875
1664546023002,40.91336834304703,-73.13254767710569,7.15033429502246,44.145457356236875
1664546024002,40.91336834304703,-73.13254767710569,6.987316427149708,44.145457356236875
1664546025002,40.91336834304703,-73.13254767710569,7.051749147460897,44.145457356236875
1664546026002,40.91336834304703,-73.13254767710569,6.851509361819917,44.145457356236875
1664546027002,40.91336834304703,-73.13254767710569,6.862405251104192,44.145457356236875
1664546028002,40.91336834304703,-73.13254767710569,7.130006154446654,44.145457356236875
1664546029002,40.91336834304703,-73.13254767710569,6.99680026870839,44.145457356236875
1664546030002,40.913370328555935,-73.13249962576974,7.227583753544588,44.08043099194765
1664546031002,40.91337458693658,-73.13250060571124,6.625416935567889,44.13215562701225
1664546032002,40.91337458693658,-73.13250060571124,6.643479273144593,44.13215562701225
1664546033002,40.91337458693658,-73.13250060571124,6.7052706134307405,44.13215562701225
1664546034002,40.91337458693658,-73.13250060571124,6.720269706031369,44.13215562701225
1664546035002,40.91337458693658,-73.13250060571124,6.771321925906528,44.13215562701225
1664546036002,40.913372620306546,-73.13249392201615,6.775671351158216,44.08883161004633
1664546037002,40.91337622525414,-73.13249198525305,7.098147734606324,44.14094368275255
1664546038002,40.913376040296086,-73.13249239072324,7.0470966438115274,44.08022578805685
1664546039003,40.91337543240255,-73.13249261288856,7.87215854009103,44.16659465525299
1664546040003,40.91337832749043,-73.13247801478073,8.62070591056247,44.31331630423665
1664546041003,40.913379641009314,-73.1324776225022,7.754592860566793,44.34497843403369
1664546042003,40.913379641009314,-73.1324776225022,7.494762659820493,44.34497843403369
1664546043003,40.913379641009314,-73.1324776225022,6.994626692573447,44.34497843403369
1664546044003,40.913379641009314,-73.1324776225022,7.286076249900858,44.34497843403369
1664546044998,40.913382937209654,-73.1324834698142,7.961724855410069,44.19083979073912
1664546045998,40.91338284334077,-73.1324834296699,7.334101224588578,44.19172495044768
1664546046998,40.91338284334077,-73.1324834296699,7.218478589330475,44.19172495044768
1664546047998,40.91338284334077,-73.1324834296699,7.330160398743885,44.19172495044768
1664546048998,40.91338284334077,-73.1324834296699,7.276969516383699,44.19172495044768
1664546049999,40.913381082466294,-73.13245406189864,7.327221717901017,44.15833071898669
1664546050999,40.913390240035596,-73.13246739469938,7.785657165808915,44.305308668874204
1664546051999,40.913390830446275,-73.13248550565532,8.25795090446635,44.30274441372603
1664546052999,40.913389598898014,-73.13250265428258,8.248912913417817,44.42083633132279
1664546053999,40.913386455837234,-73.13253158349589,9.364379750909348,44.150421847589314
1664546054999,40.9133956767456,-73.13253105483692,11.510240354841015,44.208666381426156
1664546055999,40.913399679571825,-73.13253556783522,15.128348622218361,44.072238048538566
1664546056999,40.913401978686416,-73.13254244390403,18.821238933997133,44.20002727303654
1664546057999,40.91340722865521,-73.13255001442558,23.623119303677807,44.09261600114405
1664546058999,40.91341265747654,-73.13255715121589,28.398020963039762,43.99365164991468
1664546059999,40.91341472251701,-73.13255995210115,15.996220692851965,43.942351860925555
1664546061999,40.91341472251701,-73.13255995210115,23.019451452711113,43.942351860925555
1664546063999,40.91341472251701,-73.13255995210115,14.474997741901497,43.942351860925555
1664546064999,40.91341472251701,-73.13255995210115,14.493019165545947,43.942351860925555
1664546065999,40.91341472251701,-73.13255995210115,14.564253036883022,43.942351860925555
1664546066999,40.91341472251701,-73.13255995210115,14.661736074358991,43.942351860925555
1664546067999,40.91341472251701,-73.13255995210115,14.73159392848401,43.942351860925555
1664546068999,40.91341472251701,-73.13255995210115,14.858075714599103,43.942351860925555
1664546069999,40.91341472251701,-73.13255995210115,15.73844644687142,43.942351860925555
1664546070999,40.91340077874787,-73.13254078376526,15.421751155587259,43.94448309764266
1664546071999,40.913400907717985,-73.13254044838794,16.146475793336435,44.131388526409864
1664546072999,40.91340095643878,-73.13254054924086,17.18408015943173,43.92316191084683
1664546074000,40.91340146066917,-73.13254083402026,19.17967465482038,43.913368131034076
1664546075000,40.91340146066917,-73.13254083402026,12.93265418182668,43.913368131034076
1664546076000,40.91341308301481,-73.13252796257498,13.029702155275256,44.00760684348643
1664546077000,40.91341308301481,-73.13252796257498,13.142514240001173,44.00760684348643
1664546078000,40.91341308301481,-73.13252796257498,13.40249322092849,44.00760684348643
1664546079000,40.913411526320964,-73.1325280743501,14.012557820552319,43.98806357663125
1664546080000,40.91341148806238,-73.13252807510807,13.71195523549781,43.975329340435565
1664546081024,40.91341148806238,-73.13252807510807,62.3808245539801,43.975329340435565
1664546104419,40.91342267630584,-73.13255206856505,14.908254223562345,41.377403259277344
1664546111053,40.91342267630584,-73.13255206856505,14.908254223562345,47.62440872192383
1664546117741,40.91342267630584,-73.13255206856505,14.908254223562345,49.22316360473633
1664546124386,40.91342267630584,-73.13255206856505,14.908254223562345,49.18733596801758
1664546130949,40.91342267630584,-73.13255206856505,14.908254223562345,49.16580581665039
1664546137557,40.91342267630584,-73.13255206856505,14.908254223562345,49.09236526489258
1664546142014,40.91344616233327,-73.13252332568624,14.398551747963765,46.70391392335296
1664546143002,40.913460622337766,-73.13251791941485,17.518803890632526,45.18122667260468
1664546144002,40.913463896534125,-73.13253268199139,20.966451194674914,44.730121025815606
1664546145002,40.91346447742257,-73.13253501948456,13.216963402511874,44.693365501239896
1664546146002,40.91346447742257,-73.13253501948456,12.830303784242746,44.693365501239896
1664546147002,40.91346447742257,-73.13253501948456,10.088168087950223,44.693365501239896
1664546148002,40.91346447742257,-73.13253501948456,8.157926209199418,44.693365501239896
1664546149002,40.91346447742257,-73.13253501948456,7.287593924903264,44.693365501239896
1664546150002,40.91346447742257,-73.13253501948456,7.003989394322981,44.693365501239896
1664546151002,40.91346447742257,-73.13253501948456,6.584128880430926,44.693365501239896
1664546152002,40.91346447742257,-73.13253501948456,5.968104260772158,44.693365501239896
1664546153002,40.91346447742257,-73.13253501948456,5.771555123435408,44.693365501239896
1664546154002,40.91346447742257,-73.13253501948456,5.6143129779297105,44.693365501239896
1664546155002,40.91346447742257,-73.13253501948456,5.654077429703405,44.693365501239896
1664546156002,40.91346447742257,-73.13253501948456,5.912708044551991,44.693365501239896
1664546157002,40.91346447742257,-73.13253501948456,5.89710902903042,44.693365501239896
1664546158002,40.91346447742257,-73.13253501948456,5.806187824074812,44.693365501239896
1664546159002,40.91346447742257,-73.13253501948456,5.771403646714822,44.693365501239896
1664546160002,40.91346447742257,-73.13253501948456,5.707548477162854,44.693365501239896
1664546161002,40.91346447742257,-73.13253501948456,5.622708913230498,44.693365501239896
1664546162002,40.91346447742257,-73.13253501948456,5.483484440873079,44.693365501239896
1664546163002,40.91346447742257,-73.13253501948456,5.410546453388748,44.693365501239896
1664546164002,40.91346447742257,-73.13253501948456,5.354973087484331,44.693365501239896
1664546165003,40.91346447742257,-73.13253501948456,5.60057394036415,44.693365501239896
1664546166003,40.91346447742257,-73.13253501948456,5.6175137339273205,44.693365501239896
1664546167003,40.91346447742257,-73.13253501948456,5.586376131676351,44.693365501239896
1664546168003,40.91346447742257,-73.13253501948456,5.619091065740796,44.693365501239896
1664546169003,40.91346447742257,-73.13253501948456,5.487212870241788,44.693365501239896
1664546170003,40.91346447742257,-73.13253501948456,5.436467891013855,44.693365501239896
1664546171998,40.91346447742257,-73.13253501948456,5.363182515524002,44.693365501239896
1664546172998,40.91346447742257,-73.13253501948456,5.436985678514174,44.693365501239896
1664546173999,40.91346447742257,-73.13253501948456,5.2605432190866095,44.693365501239896
1664546174999,40.91346447742257,-73.13253501948456,5.209981292140252,44.693365501239896
1664546175999,40.91346447742257,-73.13253501948456,5.216381045725638,44.693365501239896
1664546176999,40.91346447742257,-73.13253501948456,5.217552669413595,44.693365501239896
1664546177999,40.91346447742257,-73.13253501948456,5.224120582897617,44.693365501239896
1664546178999,40.91346447742257,-73.13253501948456,5.270630648344432,44.693365501239896
1664546179999,40.91346447742257,-73.13253501948456,5.265216765544568,44.693365501239896
1664546180999,40.91346447742257,-73.13253501948456,5.280861460257697,44.693365501239896
1664546181999,40.91346447742257,-73.13253501948456,5.2863604094115715,44.693365501239896
1664546182999,40.91346447742257,-73.13253501948456,5.295807499425366,44.693365501239896
1664546183999,40.91346447742257,-73.13253501948456,5.363257314031724,44.693365501239896
1664546185999,40.91346447742257,-73.13253501948456,5.279172724259447,44.693365501239896
1664546186999,40.91337996598241,-73.13261396278179,5.299816290786763,44.188485451973975
1664546187999,40.91337744608146,-73.13261472442717,5.798521311921324,43.990585543215275
1664546188999,40.91337733778654,-73.13260925005481,7.222441240181599,44.26524444296956
1664546189999,40.91337776869688,-73.13261113588733,9.357490465841364,44.081559472717345
1664546190999,40.913374927234806,-73.13260782280791,11.734697070659077,44.10930998623371
1664546191999,40.913378078058855,-73.13261162875408,11.47922650016414,44.04540529102087
1664546192999,40.91338534290593,-73.1326099443901,10.920409649281519,44.03588647209108
1664546193999,40.91338683692196,-73.13259360915839,8.671066850182235,43.95267744362354
1664546194999,40.91339131474557,-73.13260038012261,7.661422482083181,44.00106222555041
1664546195999,40.91337861212017,-73.13258795333151,8.367763744698578,44.01166256517172
1664546196999,40.91338807987194,-73.132583239989,8.809086303674245,44.09718195069581
1664546198000,40.913388170434764,-73.13258407329116,9.943520879568519,44.10554904304445
1664546199000,40.91340802566606,-73.13259494139106,11.256006799705185,43.86131222266704
1664546200000,40.91339528093723,-73.1325918884579,9.410703448084776,43.863460845313966
1664546201000,40.913390097984184,-73.13258758964088,11.977104453650378,44.04320778045803
1664546202000,40.9134229479757,-73.1325989023705,13.026912311326036,42.77588244527578
1664546203000,40.913407272098425,-73.13260164028581,14.54757026007841,44.08308618981391
1664546204000,40.91337988395974,-73.13256740126977,10.326673386888071,43.977155001834035
1664546205000,40.91338818875748,-73.13259287414998,9.768006521169013,43.765179249458015
1664546206000,40.913375000538,-73.13261096344792,10.294591952314608,43.95772934425622
1664546207000,40.91340223996055,-73.13259734341227,9.231121447717227,43.64382986072451
1664546208000,40.91341079035397,-73.1326049390681,10.078052423748492,43.7108247987926
1664546209000,40.91342552422744,-73.13262041600711,10.070560458430029,44.28538553789258
1664546210000,40.91343376466812,-73.13262928192741,10.040694621643208,43.68312717508525
1664546211000,40.913434178277825,-73.13261381603614,10.262925096937217,43.95972839836031
1664546212000,40.91344065241539,-73.13261518024704,11.47216510025782,43.933224244974554
1664546213000,40.91344588222999,-73.13260008696989,12.01778138599697,43.79877289105207
1664546214000,40.91345335958727,-73.13260375735094,13.276624822203388,43.53445278387517
1664546215000,40.9134630930247,-73.1326112608649,16.284334156926278,43.704249534755945
1664546216000,40.91346803160426,-73.13261685825911,11.807215842797216,43.67723247874528
1664546217000,40.91346803160426,-73.13261685825911,11.79341931171169,43.67723247874528
1664546218000,40.91346803160426,-73.13261685825911,11.752137674768319,43.67723247874528
1664546219000,40.91346803160426,-73.13261685825911,11.77478566105907,43.67723247874528
1664546220000,40.91346803160426,-73.13261685825911,20.695350063378157,43.67723247874528
1664546221000,40.91346803160426,-73.13261685825911,22.72159702269232,43.67723247874528
1664546222000,40.91346803160426,-73.13261685825911,24.927940538747766,43.67723247874528
1664546223000,40.91346803160426,-73.13261685825911,28.87407065860385,43.67723247874528
1664546224001,40.91346803160426,-73.13261685825911,32.27637008323659,43.67723247874528
1664546225001,40.91346803160426,-73.13261685825911,35.97947755350358,43.67723247874528
1664546226001,40.91346803160426,-73.13261685825911,12.508110640729504,43.67723247874528
1664546227001,40.91346803160426,-73.13261685825911,12.596980400444831,43.67723247874528
1664546228001,40.91346803160426,-73.13261685825911,12.706295403840928,43.67723247874528
1664546229001,40.91346803160426,-73.13261685825911,12.81846056079082,43.67723247874528
1664546230001,40.91346803160426,-73.13261685825911,12.958226055728586,43.67723247874528
1664546231001,40.91346803160426,-73.13261685825911,13.071414953241806,43.67723247874528
1664546232001,40.91346803160426,-73.13261685825911,13.167519390530776,43.67723247874528
1664546233001,40.91346803160426,-73.13261685825911,13.288274009167473,43.67723247874528
1664546234001,40.91346803160426,-73.13261685825911,13.267663388075176,43.67723247874528
1664546235001,40.91346803160426,-73.13261685825911,135.4172239951594,43.67723247874528
1664546236001,40.91351121869593,-73.13261734618709,200.0,43.67723083496094
1664546237001,40.91357443485513,-73.13261806040363,163.8370422472694,44.0157127706334
1664546238001,40.91357443485513,-73.13261806040363,189.69131943580751,44.0157127706334
1664546239001,40.91357464440271,-73.13262082643168,216.929530190782,43.89345935359597
1664546240001,40.91357464440271,-73.13262082643168,246.82973874507073,43.89345935359597
1664546241001,40.91357464440271,-73.13262082643168,269.9461402417162,43.89345935359597
1664546242001,40.91357464440271,-73.13262082643168,302.3284335612552,43.89345935359597
1664546243022,40.91378741901471,-73.13276063657658,338.3810933048421,43.75722888484597
1664546263018,40.91342267630584,-73.13255206856505,14.908254223562345,41.158058166503906
1664546273036,40.91342267630584,-73.13255206856505,14.908254223562345,43.974525451660156
1664546279070,40.91342267630584,-73.13255206856505,14.908254223562345,45.5761833190918
1664546285337,40.91342267630584,-73.13255206856505,14.908254223562345,47.267433166503906
1664546291377,40.91342267630584,-73.13255206856505,14.908254223562345,48.24471664428711
1664546297526,40.91342267630584,-73.13255206856505,14.908254223562345,48.24471664428711
1664546303642,40.91342267630584,-73.13255206856505,14.908254223562345,48.24471664428711
1664546309791,40.91342267630584,-73.13255206856505,14.908254223562345,48.24471664428711
1664546322012,40.91342267630584,-73.13255206856505,14.908254223562345,48.26774597167969
1664546334012,40.91342267630584,-73.13255206856505,14.908254223562345,48.31266784667969
1664546346013,40.91342267630584,-73.13255206856505,14.908254223562345,48.34996795654297
1664546352043,40.91342267630584,-73.13255206856505,14.908254223562345,48.4909553527832
1664546356847,40.91342267630584,-73.13255206856505,14.908254223562345,49.14651107788086
1664546362943,40.91342267630584,-73.13255206856505,14.908254223562345,49.19959259033203
1664546375011,40.91342267630584,-73.13255206856505,14.908254223562345,49.140098571777344
1664546387011,40.91342267630584,-73.13255206856505,14.908254223562345,49.141944885253906
1664546399011,40.91342267630584,-73.13255206856505,14.908254223562345,49.144676208496094
1664546411012,40.91342267630584,-73.13255206856505,14.908254223562345,49.145538330078125
1664546423011,40.91342267630584,-73.13255206856505,14.908254223562345,49.147098541259766
1664546435012,40.91342267630584,-73.13255206856505,14.908254223562345,49.147396087646484
1664546447012,40.91342267630584,-73.13255206856505,14.908254223562345,49.149085998535156
1664546459012,40.91342267630584,-73.13255206856505,14.908254223562345,49.15098190307617
1664546471012,40.91342267630584,-73.13255206856505,14.908254223562345,49.1513786315918
1664546483038,40.91342267630584,-73.13255206856505,14.908254223562345,49.15294647216797
1664546495013,40.91342267630584,-73.13255206856505,14.908254223562345,49.1533203125
1664546507013,40.91342267630584,-73.13255206856505,14.908254223562345,49.15506362915039
1664546513025,40.91342267630584,-73.13255206856505,14.908254223562345,49.15721130371094
1664546525013,40.91342267630584,-73.13255206856505,14.908254223562345,49.152400970458984
1664546537014,40.91342267630584,-73.13255206856505,14.908254223562345,49.15131759643555
1664546549014,40.91342267630584,-73.13255206856505,14.908254223562345,49.15159606933594
1664546561014,40.91342267630584,-73.13255206856505,14.908254223562345,49.15330505371094
1664546573014,40.91342267630584,-73.13255206856505,14.908254223562345,49.1547966003418
1664546585015,40.91342267630584,-73.13255206856505,14.908254223562345,49.156070709228516
1664546597014,40.91342267630584,-73.13255206856505,14.908254223562345,49.15681838989258
1664546609015,40.91342267630584,-73.13255206856505,14.908254223562345,49.15778732299805
1664546621015,40.91342267630584,-73.13255206856505,14.908254223562345,49.15919876098633
1664546633015,40.91342267630584,-73.13255206856505,14.908254223562345,49.16061019897461
1664546645015,40.91342267630584,-73.13255206856505,14.908254223562345,49.160037994384766
1664546657015,40.91342267630584,-73.13255206856505,14.908254223562345,49.15956497192383
1664546669016,40.91342267630584,-73.13255206856505,14.908254223562345,49.159950256347656
1664546681016,40.91342267630584,-73.13255206856505,14.908254223562345,49.16010665893555
1664546693016,40.91342267630584,-73.13255206856505,14.908254223562345,49.159149169921875
1664546705017,40.91342267630584,-73.13255206856505,14.908254223562345,49.158958435058594
1664546717017,40.91342267630584,-73.13255206856505,14.908254223562345,49.160404205322266
1664546729016,40.91342267630584,-73.13255206856505,14.908254223562345,49.160858154296875
1664546741017,40.91342267630584,-73.13255206856505,14.908254223562345,49.16063690185547
1664546753018,40.91342267630584,-73.13255206856505,14.908254223562345,49.15985107421875
1664546764974,40.91342267630584,-73.13255206856505,14.908254223562345,49.15867614746094
1664546771382,40.91342267630584,-73.13255206856505,14.908254223562345,49.159019470214844
1664546783043,40.91342267630584,-73.13255206856505,14.908254223562345,49.15886688232422
1664546795018,40.91342267630584,-73.13255206856505,14.908254223562345,49.15961837768555
1664546807018,40.91342267630584,-73.13255206856505,14.908254223562345,49.160945892333984
1664546819018,40.91342267630584,-73.13255206856505,14.908254223562345,49.16054916381836
1664546831019,40.91342267630584,-73.13255206856505,14.908254223562345,49.16035842895508
1664546843020,40.91342267630584,-73.13255206856505,14.908254223562345,49.160884857177734
1664546855020,40.91342267630584,-73.13255206856505,14.908254223562345,49.16055679321289
1664546867019,40.91342267630584,-73.13255206856505,14.908254223562345,49.161075592041016
1664546879020,40.91342267630584,-73.13255206856505,14.908254223562345,49.160213470458984
1664546891021,40.91342267630584,-73.13255206856505,14.908254223562345,49.16075897216797
1664546903019,40.91342267630584,-73.13255206856505,14.908254223562345,49.16023254394531
1664546915020,40.91342267630584,-73.13255206856505,14.908254223562345,49.1614875793457
1664546927020,40.91342267630584,-73.13255206856505,14.908254223562345,49.1628532409668
1664546939020,40.91342267630584,-73.13255206856505,14.908254223562345,49.163204193115234
1664546951021,40.91342267630584,-73.13255206856505,14.908254223562345,49.163726806640625
1664546963028,40.91342267630584,-73.13255206856505,14.908254223562345,49.16484451293945
1664546975021,40.91342267630584,-73.13255206856505,14.908254223562345,49.16584396362305
1664546981026,40.91342267630584,-73.13255206856505,14.908254223562345,49.16682815551758
1664546982724,40.91342267630584,-73.13255206856505,14.908254223562345,49.16863250732422
1664546993022,40.91342267630584,-73.13255206856505,14.908254223562345,49.16870880126953
1664546999052,40.91342267630584,-73.13255206856505,14.908254223562345,49.168785095214844
1664547011022,40.91342267630584,-73.13255206856505,14.908254223562345,49.16986083984375
1664547023023,40.91342267630584,-73.13255206856505,14.908254223562345,49.17082977294922
1664547035024,40.91342267630584,-73.13255206856505,14.908254223562345,49.1716194152832
1664547047024,40.91342267630584,-73.13255206856505,14.908254223562345,49.17134475708008
1664547059023,40.91342267630584,-73.13255206856505,14.908254223562345,49.17148208618164
1664547071023,40.91342267630584,-73.13255206856505,14.908254223562345,49.172481536865234
1664547083048,40.91342267630584,-73.13255206856505,14.908254223562345,49.172611236572266
1664547095024,40.91342267630584,-73.13255206856505,14.908254223562345,49.1727409362793
1664547105362,40.91342267630584,-73.13255206856505,14.908254223562345,49.1721076965332
1664547107024,40.91342267630584,-73.13255206856505,14.908254223562345,49.17287063598633
1664547119025,40.91342267630584,-73.13255206856505,14.908254223562345,49.17386245727539
1664547131025,40.91342267630584,-73.13255206856505,14.908254223562345,49.17449188232422
1664547143025,40.91342267630584,-73.13255206856505,14.908254223562345,49.17491149902344
1664547155026,40.91342267630584,-73.13255206856505,14.908254223562345,49.17483139038086
1664547167027,40.91342267630584,-73.13255206856505,14.908254223562345,49.17531204223633
1664547179027,40.91342267630584,-73.13255206856505,14.908254223562345,49.176231384277344
1664547191026,40.91342267630584,-73.13255206856505,14.908254223562345,49.17633819580078
1664547203028,40.91342267630584,-73.13255206856505,14.908254223562345,49.177284240722656
1664547215027,40.91342267630584,-73.13255206856505,14.908254223562345,49.17823028564453
1664547227026,40.91342267630584,-73.13255206856505,14.908254223562345,49.17913818359375
1664547233071,40.91342267630584,-73.13255206856505,14.908254223562345,49.180030822753906
1664547245027,40.91342267630584,-73.13255206856505,14.908254223562345,49.18096923828125
1664547257028,40.91342267630584,-73.13255206856505,14.908254223562345,49.18172836303711
1664547269028,40.91342267630584,-73.13255206856505,14.908254223562345,49.18181228637695
1664547281028,40.91342267630584,-73.13255206856505,14.908254223562345,49.182010650634766
1664547293028,40.91342267630584,-73.13255206856505,14.908254223562345,49.18177795410156
1664547305029,40.91342267630584,-73.13255206856505,14.908254223562345,49.1812629699707
1664547317029,40.91342267630584,-73.13255206856505,14.908254223562345,49.182010650634766
1664547329029,40.91342267630584,-73.13255206856505,14.908254223562345,49.18208694458008
1664547341029,40.91342267630584,-73.13255206856505,14.908254223562345,49.18291473388672
1664547353030,40.91342267630584,-73.13255206856505,14.908254223562345,49.183067321777344
1664547365030,40.91342267630584,-73.13255206856505,14.908254223562345,49.182437896728516
1664547377030,40.91342267630584,-73.13255206856505,14.908254223562345,49.18328857421875
1664547389031,40.91342267630584,-73.13255206856505,14.908254223562345,49.184165954589844
1664547401021,40.91342267630584,-73.13255206856505,14.908254223562345,49.1838493347168
1664547413015,40.91342267630584,-73.13255206856505,14.908254223562345,49.184085845947266
1664547425012,40.91342267630584,-73.13255206856505,14.908254223562345,49.18425750732422
1664547437011,40.91342267630584,-73.13255206856505,14.908254223562345,49.18364334106445
1664547449011,40.91342267630584,-73.13255206856505,14.908254223562345,49.18340301513672
1664547461011,40.91342267630584,-73.13255206856505,14.908254223562345,49.18391418457031
1664547473011,40.91342267630584,-73.13255206856505,14.908254223562345,49.18403625488281
1664547485011,40.91342267630584,-73.13255206856505,14.908254223562345,49.18389129638672
1664547497010,40.91342267630584,-73.13255206856505,14.908254223562345,49.183624267578125
1664547509010,40.91342267630584,-73.13255206856505,14.908254223562345,49.183692932128906
1664547521012,40.91342267630584,-73.13255206856505,14.908254223562345,49.183258056640625
1664547533009,40.91342267630584,-73.13255206856505,14.908254223562345,49.18351745605469
1664547545010,40.91342267630584,-73.13255206856505,14.908254223562345,49.18397903442383
1664547557010,40.91342267630584,-73.13255206856505,14.908254223562345,49.18405532836914
1664547569010,40.91342267630584,-73.13255206856505,14.908254223562345,49.18425369262695
1664547581010,40.91342267630584,-73.13255206856505,14.908254223562345,49.18428421020508
1664547593010,40.91342267630584,-73.13255206856505,14.908254223562345,49.18439865112305
1664547605011,40.91342267630584,-73.13255206856505,14.908254223562345,49.184913635253906
1664547617010,40.91342267630584,-73.13255206856505,14.908254223562345,49.18506622314453
1664547629010,40.91342267630584,-73.13255206856505,14.908254223562345,49.18512725830078
1664547641010,40.91342267630584,-73.13255206856505,14.908254223562345,49.18464660644531
1664547653011,40.91342267630584,-73.13255206856505,14.908254223562345,49.18410873413086
1664547665011,40.91342267630584,-73.13255206856505,14.908254223562345,49.18403244018555
1664547677010,40.91342267630584,-73.13255206856505,14.908254223562345,49.18443298339844
1664547689011,40.91342267630584,-73.13255206856505,14.908254223562345,49.184757232666016
1664547701011,40.91342267630584,-73.13255206856505,14.908254223562345,49.18515396118164
1664547713011,40.91342267630584,-73.13255206856505,14.908254223562345,49.185001373291016
1664547725011,40.91342267630584,-73.13255206856505,14.908254223562345,49.18468475341797
1664547737011,40.91342267630584,-73.13255206856505,14.908254223562345,49.18473434448242
1664547749011,40.91342267630584,-73.13255206856505,14.908254223562345,49.1850471496582
1664547761012,40.91342267630584,-73.13255206856505,14.908254223562345,49.18446731567383
1664547773011,40.91342267630584,-73.13255206856505,14.908254223562345,49.18471145629883
1664547785012,40.91342267630584,-73.13255206856505,14.908254223562345,49.18449020385742
1664547797012,40.91342267630584,-73.13255206856505,14.908254223562345,49.183284759521484
1664547809012,40.91342267630584,-73.13255206856505,14.908254223562345,49.18266296386719
1664547821012,40.91342267630584,-73.13255206856505,14.908254223562345,49.1823844909668
1664547833012,40.91342267630584,-73.13255206856505,14.908254223562345,49.182430267333984
1664547845011,40.91342267630584,-73.13255206856505,14.908254223562345,49.18212127685547
1664547857011,40.91342267630584,-73.13255206856505,14.908254223562345,49.18302917480469
1664547869012,40.91342267630584,-73.13255206856505,14.908254223562345,49.183719635009766
1664547881011,40.91342267630584,-73.13255206856505,14.908254223562345,49.183753967285156
1664547893012,40.91342267630584,-73.13255206856505,14.908254223562345,49.184261322021484
1664547905012,40.91342267630584,-73.13255206856505,14.908254223562345,49.1841926574707
1664547917012,40.91342267630584,-73.13255206856505,14.908254223562345,49.18425750732422
1664547929012,40.91342267630584,-73.13255206856505,14.908254223562345,49.184566497802734
1664547941012,40.91342267630584,-73.13255206856505,14.908254223562345,49.18450164794922
1664547953012,40.91342267630584,-73.13255206856505,14.908254223562345,49.184444427490234
1664547965013,40.91342267630584,-73.13255206856505,14.908254223562345,49.18474578857422
1664547971027,40.91342267630584,-73.13255206856505,14.908254223562345,49.184906005859375
1664547983036,40.91342267630584,-73.13255206856505,14.908254223562345,49.1844596862793
1664547995012,40.91342267630584,-73.13255206856505,14.908254223562345,49.183528900146484
1664548005432,40.91342267630584,-73.13255206856505,14.908254223562345,49.18278503417969
1664548007013,40.91342267630584,-73.13255206856505,14.908254223562345,49.18351364135742
1664548019012,40.91342267630584,-73.13255206856505,14.908254223562345,49.18356704711914
1664548031013,40.91342267630584,-73.13255206856505,14.908254223562345,49.18385314941406
1664548043013,40.91342267630584,-73.13255206856505,14.908254223562345,49.18455123901367
1664548055011,40.91342267630584,-73.13255206856505,14.908254223562345,49.1837158203125
1664548067013,40.91342267630584,-73.13255206856505,14.908254223562345,49.1837272644043
1664548073018,40.91342267630584,-73.13255206856505,14.908254223562345,49.18339157104492
1664548085012,40.91342267630584,-73.13255206856505,14.908254223562345,49.183937072753906
1664548097012,40.91342267630584,-73.13255206856505,14.908254223562345,49.18358612060547
1664548109013,40.91342267630584,-73.13255206856505,14.908254223562345,49.183712005615234
1664548121014,40.91342267630584,-73.13255206856505,14.908254223562345,49.183773040771484
1664548133014,40.91342267630584,-73.13255206856505,14.908254223562345,49.184417724609375
1664548145013,40.91342267630584,-73.13255206856505,14.908254223562345,49.184085845947266
1664548157012,40.91342267630584,-73.13255206856505,14.908254223562345,49.18471145629883
1664548169012,40.91342267630584,-73.13255206856505,14.908254223562345,49.1844596862793
1664548181013,40.91342267630584,-73.13255206856505,14.908254223562345,49.18421936035156
1664548193012,40.91342267630584,-73.13255206856505,14.908254223562345,49.18342590332031
1664548205012,40.91342267630584,-73.13255206856505,14.908254223562345,49.18328857421875
1664548217014,40.91342267630584,-73.13255206856505,14.908254223562345,49.18333435058594
1664548229013,40.91342267630584,-73.13255206856505,14.908254223562345,49.18302917480469
1664548241012,40.91342267630584,-73.13255206856505,14.908254223562345,49.18238067626953
1664548247028,40.91342267630584,-73.13255206856505,14.908254223562345,49.181312561035156
1664548259013,40.91342267630584,-73.13255206856505,14.908254223562345,49.1771240234375
1664548271013,40.91342267630584,-73.13255206856505,14.908254223562345,49.17681121826172
1664548283039,40.91342267630584,-73.13255206856505,14.908254223562345,49.17528533935547
1664548295013,40.91342267630584,-73.13255206856505,14.908254223562345,49.17612075805664
1664548305458,40.91342267630584,-73.13255206856505,14.908254223562345,49.17490005493164
1664548307013,40.91342267630584,-73.13255206856505,14.908254223562345,49.17563247680664
1664548319013,40.91342267630584,-73.13255206856505,14.908254223562345,49.175025939941406
1664548331013,40.91342267630584,-73.13255206856505,14.908254223562345,49.17502975463867
1664548343012,40.91342267630584,-73.13255206856505,14.908254223562345,49.17493438720703
1664548355013,40.91342267630584,-73.13255206856505,14.908254223562345,49.17472839355469
1664548367014,40.91342267630584,-73.13255206856505,14.908254223562345,49.17436981201172
1664548379014,40.91342267630584,-73.13255206856505,14.908254223562345,49.17487716674805
1664548391013,40.91342267630584,-73.13255206856505,14.908254223562345,49.1747932434082
1664548403013,40.91342267630584,-73.13255206856505,14.908254223562345,49.1747932434082
1664548415014,40.91342267630584,-73.13255206856505,14.908254223562345,49.17410659790039
1664548425026,40.91342267630584,-73.13255206856505,14.908254223562345,49.172996520996094
1664548427014,40.91342267630584,-73.13255206856505,14.908254223562345,49.173728942871094
1664548439013,40.91342267630584,-73.13255206856505,14.908254223562345,49.17388916015625
1664548451013,40.91342267630584,-73.13255206856505,14.908254223562345,49.17401885986328
1664548463019,40.91342267630584,-73.13255206856505,14.908254223562345,49.17436599731445
1664548475012,40.91342267630584,-73.13255206856505,14.908254223562345,49.174217224121094
1664548487013,40.91342267630584,-73.13255206856505,14.908254223562345,49.173946380615234
1664548499013,40.91342267630584,-73.13255206856505,14.908254223562345,49.17389678955078
1664548511013,40.91342267630584,-73.13255206856505,14.908254223562345,49.174034118652344
1664548517179,40.91342267630584,-73.13255206856505,14.908254223562345,49.17404556274414
1664548529013,40.91342267630584,-73.13255206856505,14.908254223562345,49.17430114746094
1664548541014,40.91342267630584,-73.13255206856505,14.908254223562345,49.17443084716797
1664548553013,40.91342267630584,-73.13255206856505,14.908254223562345,49.17414093017578
1664548565014,40.91342267630584,-73.13255206856505,14.908254223562345,49.17384719848633
1664548571124,40.91342267630584,-73.13255206856505,14.908254223562345,49.173492431640625
1664548583039,40.91342267630584,-73.13255206856505,14.908254223562345,49.17359161376953
1664548595013,40.91342267630584,-73.13255206856505,14.908254223562345,49.17412185668945
1664548607014,40.91342267630584,-73.13255206856505,14.908254223562345,49.17465591430664
1664548619014,40.91342267630584,-73.13255206856505,14.908254223562345,49.17412567138672
1664548631012,40.91342267630584,-73.13255206856505,14.908254223562345,49.17416000366211
1664548643013,40.91342267630584,-73.13255206856505,14.908254223562345,49.17380142211914
1664548655014,40.91342267630584,-73.13255206856505,14.908254223562345,49.17391586303711
1664548667014,40.91342267630584,-73.13255206856505,14.908254223562345,49.17440414428711
1664548673023,40.91342267630584,-73.13255206856505,14.908254223562345,49.174598693847656
1664548685014,40.91342267630584,-73.13255206856505,14.908254223562345,49.174644470214844
1664548697014,40.91342267630584,-73.13255206856505,14.908254223562345,49.17475128173828
1664548709014,40.91342267630584,-73.13255206856505,14.908254223562345,49.17530059814453
1664548721014,40.91342267630584,-73.13255206856505,14.908254223562345,49.175819396972656
1664548733014,40.91342267630584,-73.13255206856505,14.908254223562345,49.17633819580078
1664548745014,40.91342267630584,-73.13255206856505,14.908254223562345,49.176544189453125
1664548757013,40.91342267630584,-73.13255206856505,14.908254223562345,49.17627716064453
1664548769014,40.91342267630584,-73.13255206856505,14.908254223562345,49.17622375488281
1664548775094,40.91342267630584,-73.13255206856505,14.908254223562345,49.17609786987305
1664548787014,40.91342267630584,-73.13255206856505,14.908254223562345,49.176414489746094
1664548799014,40.91342267630584,-73.13255206856505,14.908254223562345,49.17668533325195
1664548811014,40.91342267630584,-73.13255206856505,14.908254223562345,49.176944732666016
1664548823013,40.91342267630584,-73.13255206856505,14.908254223562345,49.1771125793457
1664548835013,40.91342267630584,-73.13255206856505,14.908254223562345,49.177101135253906
1664548847015,40.91342267630584,-73.13255206856505,14.908254223562345,49.176841735839844
1664548859013,40.91342267630584,-73.13255206856505,14.908254223562345,49.17726516723633
1664548871014,40.91342267630584,-73.13255206856505,14.908254223562345,49.17731857299805
1664548883040,40.91342267630584,-73.13255206856505,14.908254223562345,49.17747497558594
1664548895014,40.91342267630584,-73.13255206856505,14.908254223562345,49.1772575378418
1664548907014,40.91342267630584,-73.13255206856505,14.908254223562345,49.17757034301758
1664548919013,40.91342267630584,-73.13255206856505,14.908254223562345,49.17751693725586
1664548925020,40.91342267630584,-73.13255206856505,14.908254223562345,49.177490234375
1664548937015,40.91342267630584,-73.13255206856505,14.908254223562345,49.177528381347656
1664548949014,40.91342267630584,-73.13255206856505,14.908254223562345,49.17790222167969
1664548961014,40.91342267630584,-73.13255206856505,14.908254223562345,49.17766571044922
1664548973015,40.91342267630584,-73.13255206856505,14.908254223562345,49.176185607910156
1664548985014,40.91342267630584,-73.13255206856505,14.908254223562345,49.176326751708984
1664548997016,40.91342267630584,-73.13255206856505,14.908254223562345,49.17536163330078
1664549009015,40.91342267630584,-73.13255206856505,14.908254223562345,49.17536163330078
1664549021015,40.91342267630584,-73.13255206856505,14.908254223562345,49.17522048950195
1664549033013,40.91342267630584,-73.13255206856505,14.908254223562345,49.175201416015625
1664549045014,40.91342267630584,-73.13255206856505,14.908254223562345,49.17472457885742
1664549051027,40.91342267630584,-73.13255206856505,14.908254223562345,49.17390060424805
1664549063021,40.91342267630584,-73.13255206856505,14.908254223562345,49.1743049621582
1664549075014,40.91342267630584,-73.13255206856505,14.908254223562345,49.17474365234375
1664549087014,40.91342267630584,-73.13255206856505,14.908254223562345,49.1743278503418
1664549099014,40.91342267630584,-73.13255206856505,14.908254223562345,49.174861907958984
1664549111012,40.91342267630584,-73.13255206856505,14.908254223562345,49.17474365234375
1664549123014,40.91342267630584,-73.13255206856505,14.908254223562345,49.17474365234375
1664549135014,40.91342267630584,-73.13255206856505,14.908254223562345,49.174583435058594
1664549147014,40.91342267630584,-73.13255206856505,14.908254223562345,49.17448425292969
1664549159014,40.91342267630584,-73.13255206856505,14.908254223562345,49.17421340942383
1664549171015,40.91342267630584,-73.13255206856505,14.908254223562345,49.17422866821289
1664549183041,40.91342267630584,-73.13255206856505,14.908254223562345,49.17432403564453
1664549189110,40.91342267630584,-73.13255206856505,14.908254223562345,49.17429733276367
1664549201014,40.91342267630584,-73.13255206856505,14.908254223562345,49.174530029296875
1664549213014,40.91342267630584,-73.13255206856505,14.908254223562345,49.17510223388672
1664549219117,40.91342267630584,-73.13255206856505,14.908254223562345,49.17561340332031
1664549231014,40.91342267630584,-73.13255206856505,14.908254223562345,49.175743103027344
1664549237029,40.91342267630584,-73.13255206856505,14.908254223562345,49.17578125
1664549249015,40.91342267630584,-73.13255206856505,14.908254223562345,49.17577362060547
1664549261015,40.91342267630584,-73.13255206856505,14.908254223562345,49.175697326660156
1664549273014,40.91342267630584,-73.13255206856505,14.908254223562345,49.176239013671875
1664549285015,40.91342267630584,-73.13255206856505,14.908254223562345,49.17641067504883
1664549297015,40.91342267630584,-73.13255206856505,14.908254223562345,49.176334381103516
1664549309013,40.91342267630584,-73.13255206856505,14.908254223562345,49.1768798828125
1664549321013,40.91342267630584,-73.13255206856505,14.908254223562345,49.177398681640625
1664549333014,40.91342267630584,-73.13255206856505,14.908254223562345,49.1778450012207
1664549345012,40.91342267630584,-73.13255206856505,14.908254223562345,49.17828369140625
1664549356013,40.91342267630584,-73.13255206856505,14.908254223562345,49.17833709716797
1664549368013,40.91342267630584,-73.13255206856505,14.908254223562345,49.178531646728516
1664549380013,40.91342267630584,-73.13255206856505,14.908254223562345,49.17837905883789
1664549392013,40.91342267630584,-73.13255206856505,14.908254223562345,49.178279876708984
1664549404014,40.91342267630584,-73.13255206856505,14.908254223562345,49.177940368652344
1664549416013,40.91342267630584,-73.13255206856505,14.908254223562345,49.177696228027344
1664549428013,40.91342267630584,-73.13255206856505,14.908254223562345,49.17772674560547
1664549440014,40.91342267630584,-73.13255206856505,14.908254223562345,49.17768096923828
1664549452014,40.91342267630584,-73.13255206856505,14.908254223562345,49.178157806396484
1664549464014,40.91342267630584,-73.13255206856505,14.908254223562345,49.17787551879883
1664549475790,40.91342267630584,-73.13255206856505,14.908254223562345,49.17805099487305
1664549487789,40.91342267630584,-73.13255206856505,14.908254223562345,49.178016662597656
1664549499790,40.91342267630584,-73.13255206856505,14.908254223562345,49.177913665771484
1664549511790,40.91342267630584,-73.13255206856505,14.908254223562345,49.17782211303711
1664549523790,40.91342267630584,-73.13255206856505,14.908254223562345,49.177391052246094
1664549535791,40.91342267630584,-73.13255206856505,14.908254223562345,49.17778778076172
1664549547789,40.91342267630584,-73.13255206856505,14.908254223562345,49.17784118652344
1664549559791,40.91342267630584,-73.13255206856505,14.908254223562345,49.17801284790039
1664549571790,40.91342267630584,-73.13255206856505,14.908254223562345,49.17772674560547
1664549583789,40.91342267630584,-73.13255206856505,14.908254223562345,49.177669525146484
1664549595789,40.91342267630584,-73.13255206856505,14.908254223562345,49.17729949951172
1664549607788,40.91342267630584,-73.13255206856505,14.908254223562345,49.17758560180664
1664549619788,40.91342267630584,-73.13255206856505,14.908254223562345,49.17781448364258
1664549631787,40.91342267630584,-73.13255206856505,14.908254223562345,49.178096771240234
1664549643788,40.91342267630584,-73.13255206856505,14.908254223562345,49.17791748046875
1664549654400,40.91342267630584,-73.13255206856505,14.908254223562345,49.17713165283203
1664549655787,40.91342267630584,-73.13255206856505,14.908254223562345,49.1778564453125
1664549667787,40.91342267630584,-73.13255206856505,14.908254223562345,49.177730560302734
1664549679792,40.91342267630584,-73.13255206856505,14.908254223562345,49.17799758911133
1664549691788,40.91342267630584,-73.13255206856505,14.908254223562345,49.177886962890625
1664549703788,40.91342267630584,-73.13255206856505,14.908254223562345,49.178279876708984
1664549715788,40.91342267630584,-73.13255206856505,14.908254223562345,49.17790222167969
1664549727787,40.91342267630584,-73.13255206856505,14.908254223562345,49.17793273925781
1664549739787,40.91342267630584,-73.13255206856505,14.908254223562345,49.178104400634766
1664549751788,40.91342267630584,-73.13255206856505,14.908254223562345,49.17850112915039
1664549763787,40.91342267630584,-73.13255206856505,14.908254223562345,49.178466796875
1664549775788,40.91342267630584,-73.13255206856505,14.908254223562345,49.1786994934082
1664549787787,40.91342267630584,-73.13255206856505,14.908254223562345,49.17916488647461
1664549799787,40.91342267630584,-73.13255206856505,14.908254223562345,49.17939376831055
1664549811787,40.91342267630584,-73.13255206856505,14.908254223562345,49.17951202392578
1664549823788,40.91342267630584,-73.13255206856505,14.908254223562345,49.1795654296875
1664549835788,40.91342267630584,-73.13255206856505,14.908254223562345,49.179290771484375
1664549847787,40.91342267630584,-73.13255206856505,14.908254223562345,49.17958068847656
1664549859788,40.91342267630584,-73.13255206856505,14.908254223562345,49.179893493652344
1664549871787,40.91342267630584,-73.13255206856505,14.908254223562345,49.180301666259766
1664549883787,40.91342267630584,-73.13255206856505,14.908254223562345,49.18077087402344
1664549895788,40.91342267630584,-73.13255206856505,14.908254223562345,49.180419921875
1664549907788,40.91342267630584,-73.13255206856505,14.908254223562345,49.18014907836914
1664549919788,40.91342267630584,-73.13255206856505,14.908254223562345,49.180152893066406
1664549931789,40.91342267630584,-73.13255206856505,14.908254223562345,49.179840087890625
1664549943788,40.91342267630584,-73.13255206856505,14.908254223562345,49.18024444580078
1664549954424,40.91342267630584,-73.13255206856505,14.908254223562345,49.179439544677734
1664549955781,40.91342267630584,-73.13255206856505,14.908254223562345,49.18016052246094
1664549967788,40.91342267630584,-73.13255206856505,14.908254223562345,49.179840087890625
1664549979788,40.91342267630584,-73.13255206856505,14.908254223562345,49.18019104003906
1664549991787,40.91342267630584,-73.13255206856505,14.908254223562345,49.18061065673828
1664550003788,40.91342267630584,-73.13255206856505,14.908254223562345,49.18058776855469
1664550015788,40.91342267630584,-73.13255206856505,14.908254223562345,49.18031692504883
1664550027787,40.91342267630584,-73.13255206856505,14.908254223562345,49.17999267578125
1664550039788,40.91342267630584,-73.13255206856505,14.908254223562345,49.17975997924805
1664550051788,40.91342267630584,-73.13255206856505,14.908254223562345,49.17979049682617
1664550063788,40.91342267630584,-73.13255206856505,14.908254223562345,49.18022155761719
1664550075789,40.91342267630584,-73.13255206856505,14.908254223562345,49.18021011352539
1664550087788,40.91342267630584,-73.13255206856505,14.908254223562345,49.18062210083008
1664550099788,40.91342267630584,-73.13255206856505,14.908254223562345,49.18081283569336
1664550111788,40.91342267630584,-73.13255206856505,14.908254223562345,49.18126678466797
1664550123788,40.91342267630584,-73.13255206856505,14.908254223562345,49.18171691894531
1664550135788,40.91342267630584,-73.13255206856505,14.908254223562345,49.18187713623047
1664550147789,40.91342267630584,-73.13255206856505,14.908254223562345,49.18217849731445
1664550159787,40.91342267630584,-73.13255206856505,14.908254223562345,49.182273864746094
1664550171789,40.91342267630584,-73.13255206856505,14.908254223562345,49.18125915527344
1664550183788,40.91342267630584,-73.13255206856505,14.908254223562345,49.18119812011719
1664550195789,40.91342267630584,-73.13255206856505,14.908254223562345,49.181034088134766
1664550207788,40.91342267630584,-73.13255206856505,14.908254223562345,49.1810302734375
1664550219787,40.91342267630584,-73.13255206856505,14.908254223562345,49.181373596191406
1664550231788,40.91342267630584,-73.13255206856505,14.908254223562345,49.18141174316406
1664550243788,40.91342267630584,-73.13255206856505,14.908254223562345,49.181602478027344
1664550254453,40.91342267630584,-73.13255206856505,14.908254223562345,49.18067169189453
1664550255787,40.91342267630584,-73.13255206856505,14.908254223562345,49.181392669677734
1664550267788,40.91342267630584,-73.13255206856505,14.908254223562345,49.18125534057617
1664550279788,40.91342267630584,-73.13255206856505,14.908254223562345,49.181121826171875
1664550291788,40.91342267630584,-73.13255206856505,14.908254223562345,49.18103790283203
1664550303788,40.91342267630584,-73.13255206856505,14.908254223562345,49.181480407714844
1664550315785,40.91342267630584,-73.13255206856505,14.908254223562345,49.18133544921875
1664550327788,40.91342267630584,-73.13255206856505,14.908254223562345,49.18067932128906
1664550339788,40.91342267630584,-73.13255206856505,14.908254223562345,49.18048095703125
1664550351788,40.91342267630584,-73.13255206856505,14.908254223562345,49.18040466308594
1664550363788,40.91342267630584,-73.13255206856505,14.908254223562345,49.1805305480957
1664550375782,40.91342267630584,-73.13255206856505,14.908254223562345,49.180484771728516
1664550387788,40.91342267630584,-73.13255206856505,14.908254223562345,49.180450439453125
1664550399788,40.91342267630584,-73.13255206856505,14.908254223562345,49.18014907836914
1664550411789,40.91342267630584,-73.13255206856505,14.908254223562345,49.18031692504883
1664550423788,40.91342267630584,-73.13255206856505,14.908254223562345,49.180538177490234
1664550435788,40.91342267630584,-73.13255206856505,14.908254223562345,49.180667877197266
1664550447788,40.91342267630584,-73.13255206856505,14.908254223562345,49.18107223510742
1664550459788,40.91342267630584,-73.13255206856505,14.908254223562345,49.18145751953125
1664550471789,40.91342267630584,-73.13255206856505,14.908254223562345,49.18162155151367
1664550483789,40.91342267630584,-73.13255206856505,14.908254223562345,49.18170166015625
1664550495788,40.91342267630584,-73.13255206856505,14.908254223562345,49.18149948120117
1664550507789,40.91342267630584,-73.13255206856505,14.908254223562345,49.18180465698242
1664550519788,40.91342267630584,-73.13255206856505,14.908254223562345,49.18165969848633
1664550531788,40.91342267630584,-73.13255206856505,14.908254223562345,49.18202209472656
1664550543789,40.91342267630584,-73.13255206856505,14.908254223562345,49.18248748779297
1664550554484,40.91342267630584,-73.13255206856505,14.908254223562345,49.181453704833984
1664550555789,40.91342267630584,-73.13255206856505,14.908254223562345,49.18217086791992
1664550567789,40.91342267630584,-73.13255206856505,14.908254223562345,49.18217468261719
1664550579788,40.91342267630584,-73.13255206856505,14.908254223562345,49.18248748779297
1664550591789,40.91342267630584,-73.13255206856505,14.908254223562345,49.182525634765625
1664550603789,40.91342267630584,-73.13255206856505,14.908254223562345,49.18256378173828
1664550615789,40.91342267630584,-73.13255206856505,14.908254223562345,49.18301773071289
1664550627789,40.91342267630584,-73.13255206856505,14.908254223562345,49.18342590332031
1664550639789,40.91342267630584,-73.13255206856505,14.908254223562345,49.18390655517578
1664550651789,40.91342267630584,-73.13255206856505,14.908254223562345,49.18439483642578
1664550663788,40.91342267630584,-73.13255206856505,14.908254223562345,49.1848030090332
1664550675789,40.91342267630584,-73.13255206856505,14.908254223562345,49.18523406982422
1664550687789,40.91342267630584,-73.13255206856505,14.908254223562345,49.18565368652344
1664550699789,40.91342267630584,-73.13255206856505,14.908254223562345,49.18608856201172
1664550711788,40.91342267630584,-73.13255206856505,14.908254223562345,49.1862678527832
1664550723789,40.91342267630584,-73.13255206856505,14.908254223562345,49.18672180175781
1664550735789,40.91342267630584,-73.13255206856505,14.908254223562345,49.18683624267578
1664550747788,40.91342267630584,-73.13255206856505,14.908254223562345,49.187129974365234
1664550759790,40.91342267630584,-73.13255206856505,14.908254223562345,49.18756103515625
1664550771788,40.91342267630584,-73.13255206856505,14.908254223562345,49.18788528442383
1664550783789,40.91342267630584,-73.13255206856505,14.908254223562345,49.18829345703125
1664550795789,40.91342267630584,-73.13255206856505,14.908254223562345,49.18854522705078
1664550807789,40.91342267630584,-73.13255206856505,14.908254223562345,49.18881607055664
1664550819790,40.91342267630584,-73.13255206856505,14.908254223562345,49.18918991088867
1664550831789,40.91342267630584,-73.13255206856505,14.908254223562345,49.18900680541992
1664550843789,40.91342267630584,-73.13255206856505,14.908254223562345,49.18936538696289
1664550854508,40.91342267630584,-73.13255206856505,14.908254223562345,49.1885986328125
1664550855789,40.91342267630584,-73.13255206856505,14.908254223562345,49.1893196105957
1664550866790,40.91342267630584,-73.13255206856505,14.908254223562345,49.18935012817383
1664550878789,40.91342267630584,-73.13255206856505,14.908254223562345,49.1897087097168
1664550890789,40.91342267630584,-73.13255206856505,14.908254223562345,49.190093994140625
1664550902790,40.91342267630584,-73.13255206856505,14.908254223562345,49.190486907958984
1664550914790,40.91342267630584,-73.13255206856505,14.908254223562345,49.190670013427734
1664550925893,40.91342267630584,-73.13255206856505,14.908254223562345,49.19367980957031
1664550927197,40.91342267630584,-73.13255206856505,14.908254223562345,49.072200775146484
1664550933224,40.91342267630584,-73.13255206856505,14.908254223562345,49.10792922973633
1664550934653,40.91342267630584,-73.13255206856505,14.908254223562345,49.08749771118164
1664550940683,40.91342267630584,-73.13255206856505,14.908254223562345,49.040611267089844
1664550943593,40.91342267630584,-73.13255206856505,14.908254223562345,49.0120964050293
1664550950502,40.91342267630584,-73.13255206856505,14.908254223562345,49.18092346191406
1664550962788,40.91342267630584,-73.13255206856505,14.908254223562345,49.17210388183594
1664550974787,40.91342267630584,-73.13255206856505,14.908254223562345,49.17660140991211
1664550980830,40.91342267630584,-73.13255206856505,14.908254223562345,49.1793098449707
1664550982174,40.91342267630584,-73.13255206856505,14.908254223562345,49.17985534667969
1664550993787,40.91342267630584,-73.13255206856505,14.908254223562345,49.18024444580078
1664551005786,40.91342267630584,-73.13255206856505,14.908254223562345,49.17250061035156
1664551015816,40.91342267630584,-73.13255206856505,14.908254223562345,49.16769790649414
1664551017785,40.91342267630584,-73.13255206856505,14.908254223562345,49.168670654296875
1664551029785,40.91342267630584,-73.13255206856505,14.908254223562345,49.16907501220703
1664551041787,40.91342267630584,-73.13255206856505,14.908254223562345,49.168636322021484
1664551043611,40.91342267630584,-73.13255206856505,14.908254223562345,49.16690444946289
1664551053783,40.91342267630584,-73.13255206856505,14.908254223562345,49.16730499267578
1664551065781,40.91342267630584,-73.13255206856505,14.908254223562345,49.17308807373047
1664551071811,40.91342267630584,-73.13255206856505,14.908254223562345,49.17572021484375
1664551083780,40.91342267630584,-73.13255206856505,14.908254223562345,49.17864227294922
1664551089886,40.91342267630584,-73.13255206856505,14.908254223562345,49.17485427856445
1664551101780,40.91342267630584,-73.13255206856505,14.908254223562345,49.169288635253906
1664551113780,40.91342267630584,-73.13255206856505,14.908254223562345,49.16807174682617
1664551125778,40.91342267630584,-73.13255206856505,14.908254223562345,49.167198181152344
1664551137779,40.91342267630584,-73.13255206856505,14.908254223562345,49.16721725463867
1664551143530,40.91342267630584,-73.13255206856505,14.908254223562345,49.174007415771484
1664551155778,40.91342267630584,-73.13255206856505,14.908254223562345,49.17414474487305
1664551167778,40.91342267630584,-73.13255206856505,14.908254223562345,49.1751708984375
1664551179777,40.91342267630584,-73.13255206856505,14.908254223562345,49.17495346069336
1664551191778,40.91342267630584,-73.13255206856505,14.908254223562345,49.17639923095703
1664551203776,40.91342267630584,-73.13255206856505,14.908254223562345,49.170406341552734
1664551215777,40.91342267630584,-73.13255206856505,14.908254223562345,49.170326232910156
1664551227776,40.91342267630584,-73.13255206856505,14.908254223562345,49.169071197509766
1664551239775,40.91342267630584,-73.13255206856505,14.908254223562345,49.168460845947266
1664551243578,40.91342267630584,-73.13255206856505,14.908254223562345,49.168479919433594
1664551251776,40.91342267630584,-73.13255206856505,14.908254223562345,49.168575286865234
1664551263775,40.91342267630584,-73.13255206856505,14.908254223562345,49.16902160644531
1664551275774,40.91342267630584,-73.13255206856505,14.908254223562345,49.16868209838867
1664551287775,40.91342267630584,-73.13255206856505,14.908254223562345,49.17018508911133
1664551299774,40.91342267630584,-73.13255206856505,14.908254223562345,49.16926193237305
1664551311773,40.91342267630584,-73.13255206856505,14.908254223562345,49.16933822631836
1664551317826,40.91342267630584,-73.13255206856505,14.908254223562345,49.16932678222656
1664551329773,40.91342267630584,-73.13255206856505,14.908254223562345,49.168575286865234
1664551335924,40.91342267630584,-73.13255206856505,14.908254223562345,49.16449737548828
1664551342062,40.91342267630584,-73.13255206856505,14.908254223562345,49.150997161865234
1664551348228,40.91342267630584,-73.13255206856505,14.908254223562345,49.14901351928711
1664551359773,40.91342267630584,-73.13255206856505,14.908254223562345,49.149234771728516
1664551365819,40.91342267630584,-73.13255206856505,14.908254223562345,49.149295806884766
1664551377773,40.91342267630584,-73.13255206856505,14.908254223562345,49.14949035644531
1664551389772,40.91342267630584,-73.13255206856505,14.908254223562345,49.149658203125
1664551401772,40.91342267630584,-73.13255206856505,14.908254223562345,49.147586822509766
1664551407815,40.91342267630584,-73.13255206856505,14.908254223562345,49.147579193115234
1664551413932,40.91342267630584,-73.13255206856505,14.908254223562345,49.136844635009766
1664551425776,40.91342267630584,-73.13255206856505,14.908254223562345,49.13747787475586
1664551437788,40.91342267630584,-73.13255206856505,14.908254223562345,49.137691497802734
1664551442011,40.913441084817926,-73.13252030210876,9.482876095333038,44.42771303746849
1664551443011,40.913441084817926,-73.13252030210876,9.589966471231142,44.42771303746849
1664551444011,40.913441084817926,-73.13252030210876,9.772794104089872,44.42771303746849
1664551445013,40.913441084817926,-73.13252030210876,9.873700363235452,44.42771303746849
1664551446013,40.913441084817926,-73.13252030210876,9.960972510347798,44.42771303746849
1664551448012,40.913441084817926,-73.13252030210876,10.154766774267049,44.42771303746849
1664551449013,40.913441084817926,-73.13252030210876,10.250674565977093,44.42771303746849
1664551450013,40.913441084817926,-73.13252030210876,10.354316542694498,44.42771303746849
1664551451014,40.913441084817926,-73.13252030210876,10.386629110673747,44.42771303746849
1664551452014,40.913441084817926,-73.13252030210876,9.341704619743926,44.42771303746849
1664551453014,40.913441084817926,-73.13252030210876,9.449806764552068,44.42771303746849
1664551455015,40.913441084817926,-73.13252030210876,9.669848489882835,44.42771303746849
1664551456998,40.913441084817926,-73.13252030210876,9.852333068730236,44.42771303746849
1664551457998,40.913441084817926,-73.13252030210876,9.900194758638886,44.42771303746849
1664551458999,40.913441084817926,-73.13252030210876,10.123565503545194,44.42771303746849
1664551459999,40.913441084817926,-73.13252030210876,10.154318004425985,44.42771303746849
1664551460999,40.913441084817926,-73.13252030210876,10.236283848798612,44.42771303746849
1664551461999,40.913441084817926,-73.13252030210876,10.315717095561698,44.42771303746849
1664551462999,40.913441084817926,-73.13252030210876,10.358256050341712,44.42771303746849
1664551464000,40.913441084817926,-73.13252030210876,9.29735873877211,44.42771303746849
1664551465000,40.913441084817926,-73.13252030210876,9.38865870377893,44.42771303746849
1664551466000,40.913441084817926,-73.13252030210876,9.497767633015487,44.42771303746849
1664551467000,40.913441084817926,-73.13252030210876,9.614970659133485,44.42771303746849
1664551468000,40.913441084817926,-73.13252030210876,9.657302353208788,44.42771303746849
1664551469000,40.913441084817926,-73.13252030210876,9.690139838385402,44.42771303746849
1664551470000,40.913441084817926,-73.13252030210876,9.794218584219538,44.42771303746849
1664551471000,40.913441084817926,-73.13252030210876,9.829089938300557,44.42771303746849
1664551472001,40.913441084817926,-73.13252030210876,9.961781904509458,44.42771303746849
1664551473001,40.913441084817926,-73.13252030210876,10.039886058198778,44.42771303746849
1664551474001,40.913441084817926,-73.13252030210876,10.090094852303672,44.42771303746849
1664551475001,40.913441084817926,-73.13252030210876,10.091018957220264,44.42771303746849
1664551476001,40.913441084817926,-73.13252030210876,9.143286003808692,44.42771303746849
1664551477001,40.913441084817926,-73.13252030210876,9.244131190039855,44.42771303746849
1664551478001,40.913441084817926,-73.13252030210876,9.337369067324058,44.42771303746849
1664551479001,40.913441084817926,-73.13252030210876,9.412700028060186,44.42771303746849
1664551480001,40.913441084817926,-73.13252030210876,9.510717934077293,44.42771303746849
1664551481001,40.913441084817926,-73.13252030210876,9.576543358716187,44.42771303746849
1664551482001,40.913441084817926,-73.13252030210876,9.665846397121669,44.42771303746849
1664551483001,40.913441084817926,-73.13252030210876,9.72785396062461,44.42771303746849
1664551484002,40.913441084817926,-73.13252030210876,9.826156082687076,44.42771303746849
1664551485002,40.913441084817926,-73.13252030210876,9.878191374493325,44.42771303746849
1664551486002,40.913441084817926,-73.13252030210876,9.966470639616798,44.42771303746849
1664551487002,40.913441084817926,-73.13252030210876,10.114211672906348,44.42771303746849
1664551488002,40.913441084817926,-73.13252030210876,10.063144857193269,44.42771303746849
1664551489002,40.913441084817926,-73.13252030210876,10.237142897417726,44.42771303746849
1664551490002,40.913441084817926,-73.13252030210876,10.334316063647735,44.42771303746849
1664551491002,40.913441084817926,-73.13252030210876,10.413437418402914,44.42771303746849
1664551492002,40.913441084817926,-73.13252030210876,10.515836504844685,44.42771303746849
1664551493002,40.913441084817926,-73.13252030210876,10.53350700763198,44.42771303746849
1664551494002,40.913441084817926,-73.13252030210876,10.62278906409645,44.42771303746849
1664551495002,40.913441084817926,-73.13252030210876,10.664560776749608,44.42771303746849
1664551496002,40.913441084817926,-73.13252030210876,10.68020445694221,44.42771303746849
1664551497002,40.913441084817926,-73.13252030210876,10.772208820790338,44.42771303746849
1664551498002,40.913441084817926,-73.13252030210876,10.795393804158733,44.42771303746849
1664551499002,40.913441084817926,-73.13252030210876,10.860566217513885,44.42771303746849
1664551500002,40.913441084817926,-73.13252030210876,10.958705006678127,44.42771303746849
1664551501002,40.913441084817926,-73.13252030210876,11.024939831499012,44.42771303746849
1664551502002,40.913441084817926,-73.13252030210876,11.012643880049179,44.42771303746849
1664551503002,40.913441084817926,-73.13252030210876,10.976157674638294,44.42771303746849
1664551504002,40.913441084817926,-73.13252030210876,10.983080788574414,44.42771303746849
1664551505002,40.913441084817926,-73.13252030210876,10.980790083558823,44.42771303746849
1664551506002,40.913441084817926,-73.13252030210876,11.067045855090374,44.42771303746849
1664551507003,40.913441084817926,-73.13252030210876,11.041977947621263,44.42771303746849
1664551508003,40.913441084817926,-73.13252030210876,11.003999419644892,44.42771303746849
1664551509003,40.913441084817926,-73.13252030210876,10.995072437458564,44.42771303746849
1664551510003,40.913441084817926,-73.13252030210876,11.077961925142894,44.42771303746849
1664551511003,40.913441084817926,-73.13252030210876,11.072472478485512,44.42771303746849
1664551512003,40.913441084817926,-73.13252030210876,11.06470067777572,44.42771303746849
1664551513003,40.913441084817926,-73.13252030210876,11.067273599344087,44.42771303746849
1664551514003,40.913441084817926,-73.13252030210876,11.076093345085338,44.42771303746849
1664551515003,40.913441084817926,-73.13252030210876,11.079099602024558,44.42771303746849
1664551516003,40.913441084817926,-73.13252030210876,11.03307262313138,44.42771303746849
1664551517003,40.913441084817926,-73.13252030210876,11.01295830245273,44.42771303746849
1664551518003,40.913441084817926,-73.13252030210876,11.023041677394426,44.42771303746849
1664551519003,40.913441084817926,-73.13252030210876,10.998517085121788,44.42771303746849
1664551520003,40.913441084817926,-73.13252030210876,11.028941210320072,44.42771303746849
1664551521003,40.913441084817926,-73.13252030210876,11.082187134388658,44.42771303746849
1664551522003,40.913441084817926,-73.13252030210876,11.110970621953621,44.42771303746849
1664551523003,40.913441084817926,-73.13252030210876,11.117318203192616,44.42771303746849
1664551524003,40.913441084817926,-73.13252030210876,11.108516907770975,44.42771303746849
1664551525003,40.913441084817926,-73.13252030210876,11.131266480845321,44.42771303746849
1664551526003,40.913441084817926,-73.13252030210876,11.139544813955714,44.42771303746849
1664551527003,40.913441084817926,-73.13252030210876,11.216188675896992,44.42771303746849
1664551528003,40.913441084817926,-73.13252030210876,11.233310133646581,44.42771303746849
1664551529003,40.913441084817926,-73.13252030210876,11.24209740479887,44.42771303746849
1664551530003,40.913441084817926,-73.13252030210876,11.23012836408801,44.42771303746849
1664551531003,40.913441084817926,-73.13252030210876,11.240180599292783,44.42771303746849
1664551532003,40.913441084817926,-73.13252030210876,11.29664859877716,44.42771303746849
1664551533003,40.913441084817926,-73.13252030210876,11.335242050157472,44.42771303746849
1664551534003,40.913441084817926,-73.13252030210876,11.389716302011859,44.42771303746849
1664551535003,40.913441084817926,-73.13252030210876,11.4002494266838,44.42771303746849
1664551536003,40.913441084817926,-73.13252030210876,11.474604966835543,44.42771303746849
1664551537003,40.913441084817926,-73.13252030210876,11.521821214328858,44.42771303746849
1664551538003,40.913441084817926,-73.13252030210876,11.569759311269115,44.42771303746849
1664551539003,40.913441084817926,-73.13252030210876,9.959990243107322,44.42771303746849
1664551540003,40.913441084817926,-73.13252030210876,10.037937660792805,44.42771303746849
1664551541003,40.913441084817926,-73.13252030210876,10.017002743669774,44.42771303746849
1664551542003,40.913441084817926,-73.13252030210876,10.150967061365451,44.42771303746849
1664551543004,40.913441084817926,-73.13252030210876,10.191000580547131,44.42771303746849
1664551544004,40.913441084817926,-73.13252030210876,10.238510482793428,44.42771303746849
1664551545004,40.913441084817926,-73.13252030210876,10.268001921685872,44.42771303746849
1664551546004,40.913441084817926,-73.13252030210876,10.338776910711019,44.42771303746849
1664551547004,40.913441084817926,-73.13252030210876,10.365168252472563,44.42771303746849
1664551548004,40.913441084817926,-73.13252030210876,10.431564100550608,44.42771303746849
1664551549998,40.913441084817926,-73.13252030210876,10.553181065863107,44.42771303746849
1664551551998,40.913441084817926,-73.13252030210876,10.624354900867027,44.42771303746849
1664551553998,40.913441084817926,-73.13252030210876,10.733760748582423,44.42771303746849
1664551555998,40.913441084817926,-73.13252030210876,10.773354230542356,44.42771303746849
1664551557998,40.913441084817926,-73.13252030210876,10.869493099360273,44.42771303746849
1664551559998,40.913441084817926,-73.13252030210876,10.953806784858875,44.42771303746849
1664551561999,40.913441084817926,-73.13252030210876,11.036255133074604,44.42771303746849
1664551563999,40.913441084817926,-73.13252030210876,11.128884581175377,44.42771303746849
1664551565999,40.913441084817926,-73.13252030210876,11.291138151470784,44.42771303746849
1664551567999,40.913441084817926,-73.13252030210876,11.398633901360638,44.42771303746849
1664551568999,40.913441084817926,-73.13252030210876,11.44334755619965,44.42771303746849
1664551569999,40.913441084817926,-73.13252030210876,11.495753333130226,44.42771303746849
1664551570999,40.913441084817926,-73.13252030210876,11.506621722456993,44.42771303746849
1664551571999,40.913441084817926,-73.13252030210876,10.014312539490573,44.42771303746849
1664551572999,40.913441084817926,-73.13252030210876,10.063553368957962,44.42771303746849
1664551573999,40.913441084817926,-73.13252030210876,10.13476647307181,44.42771303746849
1664551574999,40.913441084817926,-73.13252030210876,10.178848119592157,44.42771303746849
1664551575999,40.913441084817926,-73.13252030210876,10.246755909988499,44.42771303746849
1664551576999,40.913441084817926,-73.13252030210876,10.335858987696092,44.42771303746849
1664551577999,40.913441084817926,-73.13252030210876,10.370978548868056,44.42771303746849
1664551578999,40.913441084817926,-73.13252030210876,10.444700832114366,44.42771303746849
1664551579999,40.913441084817926,-73.13252030210876,10.491616813210685,44.42771303746849
1664551580999,40.913441084817926,-73.13252030210876,10.56645808267851,44.42771303746849
1664551581999,40.913441084817926,-73.13252030210876,10.635343459221875,44.42771303746849
1664551582999,40.913441084817926,-73.13252030210876,10.806742672287195,44.42771303746849
1664551584000,40.913441084817926,-73.13252030210876,10.849637870096744,44.42771303746849
1664551585000,40.913441084817926,-73.13252030210876,10.903437330259694,44.42771303746849
1664551586000,40.913441084817926,-73.13252030210876,10.97445014024202,44.42771303746849
1664551587000,40.913441084817926,-73.13252030210876,11.03166614384492,44.42771303746849
1664551588000,40.913441084817926,-73.13252030210876,11.080453735164346,44.42771303746849
1664551589000,40.913441084817926,-73.13252030210876,11.111216158941083,44.42771303746849
1664551590000,40.913441084817926,-73.13252030210876,11.177303841509579,44.42771303746849
1664551591000,40.913441084817926,-73.13252030210876,11.222426360934389,44.42771303746849
1664551592000,40.913441084817926,-73.13252030210876,11.30207383123445,44.42771303746849
1664551593000,40.913441084817926,-73.13252030210876,11.369507061575172,44.42771303746849
1664551594000,40.913441084817926,-73.13252030210876,11.456471054488755,44.42771303746849
1664551595000,40.913441084817926,-73.13252030210876,11.498601895342428,44.42771303746849
1664551596000,40.913441084817926,-73.13252030210876,11.567016379065807,44.42771303746849
1664551597000,40.913441084817926,-73.13252030210876,11.606790663078382,44.42771303746849
1664551598000,40.913441084817926,-73.13252030210876,11.676766693650942,44.42771303746849
1664551599000,40.913441084817926,-73.13252030210876,11.739977943932352,44.42771303746849
1664551600000,40.913441084817926,-73.13252030210876,11.793861155235554,44.42771303746849
1664551601000,40.913441084817926,-73.13252030210876,11.810654192619383,44.42771303746849
1664551602000,40.913441084817926,-73.13252030210876,11.879021266046102,44.42771303746849
1664551603000,40.913441084817926,-73.13252030210876,11.863768887898875,44.42771303746849
1664551604000,40.913441084817926,-73.13252030210876,10.213135561264318,44.42771303746849
1664551605000,40.913441084817926,-73.13252030210876,10.285883634349622,44.42771303746849
1664551606000,40.913441084817926,-73.13252030210876,10.352372755239665,44.42771303746849
1664551607000,40.913441084817926,-73.13252030210876,10.426120801274354,44.42771303746849
1664551608000,40.913441084817926,-73.13252030210876,10.559254070446844,44.42771303746849
1664551609000,40.913441084817926,-73.13252030210876,10.644181941108949,44.42771303746849
1664551610000,40.913441084817926,-73.13252030210876,10.705546019923867,44.42771303746849
1664551611000,40.913441084817926,-73.13252030210876,10.80772159686454,44.42771303746849
1664551612000,40.913441084817926,-73.13252030210876,10.870645981400967,44.42771303746849
1664551613001,40.913441084817926,-73.13252030210876,10.959445276264498,44.42771303746849
1664551614001,40.913441084817926,-73.13252030210876,11.04626944349137,44.42771303746849
1664551615001,40.913441084817926,-73.13252030210876,11.118616480921716,44.42771303746849
1664551616001,40.913441084817926,-73.13252030210876,11.193880099045566,44.42771303746849
1664551617001,40.913441084817926,-73.13252030210876,11.272552109699713,44.42771303746849
1664551618001,40.913441084817926,-73.13252030210876,11.3460055337619,44.42771303746849
1664551619001,40.913441084817926,-73.13252030210876,11.432842871030402,44.42771303746849
1664551620001,40.913441084817926,-73.13252030210876,11.502206623435738,44.42771303746849
1664551621001,40.913441084817926,-73.13252030210876,11.58801807324897,44.42771303746849
1664551622001,40.913441084817926,-73.13252030210876,11.655833614666223,44.42771303746849
1664551623001,40.913441084817926,-73.13252030210876,11.746336358752407,44.42771303746849
1664551624001,40.913441084817926,-73.13252030210876,11.820697618367902,44.42771303746849
1664551625001,40.913441084817926,-73.13252030210876,11.887917336264843,44.42771303746849
1664551626001,40.913441084817926,-73.13252030210876,12.028290038719886,44.42771303746849
1664551627001,40.913441084817926,-73.13252030210876,12.081492768982656,44.42771303746849
1664551628001,40.913441084817926,-73.13252030210876,12.155117808715133,44.42771303746849
1664551629001,40.913441084817926,-73.13252030210876,12.222059993258538,44.42771303746849
1664551630001,40.913441084817926,-73.13252030210876,12.266595228276396,44.42771303746849
1664551631001,40.913441084817926,-73.13252030210876,12.352990510106148,44.42771303746849
1664551632001,40.913441084817926,-73.13252030210876,12.427972518737333,44.42771303746849
1664551633001,40.913441084817926,-73.13252030210876,12.51074169029008,44.42771303746849
1664551634001,40.913441084817926,-73.13252030210876,12.576116458132736,44.42771303746849
1664551635001,40.913441084817926,-73.13252030210876,12.642311792376026,44.42771303746849
1664551636001,40.913441084817926,-73.13252030210876,10.736984570683521,44.42771303746849
1664551637001,40.913441084817926,-73.13252030210876,10.823314001381405,44.42771303746849
1664551638001,40.913441084817926,-73.13252030210876,10.914715730902582,44.42771303746849
1664551639001,40.913441084817926,-73.13252030210876,10.997480885440112,44.42771303746849
1664551640001,40.913441084817926,-73.13252030210876,11.091980443099978,44.42771303746849
1664551641001,40.913441084817926,-73.13252030210876,11.18152314498131,44.42771303746849
1664551642001,40.913441084817926,-73.13252030210876,11.34163411375147,44.42771303746849
1664551643001,40.913441084817926,-73.13252030210876,11.43794478545141,44.42771303746849
1664551644001,40.913441084817926,-73.13252030210876,11.516984795137336,44.42771303746849
1664551645001,40.913441084817926,-73.13252030210876,11.604234494021972,44.42771303746849
1664551646001,40.913441084817926,-73.13252030210876,11.672316502327709,44.42771303746849
1664551647002,40.913441084817926,-73.13252030210876,11.770900807575886,44.42771303746849
1664551648002,40.913441084817926,-73.13252030210876,11.846425178611142,44.42771303746849
1664551649002,40.913441084817926,-73.13252030210876,11.934463467663052,44.42771303746849
1664551650002,40.913441084817926,-73.13252030210876,12.028089332042688,44.42771303746849
1664551651002,40.913441084817926,-73.13252030210876,12.095664071956177,44.42771303746849
1664551652002,40.913441084817926,-73.13252030210876,12.194701530145249,44.42771303746849
1664551653002,40.913441084817926,-73.13252030210876,12.27505891596943,44.42771303746849
1664551654002,40.913441084817926,-73.13252030210876,12.356668570994117,44.42771303746849
1664551655002,40.913441084817926,-73.13252030210876,12.439506208902465,44.42771303746849
1664551656002,40.913441084817926,-73.13252030210876,12.517879259590885,44.42771303746849
1664551657002,40.913441084817926,-73.13252030210876,12.599062433620594,44.42771303746849
1664551658002,40.913441084817926,-73.13252030210876,12.676947998495443,44.42771303746849
1664551659002,40.913441084817926,-73.13252030210876,12.844419567513468,44.42771303746849
1664551660002,40.913441084817926,-73.13252030210876,12.84100476803966,44.42771303746849
1664551661002,40.913441084817926,-73.13252030210876,13.001452123960794,44.42771303746849
1664551662002,40.913441084817926,-73.13252030210876,13.0646728880468,44.42771303746849
1664551663002,40.913441084817926,-73.13252030210876,13.147172873427515,44.42771303746849
1664551664002,40.913441084817926,-73.13252030210876,13.222259560880945,44.42771303746849
1664551665002,40.913441084817926,-73.13252030210876,13.28116647501112,44.42771303746849
1664551666002,40.913441084817926,-73.13252030210876,13.370076599801239,44.42771303746849
1664551667002,40.913441084817926,-73.13252030210876,13.440478895607898,44.42771303746849
1664551668002,40.913441084817926,-73.13252030210876,11.230141261406265,44.42771303746849
1664551669002,40.913441084817926,-73.13252030210876,11.313199762437009,44.42771303746849
1664551670002,40.913441084817926,-73.13252030210876,11.40074370427808,44.42771303746849
1664551671002,40.913441084817926,-73.13252030210876,11.48461383096125,44.42771303746849
1664551672002,40.913441084817926,-73.13252030210876,11.568126395315284,44.42771303746849
1664551673002,40.913441084817926,-73.13252030210876,11.72592903070997,44.42771303746849
1664551674002,40.913441084817926,-73.13252030210876,11.816282832546118,44.42771303746849
1664551675997,40.913441084817926,-73.13252030210876,11.983625007883381,44.42771303746849
1664551677997,40.913441084817926,-73.13252030210876,12.13557628663425,44.42771303746849
1664551679998,40.913441084817926,-73.13252030210876,12.291641594554052,44.42771303746849
1664551681998,40.913441084817926,-73.13252030210876,12.451117411859908,44.42771303746849
1664551683998,40.913441084817926,-73.13252030210876,12.595472954986526,44.42771303746849
1664551685998,40.913441084817926,-73.13252030210876,12.744896836762006,44.42771303746849
1664551687998,40.913441084817926,-73.13252030210876,12.904892049890538,44.42771303746849
1664551689998,40.913441084817926,-73.13252030210876,13.129061064048296,44.42771303746849
1664551691998,40.913441084817926,-73.13252030210876,13.289519937101979,44.42771303746849
1664551693998,40.913441084817926,-73.13252030210876,13.422530403641446,44.42771303746849
1664551694998,40.913441084817926,-73.13252030210876,13.489070339311198,44.42771303746849
1664551695998,40.913441084817926,-73.13252030210876,13.541034637234379,44.42771303746849
1664551696998,40.913441084817926,-73.13252030210876,13.619787471547358,44.42771303746849
1664551697998,40.913441084817926,-73.13252030210876,13.692628998406253,44.42771303746849
1664551698999,40.913441084817926,-73.13252030210876,13.762499369530593,44.42771303746849
1664551699999,40.913441084817926,-73.13252030210876,11.417216946085492,44.42771303746849
1664551700999,40.913441084817926,-73.13252030210876,11.498062727682592,44.42771303746849
1664551701999,40.913441084817926,-73.13252030210876,11.581756413931714,44.42771303746849
1664551702999,40.913441084817926,-73.13252030210876,11.665166848362714,44.42771303746849
1664551703999,40.913441084817926,-73.13252030210876,11.736361668240097,44.42771303746849
1664551704999,40.913441084817926,-73.13252030210876,11.820686928144434,44.42771303746849
1664551705999,40.913441084817926,-73.13252030210876,11.90206307306799,44.42771303746849
1664551706999,40.913441084817926,-73.13252030210876,57.078608827493504,44.42771303746849
1664551707999,40.913441084817926,-73.13252030210876,73.97062278375012,44.42771303746849
1664551708999,40.913441084817926,-73.13252030210876,66.44122032141449,44.42771303746849
1664551709999,40.913441084817926,-73.13252030210876,63.82473574551255,44.42771303746849
1664551710999,40.913441084817926,-73.13252030210876,63.43680043938616,44.42771303746849
1664551711999,40.913441084817926,-73.13252030210876,63.91526773768183,44.42771303746849
1664551712999,40.913441084817926,-73.13252030210876,58.63186843087382,44.42771303746849
1664551713999,40.913441084817926,-73.13252030210876,12.641407085250384,44.42771303746849
1664551714999,40.913441084817926,-73.13252030210876,12.72012786033579,44.42771303746849
1664551715999,40.913441084817926,-73.13252030210876,12.789506105491695,44.42771303746849
1664551716999,40.913441084817926,-73.13252030210876,12.866095376789191,44.42771303746849
1664551718000,40.913441084817926,-73.13252030210876,12.945604718889738,44.42771303746849
1664551719000,40.913441084817926,-73.13252030210876,13.03948987373655,44.42771303746849
1664551720000,40.913441084817926,-73.13252030210876,91.08566040300462,44.42771303746849
1664551721000,40.913441084817926,-73.13252030210876,91.45549183292869,44.42771303746849
1664551722000,40.913441084817926,-73.13252030210876,86.64725146725131,44.42771303746849
1664551723000,40.913441084817926,-73.13252030210876,89.59694904430448,44.42771303746849
1664551724000,40.913441084817926,-73.13252030210876,89.25178327995319,44.42771303746849
1664551725000,40.913441084817926,-73.13252030210876,92.73270939299783,44.42771303746849
1664551726000,40.913441084817926,-73.13252030210876,103.05483166231073,44.42771303746849
1664551727000,40.913441084817926,-73.13252030210876,104.71501402151357,44.42771303746849
1664551728000,40.913441084817926,-73.13252030210876,90.83139765933254,44.42771303746849
1664551729000,40.913441084817926,-73.13252030210876,95.3565121741152,44.42771303746849
1664551730000,40.913441084817926,-73.13252030210876,94.73335268462456,44.42771303746849
1664551731000,40.913441084817926,-73.13252030210876,89.38367818433981,44.42771303746849
1664551732000,40.913441084817926,-73.13252030210876,87.48790302941326,44.42771303746849
1664551733000,40.913441084817926,-73.13252030210876,88.69632861974499,44.42771303746849
1664551734000,40.913441084817926,-73.13252030210876,79.11123396701946,44.42771303746849
1664551735000,40.913441084817926,-73.13252030210876,84.41900575004468,44.42771303746849
1664551736000,40.913441084817926,-73.13252030210876,91.72830869824004,44.42771303746849
1664551737000,40.913441084817926,-73.13252030210876,99.23763229971395,44.42771303746849
1664551738000,40.913441084817926,-73.13252030210876,125.43884379873799,44.42771303746849
1664551739000,40.913441084817926,-73.13252030210876,121.75848276675136,44.42771303746849
1664551740000,40.913441084817926,-73.13252030210876,101.37373246547446,44.42771303746849
1664551741000,40.913441084817926,-73.13252030210876,107.56469227410048,44.42771303746849
1664551742000,40.913441084817926,-73.13252030210876,113.91663914894413,44.42771303746849
1664551743000,40.913441084817926,-73.13252030210876,116.9293183634082,44.42771303746849
1664551744000,40.913441084817926,-73.13252030210876,123.34013842767897,44.42771303746849
1664551745000,40.913441084817926,-73.13252030210876,128.1718802640297,44.42771303746849
1664551746001,40.913441084817926,-73.13252030210876,116.97675373160236,44.42771303746849
1664551747001,40.913427751384965,-73.13253188085885,200.0,44.42771911621094
1664551748001,40.913441084817926,-73.13252030210876,172.14504847317517,44.42771303746849
1664551749001,40.913441084817926,-73.13252030210876,200.6019529389876,44.42771303746849
1664551750001,40.913441084817926,-73.13252030210876,159.2231360513019,44.42771303746849
1664551751001,40.913441084817926,-73.13252030210876,143.74110020464798,44.42771303746849
1664551752001,40.913441084817926,-73.13252030210876,146.5825464516431,44.42771303746849
1664551753001,40.913441084817926,-73.13252030210876,172.53126104502772,44.42771303746849
1664551754001,40.913426075268994,-73.13253333639759,200.0,44.42771911621094
1664551755001,40.913441084817926,-73.13252030210876,232.25444154654343,44.42771303746849
1664551756001,40.91342418894189,-73.1325349744836,232.25464564715605,44.427734375
1664551757001,40.913441084817926,-73.13252030210876,284.2799436759976,44.42771303746849
1664551758001,40.913441084817926,-73.13252030210876,316.56484913520535,44.42771303746849
1664551759001,40.91342325435958,-73.13253578607468,316.5649988778241,44.427734375
1664551760025,40.913441084817926,-73.13252030210876,370.15600688454373,44.42771303746849
1664551762025,40.913441084817926,-73.13252030210876,11.588993845864426,44.42771303746849
1664551764025,40.913441084817926,-73.13252030210876,11.755703160940923,44.42771303746849
1664551766025,40.913441084817926,-73.13252030210876,11.914625618287007,44.42771303746849
1664551768025,40.913441084817926,-73.13252030210876,12.083072056348017,44.42771303746849
1664551770025,40.913441084817926,-73.13252030210876,12.244827761304991,44.42771303746849
1664551772015,40.913441084817926,-73.13252030210876,12.408343388135881,44.42771303746849
1664551773026,40.913441084817926,-73.13252030210876,12.313574083347786,44.42771303746849
1664551775025,40.913441084817926,-73.13252030210876,10.710844551111805,44.42771303746849
1664551778024,40.913441084817926,-73.13252030210876,11.05192361891448,44.42771303746849
1664551779024,40.913441084817926,-73.13252030210876,11.14513442618876,44.42771303746849
1664551780024,40.913441084817926,-73.13252030210876,11.2197013465198,44.42771303746849
1664551782042,40.913441084817926,-73.13252030210876,11.401112844416915,44.42771303746849
1664551786025,40.913441084817926,-73.13252030210876,10.17608423770331,44.42771303746849
1664551788002,40.913441084817926,-73.13252030210876,10.362591215931468,44.42771303746849
1664551789002,40.913441084817926,-73.13252030210876,10.45037611871066,44.42771303746849
1664551790025,40.913441084817926,-73.13252030210876,10.547029857518076,44.42771303746849
1664551792024,40.913441084817926,-73.13252030210876,10.733476138774142,44.42771303746849
1664551794024,40.913441084817926,-73.13252030210876,10.910038207397886,44.42771303746849
1664551795024,40.913441084817926,-73.13252030210876,11.014845806468125,44.42771303746849
1664551796024,40.913441084817926,-73.13252030210876,11.099870910566061,44.42771303746849
1664551798002,40.913441084817926,-73.13252030210876,9.809000616367513,44.42771303746849
1664551799002,40.913441084817926,-73.13252030210876,9.9072965436615,44.42771303746849
1664551800002,40.913441084817926,-73.13252030210876,10.006337195059084,44.42771303746849
1664551801002,40.913441084817926,-73.13252030210876,10.103685459497763,44.42771303746849
1664551802002,40.913441084817926,-73.13252030210876,10.184271438847187,44.42771303746849
1664551803023,40.913441084817926,-73.13252030210876,10.276543018328107,44.42771303746849
1664551820014,40.91342267630584,-73.13255206856505,14.908254223562345,41.837303161621094
1664551823017,40.91343256160467,-73.13252789978999,9.741742581064683,44.217445564456284
1664551825014,40.91343256160467,-73.13252789978999,9.955285792261217,44.217445564456284
1664551827014,40.91343256160467,-73.13252789978999,10.154631695317407,44.217445564456284
1664551828014,40.91343256160467,-73.13252789978999,10.232786618045713,44.217445564456284
1664551843016,40.91343151645244,-73.13252459608877,10.475685354856305,44.38811065722257
1664551845015,40.91343151645244,-73.13252459608877,9.37561643275354,44.38811065722257
1664551846015,40.91343151645244,-73.13252459608877,9.475401375473856,44.38811065722257
1664551847016,40.91343151645244,-73.13252459608877,9.572257776488359,44.38811065722257
1664551849013,40.91343151645244,-73.13252459608877,9.76432522140043,44.38811065722257
1664551850015,40.91343151645244,-73.13252459608877,9.880964628292219,44.38811065722257
1664551852015,40.91343151645244,-73.13252459608877,10.17318538771051,44.38811065722257
1664551853015,40.91343151645244,-73.13252459608877,10.264504760605474,44.38811065722257
1664551855014,40.91343151645244,-73.13252459608877,10.471744340720004,44.38811065722257
1664551856015,40.91343151645244,-73.13252459608877,10.444415966461653,44.38811065722257
1664551858015,40.91343151645244,-73.13252459608877,9.497564448095693,44.38811065722257
1664551860017,40.91343151645244,-73.13252459608877,9.695654752970757,44.38811065722257
1664551862015,40.91343151645244,-73.13252459608877,9.89585479211116,44.38811065722257
1664551864015,40.91343151645244,-73.13252459608877,10.096816418977571,44.38811065722257
1664551865017,40.91343151645244,-73.13252459608877,10.199607650528826,44.38811065722257
1664551867014,40.91343151645244,-73.13252459608877,10.40098359883918,44.38811065722257
1664551869015,40.91343151645244,-73.13252459608877,10.520901743820986,44.38811065722257
1664551870016,40.91343151645244,-73.13252459608877,9.460742814558172,44.38811065722257
1664551871017,40.91343151645244,-73.13252459608877,9.549025283451348,44.38811065722257
1664551873015,40.91343151645244,-73.13252459608877,9.838469139001745,44.38811065722257
1664551874015,40.91343151645244,-73.13252459608877,9.951080252612778,44.38811065722257
1664551876016,40.91343151645244,-73.13252459608877,10.151992459102075,44.38811065722257
1664551878015,40.91343151645244,-73.13252459608877,10.346492807986534,44.38811065722257
1664551880013,40.91343151645244,-73.13252459608877,10.53877929257886,44.38811065722257
1664551881014,40.91343151645244,-73.13252459608877,10.57103189790355,44.38811065722257
1664551883018,40.91343151645244,-73.13252459608877,9.595718536976811,44.38811065722257
1664551885013,40.91343151645244,-73.13252459608877,9.795161762598186,44.38811065722257
1664551886013,40.91343151645244,-73.13252459608877,9.894471609928345,44.38811065722257
1664551888013,40.91343151645244,-73.13252459608877,10.090721399682199,44.38811065722257
1664551889015,40.91343151645244,-73.13252459608877,10.19168371145266,44.38811065722257
1664551891014,40.91343151645244,-73.13252459608877,10.389989040180115,44.38811065722257
1664551892015,40.91343151645244,-73.13252459608877,10.585569258783917,44.38811065722257
1664551894014,40.91343151645244,-73.13252459608877,10.701675464402772,44.38811065722257
1664551896015,40.91343151645244,-73.13252459608877,10.877020553257754,44.38811065722257
1664551898014,40.91343151645244,-73.13252459608877,11.066306109079514,44.38811065722257
1664551899014,40.91343151645244,-73.13252459608877,11.155860080450587,44.38811065722257
1664551900014,40.91343151645244,-73.13252459608877,11.231435259494097,44.38811065722257
1664551902010,40.91343151645244,-73.13252459608877,11.42409133440279,44.38811065722257
1664551903015,40.91343151645244,-73.13252459608877,11.510904691299617,44.38811065722257
1664551905013,40.91343151645244,-73.13252459608877,11.788512370191997,44.38811065722257
1664551906014,40.91343151645244,-73.13252459608877,10.316663834550724,44.38811065722257
1664551907014,40.91343151645244,-73.13252459608877,10.397447238676243,44.38811065722257
1664551909015,40.91343151645244,-73.13252459608877,10.594432585073188,44.38811065722257
1664551911014,40.91343151645244,-73.13252459608877,10.790944972018535,44.38811065722257
1664551912015,40.91343151645244,-73.13252459608877,10.881515707564615,44.38811065722257
1664551914013,40.91343151645244,-73.13252459608877,11.06145127604473,44.38811065722257
1664551915014,40.91343151645244,-73.13252459608877,11.148419324557757,44.38811065722257
1664551917014,40.91343151645244,-73.13252459608877,11.25222936051809,44.38811065722257
1664551918014,40.91343151645244,-73.13252459608877,9.891975998121154,44.38811065722257
1664551919015,40.91343151645244,-73.13252459608877,9.984826906782612,44.38811065722257
1664551921013,40.91343151645244,-73.13252459608877,10.256349612227401,44.38811065722257
1664551922013,40.91343151645244,-73.13252459608877,10.343973395038194,44.38811065722257
1664551923014,40.91343151645244,-73.13252459608877,10.44737031681864,44.38811065722257
1664551925015,40.91343151645244,-73.13252459608877,10.621247721328233,44.38811065722257
1664551927012,40.91343151645244,-73.13252459608877,10.82424043377688,44.38811065722257
1664551928014,40.91343151645244,-73.13252459608877,10.892795793883481,44.38811065722257
1664551930014,40.91343151645244,-73.13252459608877,9.657848361468531,44.38811065722257
1664551931016,40.91343151645244,-73.13252459608877,9.741813745066935,44.38811065722257
1664551933014,40.91343151645244,-73.13252459608877,9.95695298136736,44.38811065722257
1664551935014,40.91343151645244,-73.13252459608877,10.140113779244,44.38811065722257
1664551937012,40.91343151645244,-73.13252459608877,10.34949819702654,44.38811065722257
1664551938013,40.91343151645244,-73.13252459608877,10.446359805357341,44.38811065722257
1664551939013,40.91343151645244,-73.13252459608877,10.535571090136555,44.38811065722257
1664551941013,40.91343151645244,-73.13252459608877,10.6133068179537,44.38811065722257
1664551942013,40.91343151645244,-73.13252459608877,9.52951680220954,44.38811065722257
1664551943014,40.91343151645244,-73.13252459608877,9.633336633669128,44.38811065722257
1664551944014,40.91343151645244,-73.13252459608877,9.736458873051038,44.38811065722257
1664551946013,40.91343151645244,-73.13252459608877,9.940731613701361,44.38811065722257
1664551947013,40.91343151645244,-73.13252459608877,10.022261451486154,44.38811065722257
1664551948014,40.91343151645244,-73.13252459608877,10.140809670693782,44.38811065722257
1664551950014,40.91343151645244,-73.13252459608877,10.336389350216814,44.38811065722257
1664551951014,40.91343151645244,-73.13252459608877,10.414425627357788,44.38811065722257
1664551953013,40.91343151645244,-73.13252459608877,10.502901660426826,44.38811065722257
1664551954014,40.91343151645244,-73.13252459608877,9.40978391094524,44.38811065722257
1664551956014,40.91343151645244,-73.13252459608877,9.621400588856208,44.38811065722257
1664551958013,40.91343151645244,-73.13252459608877,9.840750789811716,44.38811065722257
1664551960013,40.91343151645244,-73.13252459608877,10.107385193780894,44.38811065722257
1664551961014,40.91343151645244,-73.13252459608877,10.12468671419275,44.38811065722257
1664551963009,40.91343151645244,-73.13252459608877,10.41398600121107,44.38811065722257
1664551964013,40.91343151645244,-73.13252459608877,10.510740791942904,44.38811065722257
1664551965014,40.91343151645244,-73.13252459608877,10.535227451800548,44.38811065722257
1664551967015,40.91343151645244,-73.13252459608877,9.516001683339196,44.38811065722257
1664551969013,40.91343151645244,-73.13252459608877,9.714900057395853,44.38811065722257
1664551970014,40.91343151645244,-73.13252459608877,9.796149721489963,44.38811065722257
1664551971015,40.91343151645244,-73.13252459608877,9.911532699450166,44.38811065722257
1664551973013,40.91343151645244,-73.13252459608877,10.086080006559856,44.38811065722257
1664551974015,40.91343151645244,-73.13252459608877,10.194315355936826,44.38811065722257
1664551976013,40.91343151645244,-73.13252459608877,10.39106821333341,44.38811065722257
1664551977019,40.91343151645244,-73.13252459608877,10.38035820138638,44.38811065722257
1664551979015,40.91343151645244,-73.13252459608877,9.43207766287019,44.38811065722257
1664551981013,40.91343151645244,-73.13252459608877,9.706982471067153,44.38811065722257
1664551983016,40.91343151645244,-73.13252459608877,9.895541206601122,44.38811065722257
1664551985008,40.91343151645244,-73.13252459608877,10.097562996372151,44.38811065722257
1664551986008,40.91343151645244,-73.13252459608877,10.171985664202383,44.38811065722257
1664551987008,40.91343151645244,-73.13252459608877,10.282553447489843,44.38811065722257
1664551988008,40.91343151645244,-73.13252459608877,10.362285019786752,44.38811065722257
1664551989008,40.91343151645244,-73.13252459608877,10.392353241272048,44.38811065722257
1664551990995,40.91343151645244,-73.13252459608877,9.454506770471019,44.38811065722257
1664551991995,40.91343151645244,-73.13252459608877,9.555603963366611,44.38811065722257
1664551992995,40.91343151645244,-73.13252459608877,9.750150863508075,44.38811065722257
1664551993996,40.91343151645244,-73.13252459608877,9.842843165942368,44.38811065722257
1664551994996,40.91343151645244,-73.13252459608877,9.959266190889052,44.38811065722257
1664551995996,40.91343151645244,-73.13252459608877,10.058181733749104,44.38811065722257
1664551996996,40.91343151645244,-73.13252459608877,10.137164433679137,44.38811065722257
1664551997996,40.91343151645244,-73.13252459608877,10.254458330268895,44.38811065722257
1664551998997,40.91343151645244,-73.13252459608877,10.333840927348541,44.38811065722257
1664551999997,40.91343151645244,-73.13252459608877,10.435993899337173,44.38811065722257
1664552000997,40.91343151645244,-73.13252459608877,10.4680532560961,44.38811065722257
1664552001997,40.91343151645244,-73.13252459608877,10.561250511956798,44.38811065722257
1664552002997,40.91343151645244,-73.13252459608877,10.65952364959637,44.38811065722257
1664552003997,40.91343151645244,-73.13252459608877,10.749118440249983,44.38811065722257
1664552004998,40.91343151645244,-73.13252459608877,10.837243814232929,44.38811065722257
1664552005998,40.91343151645244,-73.13252459608877,10.92197981024669,44.38811065722257
1664552006998,40.91343151645244,-73.13252459608877,10.987061012816218,44.38811065722257
1664552007998,40.91343151645244,-73.13252459608877,11.102866923330918,44.38811065722257
1664552008998,40.91343151645244,-73.13252459608877,11.192069487100577,44.38811065722257
1664552009998,40.91343151645244,-73.13252459608877,11.268386997150934,44.38811065722257
1664552010998,40.91343151645244,-73.13252459608877,11.450982785911593,44.38811065722257
1664552011998,40.91343151645244,-73.13252459608877,11.538600928087808,44.38811065722257
1664552012998,40.91343151645244,-73.13252459608877,10.04221842977732,44.38811065722257
1664552013999,40.91343151645244,-73.13252459608877,10.151023651534324,44.38811065722257
1664552014999,40.91343151645244,-73.13252459608877,10.239940347773736,44.38811065722257
1664552015999,40.91343151645244,-73.13252459608877,10.325570696022607,44.38811065722257
1664552016999,40.91343151645244,-73.13252459608877,10.440808331419943,44.38811065722257
1664552017999,40.91343151645244,-73.13252459608877,10.535250800728187,44.38811065722257
1664552018999,40.91343151645244,-73.13252459608877,10.615621880213153,44.38811065722257
1664552019999,40.91343014674162,-73.132523365865,10.87838798414816,44.13666245993227
1664552020999,40.91343014674162,-73.132523365865,10.932935632743565,44.13666245993227
1664552021999,40.91343014674162,-73.132523365865,9.612728766541274,44.13666245993227
1664552022999,40.91343014674162,-73.132523365865,9.704145447118997,44.13666245993227
1664552023999,40.91343014674162,-73.132523365865,9.819699514561712,44.13666245993227
1664552025000,40.91343014674162,-73.132523365865,9.918833421760874,44.13666245993227
1664552026000,40.91343014674162,-73.132523365865,10.017290470637654,44.13666245993227
1664552027000,40.91343014674162,-73.132523365865,10.109991898227381,44.13666245993227
1664552028000,40.91343014674162,-73.132523365865,10.212017756575321,44.13666245993227
1664552029000,40.91343014674162,-73.132523365865,10.312188223676717,44.13666245993227
1664552030000,40.91343014674162,-73.132523365865,10.407293108148227,44.13666245993227
1664552031000,40.91343014674162,-73.132523365865,10.504462627896167,44.13666245993227
1664552032000,40.91343014674162,-73.132523365865,10.601593565749113,44.13666245993227
1664552033000,40.91343014674162,-73.132523365865,10.695960956628197,44.13666245993227
1664552034000,40.91343014674162,-73.132523365865,10.786502532992724,44.13666245993227
1664552035000,40.91343014674162,-73.132523365865,10.882925678431329,44.13666245993227
1664552036000,40.91343014674162,-73.132523365865,10.967377064703873,44.13666245993227
1664552037000,40.91343014674162,-73.132523365865,11.144966713172447,44.13666245993227
1664552038000,40.91343014674162,-73.132523365865,11.251758139768514,44.13666245993227
1664552039000,40.91343014674162,-73.132523365865,11.33229001233008,44.13666245993227
1664552040000,40.91343014674162,-73.132523365865,11.409674015286601,44.13666245993227
1664552041000,40.91343014674162,-73.132523365865,11.512182101682424,44.13666245993227
1664552042000,40.91343014674162,-73.132523365865,11.603281261752228,44.13666245993227
1664552043000,40.91343014674162,-73.132523365865,11.687486356522198,44.13666245993227
1664552044000,40.91343014674162,-73.132523365865,11.771823907502755,44.13666245993227
1664552045001,40.91343014674162,-73.132523365865,11.855933624518105,44.13666245993227
1664552046001,40.91343014674162,-73.132523365865,11.943075131441136,44.13666245993227
1664552047001,40.91343014674162,-73.132523365865,12.009285284984744,44.13666245993227
1664552048001,40.91343014674162,-73.132523365865,12.10139784621799,44.13666245993227
1664552049001,40.91343014674162,-73.132523365865,12.187571451240686,44.13666245993227
1664552050001,40.91343014674162,-73.132523365865,12.270249793266728,44.13666245993227
1664552051001,40.91343014674162,-73.132523365865,12.349557911428176,44.13666245993227
1664552052001,40.91343014674162,-73.132523365865,12.407351372486927,44.13666245993227
1664552053001,40.91343014674162,-73.132523365865,12.513447668644277,44.13666245993227
1664552054001,40.91343014674162,-73.132523365865,12.566862070574052,44.13666245993227
1664552055001,40.91343014674162,-73.132523365865,10.802133995217273,44.13666245993227
1664552056001,40.91343014674162,-73.132523365865,10.890851126202486,44.13666245993227
1664552057001,40.91343014674162,-73.132523365865,10.97738101123783,44.13666245993227
1664552058001,40.91343014674162,-73.132523365865,11.063667214976592,44.13666245993227
1664552059001,40.91343014674162,-73.132523365865,11.166755307232325,44.13666245993227
1664552060001,40.91343014674162,-73.132523365865,11.320327808965182,44.13666245993227
1664552061001,40.91343014674162,-73.132523365865,11.4134761176068,44.13666245993227
1664552062001,40.91343014674162,-73.132523365865,11.49856927135631,44.13666245993227
1664552063001,40.91343014674162,-73.132523365865,11.6006892992536,44.13666245993227
1664552064001,40.91343014674162,-73.132523365865,11.688432333958184,44.13666245993227
1664552065001,40.91343014674162,-73.132523365865,11.758763011599532,44.13666245993227
1664552066001,40.91343014674162,-73.132523365865,11.856674508075448,44.13666245993227
1664552067001,40.91343014674162,-73.132523365865,11.933558339179424,44.13666245993227
1664552068001,40.91343014674162,-73.132523365865,12.01787976437912,44.13666245993227
1664552069001,40.91343014674162,-73.132523365865,12.098218727740557,44.13666245993227
1664552070001,40.91343014674162,-73.132523365865,12.192020095611221,44.13666245993227
1664552071001,40.91343014674162,-73.132523365865,12.27051764255075,44.13666245993227
1664552072001,40.91343014674162,-73.132523365865,12.354941068779793,44.13666245993227
1664552073001,40.91343014674162,-73.132523365865,12.434518211431259,44.13666245993227
1664552074002,40.91343014674162,-73.132523365865,12.504194447111718,44.13666245993227
1664552075002,40.91343014674162,-73.132523365865,12.683362898693323,44.13666245993227
1664552076002,40.91343014674162,-73.132523365865,12.76394364464145,44.13666245993227
1664552077002,40.91343014674162,-73.132523365865,12.84031865504008,44.13666245993227
1664552078026,40.91343014674162,-73.132523365865,10.85069719312345,44.13666245993227
1664552080024,40.91343014674162,-73.132523365865,11.030211398927023,44.13666245993227
1664552081024,40.91343014674162,-73.132523365865,11.127446575047555,44.13666245993227
1664552082024,40.91343014674162,-73.132523365865,11.201964856743814,44.13666245993227
1664552083045,40.91343014674162,-73.132523365865,11.308201627904428,44.13666245993227
1664552085026,40.91343014674162,-73.132523365865,11.480334840719435,44.13666245993227
1664552087002,40.91343014674162,-73.132523365865,11.655644677723055,44.13666245993227
1664552088002,40.91343014674162,-73.132523365865,11.719308119987884,44.13666245993227
1664552089002,40.91343014674162,-73.132523365865,11.809142437760013,44.13666245993227
1664552090002,40.91343014674162,-73.132523365865,10.232249759428008,44.13666245993227
1664552091002,40.91343014674162,-73.132523365865,10.331259347860298,44.13666245993227
1664552092002,40.91343014674162,-73.132523365865,10.415441234992784,44.13666245993227
1664552093002,40.91343014674162,-73.132523365865,10.588227284469397,44.13666245993227
1664552094002,40.91343014674162,-73.132523365865,10.609433755175584,44.13666245993227
1664552095002,40.91343014674162,-73.132523365865,10.77914372619683,44.13666245993227
1664552096002,40.91343014674162,-73.132523365865,10.87647950511223,44.13666245993227
1664552097013,40.91343014674162,-73.132523365865,10.96522473384119,44.13666245993227
1664552098024,40.91343014674162,-73.132523365865,11.055832421719673,44.13666245993227
1664552099025,40.91343014674162,-73.132523365865,11.147788721250418,44.13666245993227
1664552101025,40.91343014674162,-73.132523365865,11.322268836608483,44.13666245993227
1664552103025,40.91343014674162,-73.132523365865,10.018290613460128,44.13666245993227
1664552105002,40.91343014674162,-73.132523365865,10.193299039064721,44.13666245993227
1664552106003,40.91343014674162,-73.132523365865,10.283393322856126,44.13666245993227
1664552107003,40.91343014674162,-73.132523365865,10.38562320024982,44.13666245993227
1664552108003,40.91343014674162,-73.132523365865,10.470491449503815,44.13666245993227
1664552109003,40.91343014674162,-73.132523365865,10.578437052890848,44.13666245993227
1664552110003,40.91343014674162,-73.132523365865,10.66904380874439,44.13666245993227
1664552111003,40.91343014674162,-73.132523365865,10.850882440401131,44.13666245993227
1664552112003,40.91343014674162,-73.132523365865,10.929386083206433,44.13666245993227
1664552113003,40.91343014674162,-73.132523365865,10.9939205558174,44.13666245993227
1664552114003,40.91343014674162,-73.132523365865,11.024968263356907,44.13666245993227
1664552115003,40.91343014674162,-73.132523365865,9.80642746203312,44.13666245993227
1664552116998,40.91343014674162,-73.132523365865,10.009665128697307,44.13666245993227
1664552117998,40.91343014674162,-73.132523365865,10.083849680566791,44.13666245993227
1664552118998,40.91343014674162,-73.132523365865,10.20479592009712,44.13666245993227
1664552119998,40.91343014674162,-73.132523365865,10.304386708883852,44.13666245993227
1664552120999,40.91343014674162,-73.132523365865,10.39726802723495,44.13666245993227
1664552121999,40.91343014674162,-73.132523365865,10.485557903512696,44.13666245993227
1664552122999,40.91343014674162,-73.132523365865,10.590202320201396,44.13666245993227
1664552124999,40.91343014674162,-73.132523365865,10.77756197702783,44.13666245993227
1664552126999,40.91343014674162,-73.132523365865,10.984883284593753,44.13666245993227
1664552128999,40.91343014674162,-73.132523365865,11.166649654359102,44.13666245993227
1664552130999,40.91343014674162,-73.132523365865,11.340227017984235,44.13666245993227
1664552132999,40.91343014674162,-73.132523365865,11.513668594086253,44.13666245993227
1664552134999,40.91343014674162,-73.132523365865,11.679771652383769,44.13666245993227
1664552135999,40.91343014674162,-73.132523365865,11.76942204632655,44.13666245993227
1664552136999,40.91343014674162,-73.132523365865,11.853671248881037,44.13666245993227
1664552137999,40.91343014674162,-73.132523365865,11.938952144270413,44.13666245993227
1664552138999,40.91343014674162,-73.132523365865,12.019722366865258,44.13666245993227
1664552139999,40.91343014674162,-73.132523365865,12.089202420947293,44.13666245993227
1664552140999,40.91343014674162,-73.132523365865,12.181079014793648,44.13666245993227
1664552141999,40.91343014674162,-73.132523365865,12.263752368218631,44.13666245993227
1664552142999,40.91343014674162,-73.132523365865,12.329423757466547,44.13666245993227
1664552143999,40.91343014674162,-73.132523365865,12.493651434717878,44.13666245993227
1664552145000,40.91343014674162,-73.132523365865,12.598607838453972,44.13666245993227
1664552146000,40.91343014674162,-73.132523365865,12.669869878479005,44.13666245993227
1664552147000,40.91343014674162,-73.132523365865,12.734134631770907,44.13666245993227
1664552148000,40.91343014674162,-73.132523365865,12.820318127600501,44.13666245993227
1664552149000,40.91343014674162,-73.132523365865,12.864318118275106,44.13666245993227
1664552150000,40.91343014674162,-73.132523365865,12.969588210701856,44.13666245993227
1664552151000,40.91343014674162,-73.132523365865,13.039017189263314,44.13666245993227
1664552152000,40.91343014674162,-73.132523365865,13.089901594922788,44.13666245993227
1664552153000,40.91343014674162,-73.132523365865,13.175401296287728,44.13666245993227
1664552154000,40.91343014674162,-73.132523365865,13.259867876519383,44.13666245993227
1664552155000,40.91343014674162,-73.132523365865,13.328130829713063,44.13666245993227
1664552156000,40.91343014674162,-73.132523365865,13.399646580541058,44.13666245993227
1664552157000,40.91343014674162,-73.132523365865,13.46840439072248,44.13666245993227
1664552158000,40.91343014674162,-73.132523365865,13.538370191350667,44.13666245993227
1664552159000,40.91343014674162,-73.132523365865,11.376682077951502,44.13666245993227
1664552160000,40.91343014674162,-73.132523365865,11.455815695347928,44.13666245993227
1664552161000,40.91343014674162,-73.132523365865,11.536876055117588,44.13666245993227
1664552162000,40.91343014674162,-73.132523365865,11.620747892282676,44.13666245993227
1664552163000,40.91343014674162,-73.132523365865,11.691132295743078,44.13666245993227
1664552164000,40.91343014674162,-73.132523365865,11.783963120397978,44.13666245993227
1664552165000,40.91343014674162,-73.132523365865,11.934425975916165,44.13666245993227
1664552166000,40.91343014674162,-73.132523365865,12.025756602908295,44.13666245993227
1664552167000,40.91343014674162,-73.132523365865,12.105702131410018,44.13666245993227
1664552168000,40.91343014674162,-73.132523365865,12.184287837603675,44.13666245993227
1664552169000,40.91343014674162,-73.132523365865,12.260104976454125,44.13666245993227
1664552170000,40.91343014674162,-73.132523365865,12.317583728172355,44.13666245993227
1664552171001,40.91343014674162,-73.132523365865,12.390102747728521,44.13666245993227
1664552172001,40.91343014674162,-73.132523365865,12.47635353347633,44.13666245993227
1664552173001,40.91343014674162,-73.132523365865,12.54900562749608,44.13666245993227
1664552174001,40.91343014674162,-73.132523365865,12.6128036745279,44.13666245993227
1664552175001,40.91343014674162,-73.132523365865,12.668912937944041,44.13666245993227
1664552176001,40.91343014674162,-73.132523365865,12.777189621330718,44.13666245993227
1664552177001,40.91343014674162,-73.132523365865,12.853650229962614,44.13666245993227
1664552178001,40.91343014674162,-73.132523365865,12.897498365812163,44.13666245993227
1664552179001,40.91343014674162,-73.132523365865,12.971323445638571,44.13666245993227
1664552180001,40.91343014674162,-73.132523365865,13.140346036003047,44.13666245993227
1664552181001,40.91343014674162,-73.132523365865,13.137936276951347,44.13666245993227
1664552182001,40.91343014674162,-73.132523365865,13.282086704538704,44.13666245993227
1664552183001,40.91343014674162,-73.132523365865,13.367225599903078,44.13666245993227
1664552184001,40.91343014674162,-73.132523365865,13.437362791984036,44.13666245993227
1664552185001,40.91343014674162,-73.132523365865,13.486564894231858,44.13666245993227
1664552186001,40.91343014674162,-73.132523365865,13.585872672620953,44.13666245993227
1664552187001,40.91343014674162,-73.132523365865,13.648298323048662,44.13666245993227
1664552188001,40.91343014674162,-73.132523365865,13.67194298148053,44.13666245993227
1664552189001,40.91343014674162,-73.132523365865,13.759745999513347,44.13666245993227
1664552190001,40.91343014674162,-73.132523365865,11.464094040113741,44.13666245993227
1664552191001,40.91343014674162,-73.132523365865,11.541165490465609,44.13666245993227
1664552192001,40.91343014674162,-73.132523365865,11.625405344393736,44.13666245993227
1664552193001,40.91343014674162,-73.132523365865,11.707069011103702,44.13666245993227
1664552194001,40.91343014674162,-73.132523365865,11.764269030789519,44.13666245993227
1664552195001,40.91343014674162,-73.132523365865,11.840286832482764,44.13666245993227
1664552196001,40.91343014674162,-73.132523365865,11.91879334917015,44.13666245993227
1664552197001,40.91343014674162,-73.132523365865,11.954843962244588,44.13666245993227
1664552198001,40.91343014674162,-73.132523365865,12.049590975546055,44.13666245993227
1664552199001,40.91343014674162,-73.132523365865,12.188756063573479,44.13666245993227
1664552200001,40.91343014674162,-73.132523365865,12.264053666498024,44.13666245993227
1664552201001,40.91343014674162,-73.132523365865,12.352820922795681,44.13666245993227
1664552202001,40.91343014674162,-73.132523365865,12.42318683718165,44.13666245993227
1664552203002,40.91343014674162,-73.132523365865,12.502279864653227,44.13666245993227
1664552204002,40.91343014674162,-73.132523365865,12.572223212828387,44.13666245993227
1664552205002,40.91343014674162,-73.132523365865,12.641776191877947,44.13666245993227
1664552206002,40.91343014674162,-73.132523365865,12.696693362224575,44.13666245993227
1664552207002,40.91343014674162,-73.132523365865,12.794290204697806,44.13666245993227
1664552208002,40.91343014674162,-73.132523365865,12.864919280689602,44.13666245993227
1664552209002,40.91343014674162,-73.132523365865,12.936003841807358,44.13666245993227
1664552210002,40.91343014674162,-73.132523365865,13.020498336838749,44.13666245993227
1664552211002,40.91343014674162,-73.132523365865,13.093630892214861,44.13666245993227
1664552212002,40.91343014674162,-73.132523365865,13.171150773591927,44.13666245993227
1664552213002,40.91343014674162,-73.132523365865,13.249391191337978,44.13666245993227
1664552214002,40.91343014674162,-73.132523365865,13.391873063968992,44.13666245993227
1664552215002,40.91343014674162,-73.132523365865,13.39141144853388,44.13666245993227
1664552216002,40.91343014674162,-73.132523365865,13.547220837000188,44.13666245993227
1664552217002,40.91343014674162,-73.132523365865,13.62119673297811,44.13666245993227
1664552218002,40.91343014674162,-73.132523365865,13.683326831649397,44.13666245993227
1664552219002,40.91343014674162,-73.132523365865,13.755438057275745,44.13666245993227
1664552220002,40.91343014674162,-73.132523365865,13.812761028652524,44.13666245993227
1664552221002,40.91343014674162,-73.132523365865,13.843731087484056,44.13666245993227
1664552222002,40.91343014674162,-73.132523365865,13.916555454787455,44.13666245993227
1664552223002,40.91343014674162,-73.132523365865,13.981054201896539,44.13666245993227
1664552224002,40.91343014674162,-73.132523365865,14.059118692955494,44.13666245993227
1664552225002,40.91343014674162,-73.132523365865,14.109347157272538,44.13666245993227
1664552226002,40.91343014674162,-73.132523365865,14.171615115091473,44.13666245993227
1664552227002,40.91343014674162,-73.132523365865,14.243634267062937,44.13666245993227
1664552228002,40.91343014674162,-73.132523365865,14.303376359568905,44.13666245993227
1664552229002,40.91343014674162,-73.132523365865,14.386417348570667,44.13666245993227
1664552230002,40.91343014674162,-73.132523365865,14.464229259896989,44.13666245993227
1664552231002,40.91343014674162,-73.132523365865,14.611135966769886,44.13666245993227
1664552232002,40.91343014674162,-73.132523365865,14.682017595168757,44.13666245993227
1664552233002,40.91343014674162,-73.132523365865,14.740130647016276,44.13666245993227
1664552234002,40.91343014674162,-73.132523365865,14.81516680125425,44.13666245993227
1664552235002,40.91343014674162,-73.132523365865,14.874832577879944,44.13666245993227
1664552236003,40.91343014674162,-73.132523365865,14.951196381119258,44.13666245993227
1664552237003,40.91343014674162,-73.132523365865,15.014662448788346,44.13666245993227
1664552238003,40.91343014674162,-73.132523365865,15.067514578316043,44.13666245993227
1664552239003,40.91343014674162,-73.132523365865,15.128384647450167,44.13666245993227
1664552240003,40.91343014674162,-73.132523365865,15.198555181902993,44.13666245993227
1664552241003,40.91343014674162,-73.132523365865,15.271130941140632,44.13666245993227
1664552242998,40.91343014674162,-73.132523365865,15.381713002826718,44.13666245993227
1664552243998,40.91343014674162,-73.132523365865,15.450113530606252,44.13666245993227
1664552244998,40.91343014674162,-73.132523365865,15.52869726164247,44.13666245993227
1664552245998,40.91343014674162,-73.132523365865,15.597385306482641,44.13666245993227
1664552246998,40.91343014674162,-73.132523365865,15.650664829784935,44.13666245993227
1664552247998,40.91343014674162,-73.132523365865,15.726072788603107,44.13666245993227
1664552248998,40.91343014674162,-73.132523365865,15.79067135314104,44.13666245993227
1664552249998,40.91343014674162,-73.132523365865,15.852993086559803,44.13666245993227
1664552250999,40.91343014674162,-73.132523365865,15.986550705012284,44.13666245993227
1664552251999,40.91343014674162,-73.132523365865,16.051031017875612,44.13666245993227
1664552252999,40.91343014674162,-73.132523365865,16.102137989156603,44.13666245993227
1664552254999,40.91343014674162,-73.132523365865,12.768013052962848,44.13666245993227
1664552256999,40.91343014674162,-73.132523365865,12.91748477267732,44.13666245993227
1664552258999,40.91343014674162,-73.132523365865,13.032611067454209,44.13666245993227
1664552260999,40.91343014674162,-73.132523365865,13.198901070932642,44.13666245993227
1664552261999,40.91343014674162,-73.132523365865,13.273434115247621,44.13666245993227
1664552262999,40.91343014674162,-73.132523365865,13.349733228758378,44.13666245993227
1664552263999,40.91343014674162,-73.132523365865,13.424381363928306,44.13666245993227
1664552264999,40.91343014674162,-73.132523365865,13.572751472574623,44.13666245993227
1664552265999,40.91343014674162,-73.132523365865,13.63695429541133,44.13666245993227
1664552266999,40.91343014674162,-73.132523365865,13.720341342090824,44.13666245993227
1664552267999,40.91343014674162,-73.132523365865,13.778873628753363,44.13666245993227
1664552268999,40.91343014674162,-73.132523365865,13.849975691338663,44.13666245993227
1664552269999,40.91343014674162,-73.132523365865,13.914402823062396,44.13666245993227
1664552270999,40.91343014674162,-73.132523365865,14.005826549707066,44.13666245993227
1664552272000,40.91343014674162,-73.132523365865,14.080761662231192,44.13666245993227
1664552273000,40.91343014674162,-73.132523365865,14.141943552397239,44.13666245993227
1664552274000,40.91343014674162,-73.132523365865,14.20667772837248,44.13666245993227
1664552275000,40.91343014674162,-73.132523365865,14.248211093216904,44.13666245993227
1664552276000,40.91343014674162,-73.132523365865,14.31339958162618,44.13666245993227
1664552277000,40.91343014674162,-73.132523365865,14.402405717266616,44.13666245993227
1664552278000,40.91343014674162,-73.132523365865,14.453734469915926,44.13666245993227
1664552279000,40.91343014674162,-73.132523365865,14.527157398977026,44.13666245993227
1664552280000,40.91343014674162,-73.132523365865,14.580585343057528,44.13666245993227
1664552281000,40.91343014674162,-73.132523365865,14.666393603518642,44.13666245993227
1664552282000,40.91343014674162,-73.132523365865,14.731298755498491,44.13666245993227
1664552283000,40.91343014674162,-73.132523365865,14.799073090578823,44.13666245993227
1664552284000,40.91343014674162,-73.132523365865,14.937047006068422,44.13666245993227
1664552285000,40.91343014674162,-73.132523365865,14.927124899023125,44.13666245993227
1664552286000,40.91343014674162,-73.132523365865,15.04741031101986,44.13666245993227
1664552287000,40.91343014674162,-73.132523365865,12.110302354215786,44.13666245993227
1664552288000,40.91344172472426,-73.13252280056007,12.298377259336847,44.209631368517876
1664552289000,40.91344170411081,-73.13252277761876,12.390652874959956,44.22325481753796
1664552290000,40.91344170411081,-73.13252277761876,12.4545821288185,44.22325481753796
1664552291000,40.91344170411081,-73.13252277761876,12.488222793887301,44.22325481753796
1664552292000,40.91344170411081,-73.13252277761876,12.550422050761707,44.22325481753796
1664552293000,40.91344170411081,-73.13252277761876,12.593684833055425,44.22325481753796
1664552294000,40.91344170411081,-73.13252277761876,12.47642461238909,44.22325481753796
1664552295000,40.91344170411081,-73.13252277761876,12.431826269257929,44.22325481753796
1664552296000,40.91344170411081,-73.13252277761876,12.5152385238739,44.22325481753796
1664552297000,40.91344170411081,-73.13252277761876,12.681040459191394,44.22325481753796
1664552298001,40.91344170411081,-73.13252277761876,12.757241875600434,44.22325481753796
1664552299001,40.91344170411081,-73.13252277761876,12.816030512088895,44.22325481753796
1664552300001,40.91344170411081,-73.13252277761876,12.896234204937524,44.22325481753796
1664552301001,40.91344170411081,-73.13252277761876,12.962246384170243,44.22325481753796
1664552302001,40.91344170411081,-73.13252277761876,13.009041165179136,44.22325481753796
1664552303001,40.91344170411081,-73.13252277761876,12.968927152978349,44.22325481753796
1664552304001,40.91344170411081,-73.13252277761876,13.01735459455153,44.22325481753796
1664552305001,40.91344170411081,-73.13252277761876,13.09461305382885,44.22325481753796
1664552306001,40.91344170411081,-73.13252277761876,13.159124844070053,44.22325481753796
1664552307001,40.91344170411081,-73.13252277761876,13.129836038230339,44.22325481753796
1664552308001,40.91344170411081,-73.13252277761876,13.260431201005058,44.22325481753796
1664552309001,40.91344170411081,-73.13252277761876,13.329644175764413,44.22325481753796
1664552310001,40.91344170411081,-73.13252277761876,13.406434677232278,44.22325481753796
1664552311001,40.91344170411081,-73.13252277761876,13.408898279087142,44.22325481753796
1664552312001,40.91344170411081,-73.13252277761876,13.391234336910545,44.22325481753796
1664552313001,40.91344170411081,-73.13252277761876,13.43076086684789,44.22325481753796
1664552314001,40.91344170411081,-73.13252277761876,13.476778409861996,44.22325481753796
1664552315001,40.91344170411081,-73.13252277761876,13.544274727580026,44.22325481753796
1664552316001,40.91344170411081,-73.13252277761876,13.594295237677947,44.22325481753796
1664552317001,40.91344170411081,-73.13252277761876,13.61116699552807,44.22325481753796
1664552318001,40.91344170411081,-73.13252277761876,13.67102715121344,44.22325481753796
1664552319001,40.91344170411081,-73.13252277761876,11.337753502909424,44.22325481753796
1664552320001,40.91344170411081,-73.13252277761876,11.369792456775926,44.22325481753796
1664552321001,40.91344170411081,-73.13252277761876,11.431219657136603,44.22325481753796
1664552322001,40.91344170411081,-73.13252277761876,11.505354951768094,44.22325481753796
1664552323001,40.91344170411081,-73.13252277761876,11.580774138005925,44.22325481753796
1664552324001,40.91344170411081,-73.13252277761876,11.625406816285558,44.22325481753796
1664552325001,40.91344170411081,-73.13252277761876,11.685909154873112,44.22325481753796
1664552326001,40.91344170411081,-73.13252277761876,11.756494072873101,44.22325481753796
1664552327001,40.91344170411081,-73.13252277761876,11.828475253238986,44.22325481753796
1664552328001,40.91344170411081,-73.13252277761876,11.986985224536564,44.22325481753796
1664552329002,40.91344170411081,-73.13252277761876,11.93034604778396,44.22325481753796
1664552330002,40.91344170411081,-73.13252277761876,12.072606127514883,44.22325481753796
1664552331002,40.91344170411081,-73.13252277761876,12.101990450592472,44.22325481753796
1664552332002,40.91344170411081,-73.13252277761876,12.150054458000668,44.22325481753796
1664552333002,40.91344170411081,-73.13252277761876,12.152217170659371,44.22325481753796
1664552334002,40.91344170411081,-73.13252277761876,12.244872359335305,44.22325481753796
1664552335002,40.91344170411081,-73.13252277761876,12.285382714446927,44.22325481753796
1664552336002,40.91344170411081,-73.13252277761876,12.35689665640898,44.22325481753796
1664552337002,40.91344170411081,-73.13252277761876,12.433442445981097,44.22325481753796
1664552338002,40.91344170411081,-73.13252277761876,12.481141042312752,44.22325481753796
1664552339002,40.91344170411081,-73.13252277761876,12.564691717719914,44.22325481753796
1664552340002,40.91344170411081,-73.13252277761876,12.599250857172848,44.22325481753796
1664552341002,40.91344170411081,-73.13252277761876,12.647567189452607,44.22325481753796
1664552342002,40.91344170411081,-73.13252277761876,12.683224217172063,44.22325481753796
1664552343002,40.91344170411081,-73.13252277761876,12.774392159314337,44.22325481753796
1664552344002,40.91344170411081,-73.13252277761876,12.809242439384171,44.22325481753796
1664552345002,40.91344170411081,-73.13252277761876,12.888671856841516,44.22325481753796
1664552346002,40.91344170411081,-73.13252277761876,12.92961858607227,44.22325481753796
1664552347002,40.91344170411081,-73.13252277761876,12.977978506558111,44.22325481753796
1664552348002,40.91344170411081,-73.13252277761876,13.133349303176713,44.22325481753796
1664552349002,40.91344170411081,-73.13252277761876,13.19873700701895,44.22325481753796
1664552350002,40.91344170411081,-73.13252277761876,11.041930053129326,44.22325481753796
1664552351002,40.91344170411081,-73.13252277761876,11.12891327366321,44.22325481753796
1664552352002,40.91344170411081,-73.13252277761876,11.211651681637722,44.22325481753796
1664552353002,40.91344170411081,-73.13252277761876,11.284455725146135,44.22325481753796
1664552354002,40.91344170411081,-73.13252277761876,11.37327926301215,44.22325481753796
1664552355002,40.91344170411081,-73.13252277761876,11.458108460690003,44.22325481753796
1664552356002,40.91344170411081,-73.13252277761876,11.534890848710637,44.22325481753796
1664552357002,40.91344170411081,-73.13252277761876,11.608706009051835,44.22325481753796
1664552358002,40.91344170411081,-73.13252277761876,11.685642218923316,44.22325481753796
1664552359002,40.91344170411081,-73.13252277761876,11.73119150991917,44.22325481753796
1664552360002,40.91344170411081,-73.13252277761876,11.815349647419234,44.22325481753796
1664552361002,40.91344170411081,-73.13252277761876,11.879587233430064,44.22325481753796
1664552362003,40.91344170411081,-73.13252277761876,12.019752559113249,44.22325481753796
1664552363003,40.91344170411081,-73.13252277761876,12.082967108964,44.22325481753796
1664552364003,40.91344170411081,-73.13252277761876,12.131781589348723,44.22325481753796
1664552365003,40.91344170411081,-73.13252277761876,12.190933421464937,44.22325481753796
1664552366003,40.91344170411081,-73.13252277761876,12.244137364424477,44.22325481753796
1664552367003,40.91344170411081,-73.13252277761876,12.316740169495484,44.22325481753796
1664552368998,40.91344170411081,-73.13252277761876,12.403033877575357,44.22325481753796
1664552369998,40.91344170411081,-73.13252277761876,12.444123200993436,44.22325481753796
1664552370998,40.91344170411081,-73.13252277761876,12.423229442788223,44.22325481753796
1664552371998,40.91344170411081,-73.13252277761876,12.510935504187104,44.22325481753796
1664552372998,40.91344170411081,-73.13252277761876,12.557861819357745,44.22325481753796
1664552373998,40.91344170411081,-73.13252277761876,12.6048926514714,44.22325481753796
1664552374999,40.91344170411081,-73.13252277761876,12.650341401275206,44.22325481753796
1664552375999,40.91344170411081,-73.13252277761876,12.716721145267103,44.22325481753796
1664552376999,40.91344170411081,-73.13252277761876,12.780465546327392,44.22325481753796
1664552378999,40.91344170411081,-73.13252277761876,12.889376958399902,44.22325481753796
1664552380999,40.91344170411081,-73.13252277761876,13.091936070321228,44.22325481753796
1664552382999,40.91344170411081,-73.13252277761876,13.203809007735265,44.22325481753796
1664552384999,40.91344170411081,-73.13252277761876,13.343857269560406,44.22325481753796
1664552386999,40.91344170411081,-73.13252277761876,13.409394530926521,44.22325481753796
1664552387999,40.91344170411081,-73.13252277761876,13.479343608999597,44.22325481753796
1664552388999,40.91344170411081,-73.13252277761876,13.546712311654977,44.22325481753796
1664552389999,40.91344170411081,-73.13252277761876,13.602770793335095,44.22325481753796
1664552390999,40.91344170411081,-73.13252277761876,13.659398222381467,44.22325481753796
1664552391999,40.91344170411081,-73.13252277761876,13.719743571751094,44.22325481753796
1664552392999,40.91344170411081,-73.13252277761876,13.755168758461366,44.22325481753796
1664552393999,40.91344170411081,-73.13252277761876,13.840578735361758,44.22325481753796
1664552394999,40.91344170411081,-73.13252277761876,13.964617465520227,44.22325481753796
1664552395999,40.91344170411081,-73.13252277761876,13.945645056284013,44.22325481753796
1664552396999,40.91344170411081,-73.13252277761876,13.99857001800173,44.22325481753796
1664552398000,40.91344170411081,-73.13252277761876,14.086818167975112,44.22325481753796
1664552399000,40.91344170411081,-73.13252277761876,14.138516743830934,44.22325481753796
1664552400000,40.91344170411081,-73.13252277761876,14.16406288850906,44.22325481753796
1664552401000,40.91344170411081,-73.13252277761876,14.177753891162876,44.22325481753796
1664552402000,40.91344170411081,-73.13252277761876,14.227775329986516,44.22325481753796
1664552403000,40.91344170411081,-73.13252277761876,14.250654316212605,44.22325481753796
1664552404000,40.91344170411081,-73.13252277761876,14.298388330811049,44.22325481753796
1664552405000,40.91344170411081,-73.13252277761876,14.309913154992682,44.22325481753796
1664552406000,40.91344170411081,-73.13252277761876,14.318034382765735,44.22325481753796
1664552407000,40.91344170411081,-73.13252277761876,14.375534109372857,44.22325481753796
1664552408000,40.91344170411081,-73.13252277761876,14.415246294746723,44.22325481753796
1664552409000,40.91344170411081,-73.13252277761876,14.477339572226173,44.22325481753796
1664552410000,40.91344170411081,-73.13252277761876,14.508203604576119,44.22325481753796
1664552411000,40.91344170411081,-73.13252277761876,14.542750243678372,44.22325481753796
1664552412000,40.91344170411081,-73.13252277761876,14.587564023021663,44.22325481753796
1664552413000,40.91344170411081,-73.13252277761876,14.608364782104722,44.22325481753796
1664552414000,40.91344170411081,-73.13252277761876,14.64206266778901,44.22325481753796
1664552415000,40.91344170411081,-73.13252277761876,11.870002760812365,44.22325481753796
1664552416000,40.91344170411081,-73.13252277761876,11.941752635771268,44.22325481753796
1664552417000,40.91344170411081,-73.13252277761876,12.018520421183185,44.22325481753796
1664552418000,40.91344170411081,-73.13252277761876,12.079064489156094,44.22325481753796
1664552419000,40.91344170411081,-73.13252277761876,12.130720122805098,44.22325481753796
1664552420000,40.91344170411081,-73.13252277761876,12.204999510431923,44.22325481753796
1664552421000,40.91344170411081,-73.13252277761876,12.269784098346383,44.22325481753796
1664552422000,40.91344170411081,-73.13252277761876,12.338564571628956,44.22325481753796
1664552423000,40.91344170411081,-73.13252277761876,12.387930696462746,44.22325481753796
1664552424000,40.91344170411081,-73.13252277761876,12.496472379993493,44.22325481753796
1664552425001,40.91344170411081,-73.13252277761876,12.559724523830683,44.22325481753796
1664552426001,40.91344170411081,-73.13252277761876,12.597986850340025,44.22325481753796
1664552427001,40.91344170411081,-73.13252277761876,12.660431411632871,44.22325481753796
1664552428001,40.91344170411081,-73.13252277761876,12.71205600818191,44.22325481753796
1664552429001,40.91344170411081,-73.13252277761876,12.77548839041887,44.22325481753796
1664552430001,40.91344170411081,-73.13252277761876,12.827221899411064,44.22325481753796
1664552431001,40.91344170411081,-73.13252277761876,12.912051629811623,44.22325481753796
1664552432001,40.91344170411081,-73.13252277761876,12.998714534859072,44.22325481753796
1664552433001,40.91344170411081,-73.13252277761876,13.024395570703437,44.22325481753796
1664552434001,40.9134352504575,-73.13253576113304,13.124092219885611,44.21129824593663
1664552435001,40.9134352504575,-73.13253576113304,13.19790452623357,44.21129824593663
1664552436001,40.9134352504575,-73.13253576113304,13.253145275176808,44.21129824593663
1664552437001,40.9134352504575,-73.13253576113304,13.313760344102139,44.21129824593663
1664552438001,40.9134352504575,-73.13253576113304,13.388422376459655,44.21129824593663
1664552439001,40.9134352504575,-73.13253576113304,13.526296656650995,44.21129824593663
1664552440001,40.9134352504575,-73.13253576113304,13.527646842776498,44.21129824593663
1664552441001,40.9134352504575,-73.13253576113304,13.67822871379366,44.21129824593663
1664552442001,40.9134352504575,-73.13253576113304,13.755773495657618,44.21129824593663
1664552443001,40.9134352504575,-73.13253576113304,13.813442364256852,44.21129824593663
1664552444001,40.9134352504575,-73.13253576113304,13.895257882165648,44.21129824593663
1664552445001,40.9134352504575,-73.13253576113304,13.96850401487572,44.21129824593663
1664552446001,40.9134352504575,-73.13253576113304,11.57595562342838,44.21129824593663
1664552447001,40.9134352504575,-73.13253576113304,11.647560911529046,44.21129824593663
1664552448001,40.9134352504575,-73.13253576113304,11.702926561097449,44.21129824593663
1664552449001,40.9134352504575,-73.13253576113304,11.788173797403212,44.21129824593663
1664552450001,40.9134352504575,-73.13253576113304,11.871249975739843,44.21129824593663
1664552451001,40.9134352504575,-73.13253576113304,11.949168588277374,44.21129824593663
1664552452001,40.9134352504575,-73.13253576113304,12.036101077022465,44.21129824593663
1664552453001,40.9134352504575,-73.13253576113304,12.11826296874884,44.21129824593663
1664552454001,40.9134352504575,-73.13253576113304,12.18797810089021,44.21129824593663
1664552455001,40.9134352504575,-73.13253576113304,12.282980638617481,44.21129824593663
1664552456001,40.9134352504575,-73.13253576113304,12.411153456428602,44.21129824593663
1664552457002,40.9134352504575,-73.13253576113304,12.501292020324907,44.21129824593663
1664552458002,40.9134352504575,-73.13253576113304,12.566485581722057,44.21129824593663
1664552459002,40.9134352504575,-73.13253576113304,12.625332233965255,44.21129824593663
1664552460002,40.9134352504575,-73.13253576113304,12.716592224713194,44.21129824593663
1664552461002,40.9134352504575,-73.13253576113304,12.795984800875281,44.21129824593663
1664552462002,40.9134352504575,-73.13253576113304,12.872589261164665,44.21129824593663
1664552463002,40.9134352504575,-73.13253576113304,12.954926305915437,44.21129824593663
1664552464002,40.9134352504575,-73.13253576113304,13.028822272958294,44.21129824593663
1664552465002,40.9134352504575,-73.13253576113304,13.093049223061977,44.21129824593663
1664552466002,40.9134352504575,-73.13253576113304,13.180192877014727,44.21129824593663
1664552467002,40.9134352504575,-73.13253576113304,13.247363928055933,44.21129824593663
1664552468002,40.9134352504575,-73.13253576113304,13.334578498939937,44.21129824593663
1664552469002,40.9134352504575,-73.13253576113304,13.372680490064571,44.21129824593663
1664552470002,40.9134352504575,-73.13253576113304,13.450150644696715,44.21129824593663
1664552471002,40.9134352504575,-73.13253576113304,13.52071803513937,44.21129824593663
1664552472002,40.9134352504575,-73.13253576113304,13.685896166898685,44.21129824593663
1664552473002,40.9134352504575,-73.13253576113304,13.755469816509615,44.21129824593663
1664552474002,40.9134352504575,-73.13253576113304,13.819864391585234,44.21129824593663
1664552475002,40.9134352504575,-73.13253576113304,13.892450727087684,44.21129824593663
1664552476002,40.9134352504575,-73.13253576113304,13.951698652956978,44.21129824593663
1664552477002,40.9134352504575,-73.13253576113304,14.026998241334404,44.21129824593663
1664552478002,40.9134352504575,-73.13253576113304,14.015824945340096,44.21129824593663
1664552479002,40.9134352504575,-73.13253576113304,14.077804100528532,44.21129824593663
1664552480002,40.9134352504575,-73.13253576113304,14.135716307435693,44.21129824593663
1664552481002,40.9134352504575,-73.13253576113304,14.202433589777794,44.21129824593663
1664552482002,40.9134352504575,-73.13253576113304,14.259799442674131,44.21129824593663
1664552483002,40.9134352504575,-73.13253576113304,14.33236493132436,44.21129824593663
1664552484002,40.9134352504575,-73.13253576113304,14.387312177726635,44.21129824593663
1664552485002,40.9134352504575,-73.13253576113304,14.455459098710124,44.21129824593663
1664552486002,40.9134352504575,-73.13253576113304,14.519748775461212,44.21129824593663
1664552487002,40.9134352504575,-73.13253576113304,14.601545842220006,44.21129824593663
1664552488002,40.9134352504575,-73.13253576113304,14.672707663734883,44.21129824593663
1664552489002,40.9134352504575,-73.13253576113304,14.799383901942655,44.21129824593663
1664552490003,40.9134352504575,-73.13253576113304,14.855732799080348,44.21129824593663
1664552491003,40.9134352504575,-73.13253576113304,14.939777462897538,44.21129824593663
1664552492003,40.9134352504575,-73.13253576113304,14.989980354029141,44.21129824593663
1664552493003,40.9134352504575,-73.13253576113304,15.0220991793062,44.21129824593663
1664552494998,40.9134352504575,-73.13253576113304,15.14098163662617,44.21129824593663
1664552495998,40.9134352504575,-73.13253576113304,15.18697230899996,44.21129824593663
1664552496998,40.9134352504575,-73.13253576113304,15.268115515947702,44.21129824593663
1664552497998,40.9134352504575,-73.13253576113304,15.327946585457763,44.21129824593663
1664552498998,40.9134352504575,-73.13253576113304,15.392159878714075,44.21129824593663
1664552499998,40.9134352504575,-73.13253576113304,15.466143438638204,44.21129824593663
1664552500999,40.9134352504575,-73.13253576113304,15.52832152835237,44.21129824593663
1664552501999,40.9134352504575,-73.13253576113304,15.596316768931688,44.21129824593663
1664552502999,40.9134352504575,-73.13253576113304,15.661929552613206,44.21129824593663
1664552504999,40.913435614073954,-73.13252401109159,15.869683873774866,44.09313034731895
1664552505999,40.91343561095993,-73.13252401191988,15.927792868397544,44.080858123488724
1664552506999,40.91343561095993,-73.13252401191988,15.991897308232788,44.080858123488724
1664552508999,40.91343561095993,-73.13252401191988,15.24883783044668,44.080858123488724
1664552510999,40.91343561095993,-73.13252401191988,12.048867260765858,44.080858123488724
1664552512999,40.91343561095993,-73.13252401191988,12.099330490673683,44.080858123488724
1664552513999,40.91343561095993,-73.13252401191988,12.219829471565417,44.080858123488724
1664552514999,40.91343561095993,-73.13252401191988,10.541997338846214,44.080858123488724
1664552515999,40.91343561095993,-73.13252401191988,10.458370405305992,44.080858123488724
1664552516999,40.91343561095993,-73.13252401191988,10.506454701024104,44.080858123488724
1664552517999,40.91343561095993,-73.13252401191988,10.506595384104948,44.080858123488724
1664552518999,40.91343561095993,-73.13252401191988,10.521435009160712,44.080858123488724
1664552519999,40.91343561095993,-73.13252401191988,10.543801201940896,44.080858123488724
1664552520999,40.91343561095993,-73.13252401191988,10.45272525986315,44.080858123488724
1664552521999,40.91343561095993,-73.13252401191988,10.38649730360812,44.080858123488724
1664552522999,40.91343561095993,-73.13252401191988,10.350359076404958,44.080858123488724
1664552524000,40.91343561095993,-73.13252401191988,10.27666640349722,44.080858123488724
1664552525000,40.91343561095993,-73.13252401191988,10.314849661941544,44.080858123488724
1664552526000,40.91343561095993,-73.13252401191988,10.360170568192816,44.080858123488724
1664552527000,40.91343561095993,-73.13252401191988,10.405695873701823,44.080858123488724
1664552528000,40.91343561095993,-73.13252401191988,10.482983675790551,44.080858123488724
1664552529000,40.91343561095993,-73.13252401191988,10.63434105455921,44.080858123488724
1664552530000,40.91343561095993,-73.13252401191988,10.611213701476458,44.080858123488724
1664552531000,40.91343561095993,-73.13252401191988,10.68356988076242,44.080858123488724
1664552532000,40.91343561095993,-73.13252401191988,10.695022208512587,44.080858123488724
1664552533000,40.91343561095993,-73.13252401191988,10.763347344844039,44.080858123488724
1664552534000,40.91343561095993,-73.13252401191988,10.770511029905878,44.080858123488724
1664552535000,40.91343561095993,-73.13252401191988,10.791629041896186,44.080858123488724
1664552536000,40.91343561095993,-73.13252401191988,10.819605966372826,44.080858123488724
1664552537000,40.91343561095993,-73.13252401191988,10.880873697550271,44.080858123488724
1664552538000,40.91343561095993,-73.13252401191988,10.927906022996691,44.080858123488724
1664552539000,40.91343561095993,-73.13252401191988,10.960617075224471,44.080858123488724
1664552540000,40.91343561095993,-73.13252401191988,11.016403921644574,44.080858123488724
1664552541000,40.91343561095993,-73.13252401191988,11.05733486155406,44.080858123488724
1664552542000,40.91343561095993,-73.13252401191988,11.143109160705263,44.080858123488724
1664552543000,40.91343561095993,-73.13252401191988,9.84648206220376,44.080858123488724
1664552544000,40.91343561095993,-73.13252401191988,9.926627355839077,44.080858123488724
1664552545000,40.91343561095993,-73.13252401191988,10.01183107778016,44.080858123488724
1664552546000,40.91343561095993,-73.13252401191988,10.112302506823408,44.080858123488724
1664552547000,40.91343561095993,-73.13252401191988,10.293212935115754,44.080858123488724
1664552548000,40.91343561095993,-73.13252401191988,10.294308191006554,44.080858123488724
1664552549001,40.91343561095993,-73.13252401191988,10.449528937126706,44.080858123488724
1664552550001,40.91343561095993,-73.13252401191988,10.536961898814813,44.080858123488724
1664552551001,40.91343561095993,-73.13252401191988,10.541206165423121,44.080858123488724
1664552552001,40.91343561095993,-73.13252401191988,10.594773875158285,44.080858123488724
1664552553001,40.91343561095993,-73.13252401191988,10.538983477604283,44.080858123488724
1664552554001,40.91343561095993,-73.13252401191988,10.616234285477613,44.080858123488724
1664552555001,40.91343561095993,-73.13252401191988,10.635518994684366,44.080858123488724
1664552556001,40.91343561095993,-73.13252401191988,10.639557729083693,44.080858123488724
1664552557001,40.91343561095993,-73.13252401191988,10.624881012563147,44.080858123488724
1664552558001,40.91343561095993,-73.13252401191988,10.61528044390458,44.080858123488724
1664552559001,40.91343561095993,-73.13252401191988,10.647799169066829,44.080858123488724
1664552560001,40.91343561095993,-73.13252401191988,10.621107172658617,44.080858123488724
1664552561001,40.91343561095993,-73.13252401191988,10.577673935559108,44.080858123488724
1664552562001,40.91343561095993,-73.13252401191988,10.707151826609719,44.080858123488724
1664552563001,40.91343561095993,-73.13252401191988,10.578998000824752,44.080858123488724
1664552564001,40.91343561095993,-73.13252401191988,10.564009895482334,44.080858123488724
1664552565001,40.91343561095993,-73.13252401191988,10.505372589505699,44.080858123488724
1664552566001,40.91343561095993,-73.13252401191988,10.465648524638347,44.080858123488724
1664552567001,40.91343561095993,-73.13252401191988,10.427434873157546,44.080858123488724
1664552568001,40.91343561095993,-73.13252401191988,10.410900948493836,44.080858123488724
1664552569001,40.91343561095993,-73.13252401191988,10.357180062720996,44.080858123488724
1664552570001,40.91343561095993,-73.13252401191988,10.301951290055888,44.080858123488724
1664552571001,40.91343561095993,-73.13252401191988,10.254006958031418,44.080858123488724
1664552572001,40.91343561095993,-73.13252401191988,10.22516287554879,44.080858123488724
1664552573001,40.91343561095993,-73.13252401191988,10.144069869256901,44.080858123488724
1664552574001,40.91343561095993,-73.13252401191988,10.130113477493484,44.080858123488724
1664552575001,40.91343561095993,-73.13252401191988,10.127589886790826,44.080858123488724
1664552576001,40.91343561095993,-73.13252401191988,10.084734977887296,44.080858123488724
1664552577001,40.91343561095993,-73.13252401191988,10.072800570511628,44.080858123488724
1664552578001,40.91343561095993,-73.13252401191988,10.035098771623705,44.080858123488724
1664552579001,40.91343561095993,-73.13252401191988,10.046475029246091,44.080858123488724
1664552580001,40.91343561095993,-73.13252401191988,10.10538869322281,44.080858123488724
1664552581002,40.91343561095993,-73.13252401191988,10.007474310071196,44.080858123488724
1664552582002,40.91343561095993,-73.13252401191988,9.96289652272623,44.080858123488724
1664552583002,40.91343561095993,-73.13252401191988,9.956394869596453,44.080858123488724
1664552584002,40.91343561095993,-73.13252401191988,9.937862529508314,44.080858123488724
1664552585002,40.91343561095993,-73.13252401191988,9.918291885058235,44.080858123488724
1664552586002,40.91343561095993,-73.13252401191988,9.928218125470329,44.080858123488724
1664552587002,40.91343561095993,-73.13252401191988,9.835039009699615,44.080858123488724
1664552588002,40.91343561095993,-73.13252401191988,9.856509068906119,44.080858123488724
1664552589002,40.91343561095993,-73.13252401191988,9.838437184124123,44.080858123488724
1664552590002,40.91343561095993,-73.13252401191988,9.881833245949874,44.080858123488724
1664552591002,40.91343561095993,-73.13252401191988,9.934838222052544,44.080858123488724
1664552592002,40.91343561095993,-73.13252401191988,9.95861488824421,44.080858123488724
1664552593002,40.91343561095993,-73.13252401191988,9.847203440026277,44.080858123488724
1664552594002,40.91343561095993,-73.13252401191988,9.919361893747878,44.080858123488724
1664552595002,40.91343561095993,-73.13252401191988,9.829748219102266,44.080858123488724
1664552596002,40.91343561095993,-73.13252401191988,9.781377717937747,44.080858123488724
1664552597002,40.91343561095993,-73.13252401191988,9.713108961296072,44.080858123488724
1664552598002,40.91343561095993,-73.13252401191988,9.660831836224894,44.080858123488724
1664552599002,40.91343561095993,-73.13252401191988,9.677009940983345,44.080858123488724
1664552600002,40.91343561095993,-73.13252401191988,9.64640610091689,44.080858123488724
1664552601002,40.91343561095993,-73.13252401191988,9.608692950424729,44.080858123488724
1664552602002,40.91343561095993,-73.13252401191988,9.560365480985261,44.080858123488724
1664552603002,40.91343561095993,-73.13252401191988,9.594710755871189,44.080858123488724
1664552604002,40.91343561095993,-73.13252401191988,9.579244083693688,44.080858123488724
1664552605002,40.91343561095993,-73.13252401191988,9.589563319875934,44.080858123488724
1664552606002,40.91343561095993,-73.13252401191988,9.594677723091717,44.080858123488724
1664552607002,40.91343561095993,-73.13252401191988,8.702924785958235,44.080858123488724
1664552608002,40.91343561095993,-73.13252401191988,8.671960201441227,44.080858123488724
1664552609002,40.91343561095993,-73.13252401191988,8.698665973820395,44.080858123488724
1664552610002,40.91343561095993,-73.13252401191988,8.718412504740837,44.080858123488724
1664552611002,40.91343561095993,-73.13252401191988,8.807073418124197,44.080858123488724
1664552612002,40.91343561095993,-73.13252401191988,8.821141901479997,44.080858123488724
1664552613002,40.91343561095993,-73.13252401191988,8.838587560509795,44.080858123488724
1664552614003,40.91343561095993,-73.13252401191988,8.896277951364596,44.080858123488724
1664552615003,40.91343561095993,-73.13252401191988,8.905096237945697,44.080858123488724
1664552616003,40.91343561095993,-73.13252401191988,8.930502936014523,44.080858123488724
1664552617003,40.91343561095993,-73.13252401191988,8.966093793035212,44.080858123488724
1664552618003,40.91343561095993,-73.13252401191988,8.920393927170043,44.080858123488724
1664552619003,40.91343561095993,-73.13252401191988,8.964769755956064,44.080858123488724
1664552620998,40.91343561095993,-73.13252401191988,8.993640835494688,44.080858123488724
1664552621998,40.91343561095993,-73.13252401191988,8.838015061801917,44.080858123488724
1664552622999,40.91343561095993,-73.13252401191988,8.806257258191081,44.080858123488724
1664552623999,40.91343561095993,-73.13252401191988,8.737450993317694,44.080858123488724
1664552624999,40.91343561095993,-73.13252401191988,8.735374394892624,44.080858123488724
1664552626999,40.91343561095993,-73.13252401191988,8.6711457614045,44.080858123488724
1664552628999,40.91343561095993,-73.13252401191988,8.606866049901763,44.080858123488724
1664552630999,40.91343561095993,-73.13252401191988,8.561780156384085,44.080858123488724
1664552632999,40.91343561095993,-73.13252401191988,8.581973488578098,44.080858123488724
1664552634999,40.91343561095993,-73.13252401191988,8.640836545076302,44.080858123488724
1664552636999,40.91343561095993,-73.13252401191988,8.631302646718977,44.080858123488724
1664552638999,40.91343561095993,-73.13252401191988,7.954803029286709,44.080858123488724
1664552639999,40.91343561095993,-73.13252401191988,8.001445220539424,44.080858123488724
1664552640999,40.91343561095993,-73.13252401191988,8.045753215799678,44.080858123488724
1664552641999,40.91343561095993,-73.13252401191988,8.02064121801539,44.080858123488724
1664552642999,40.91343561095993,-73.13252401191988,8.061002022472737,44.080858123488724
1664552643999,40.91343561095993,-73.13252401191988,8.086118010234408,44.080858123488724
1664552644999,40.91343561095993,-73.13252401191988,8.193527210412967,44.080858123488724
1664552645999,40.91343561095993,-73.13252401191988,8.193792306813874,44.080858123488724
1664552646999,40.91343561095993,-73.13252401191988,8.276507709933135,44.080858123488724
1664552648000,40.91343561095993,-73.13252401191988,8.26623525781492,44.080858123488724
1664552649000,40.91343561095993,-73.13252401191988,8.29658118883519,44.080858123488724
1664552650000,40.91343561095993,-73.13252401191988,8.317754516538187,44.080858123488724
1664552651000,40.91343561095993,-73.13252401191988,8.376066963753594,44.080858123488724
1664552652000,40.91343561095993,-73.13252401191988,8.410228554633953,44.080858123488724
1664552653000,40.91343561095993,-73.13252401191988,8.436453656568466,44.080858123488724
1664552654000,40.91343561095993,-73.13252401191988,8.463378803784504,44.080858123488724
1664552655000,40.91343561095993,-73.13252401191988,8.536958308570691,44.080858123488724
1664552656000,40.91343561095993,-73.13252401191988,8.550963529970803,44.080858123488724
1664552657000,40.91343561095993,-73.13252401191988,8.55384962162621,44.080858123488724
1664552658000,40.91343561095993,-73.13252401191988,8.628606697946697,44.080858123488724
1664552659000,40.91343561095993,-73.13252401191988,8.676340874566257,44.080858123488724
1664552660000,40.91343561095993,-73.13252401191988,8.822393234359668,44.080858123488724
1664552661000,40.91343561095993,-73.13252401191988,8.76011212942614,44.080858123488724
1664552662000,40.91343561095993,-73.13252401191988,8.789108542547586,44.080858123488724
1664552663000,40.91343561095993,-73.13252401191988,8.89117434600299,44.080858123488724
1664552664000,40.91343561095993,-73.13252401191988,8.964067396022655,44.080858123488724
1664552665000,40.91343561095993,-73.13252401191988,8.968536400305194,44.080858123488724
1664552666000,40.91343561095993,-73.13252401191988,8.993960018674395,44.080858123488724
1664552667000,40.91343561095993,-73.13252401191988,9.038523185956777,44.080858123488724
1664552668000,40.91343561095993,-73.13252401191988,9.063690239233667,44.080858123488724
1664552669000,40.91343561095993,-73.13252401191988,9.077352973704636,44.080858123488724
1664552670000,40.91343561095993,-73.13252401191988,9.115930345104445,44.080858123488724
1664552671000,40.91343561095993,-73.13252401191988,9.123534734620295,44.080858123488724
1664552672000,40.91343561095993,-73.13252401191988,9.163853856281728,44.080858123488724
1664552673000,40.91343561095993,-73.13252401191988,9.166576028511999,44.080858123488724
1664552674001,40.91343561095993,-73.13252401191988,9.171283082315556,44.080858123488724
1664552675001,40.91343561095993,-73.13252401191988,9.208241062646563,44.080858123488724
1664552676001,40.91343561095993,-73.13252401191988,9.22665198421627,44.080858123488724
1664552677001,40.91343561095993,-73.13252401191988,9.29743472437721,44.080858123488724
1664552678001,40.91343561095993,-73.13252401191988,9.419754487277629,44.080858123488724
1664552679001,40.91343561095993,-73.13252401191988,9.359776979642344,44.080858123488724
1664552680001,40.91343561095993,-73.13252401191988,9.374543343264948,44.080858123488724
1664552681001,40.91343561095993,-73.13252401191988,9.45942157568924,44.080858123488724
1664552682001,40.91343561095993,-73.13252401191988,9.503244488548162,44.080858123488724
1664552683001,40.91343561095993,-73.13252401191988,9.470522351133033,44.080858123488724
1664552684001,40.91343561095993,-73.13252401191988,9.510799257916752,44.080858123488724
1664552685001,40.91343561095993,-73.13252401191988,9.509455107773253,44.080858123488724
1664552686001,40.91343561095993,-73.13252401191988,9.507201161520927,44.080858123488724
1664552687001,40.91343561095993,-73.13252401191988,9.499414727218978,44.080858123488724
1664552688001,40.91343561095993,-73.13252401191988,9.535543036440426,44.080858123488724
1664552689001,40.91343561095993,-73.13252401191988,9.528830312545523,44.080858123488724
1664552690001,40.91343561095993,-73.13252401191988,9.51563564528852,44.080858123488724
1664552691001,40.91343561095993,-73.13252401191988,9.5003151058821,44.080858123488724
1664552692001,40.91343561095993,-73.13252401191988,9.47489497912615,44.080858123488724
1664552693001,40.91343561095993,-73.13252401191988,9.45145124023452,44.080858123488724
1664552694001,40.91343561095993,-73.13252401191988,9.427681979806081,44.080858123488724
1664552695001,40.91343561095993,-73.13252401191988,9.48011704062722,44.080858123488724
1664552696001,40.91343561095993,-73.13252401191988,9.438386701737823,44.080858123488724
1664552697001,40.91343561095993,-73.13252401191988,9.455989916994643,44.080858123488724
1664552698001,40.91343561095993,-73.13252401191988,9.440701401255335,44.080858123488724
1664552699001,40.91343561095993,-73.13252401191988,9.360356731027307,44.080858123488724
1664552700001,40.91343561095993,-73.13252401191988,9.333435371454506,44.080858123488724
1664552701001,40.91343561095993,-73.13252401191988,9.335357463078182,44.080858123488724
1664552702001,40.91343561095993,-73.13252401191988,9.379525669888752,44.080858123488724
1664552703001,40.91343561095993,-73.13252401191988,9.384875217850851,44.080858123488724
1664552704001,40.91343561095993,-73.13252401191988,9.438232800162181,44.080858123488724
1664552705001,40.91343561095993,-73.13252401191988,9.488983175759781,44.080858123488724
1664552706002,40.91343561095993,-73.13252401191988,9.515491174686087,44.080858123488724
1664552707002,40.91343561095993,-73.13252401191988,9.522591842079056,44.080858123488724
1664552708002,40.91343561095993,-73.13252401191988,9.568735612441204,44.080858123488724
1664552709002,40.91343561095993,-73.13252401191988,9.679353152449067,44.080858123488724
1664552710002,40.91343561095993,-73.13252401191988,9.757154611410966,44.080858123488724
1664552711002,40.91343561095993,-73.13252401191988,9.759959474067395,44.080858123488724
1664552712002,40.91343561095993,-73.13252401191988,9.78066629617428,44.080858123488724
1664552713002,40.91343561095993,-73.13252401191988,9.82498944298157,44.080858123488724
1664552714002,40.91343561095993,-73.13252401191988,9.868359746687036,44.080858123488724
1664552715002,40.91343561095993,-73.13252401191988,9.842004670365123,44.080858123488724
1664552716002,40.91343561095993,-73.13252401191988,9.877110366492118,44.080858123488724
1664552717002,40.91343561095993,-73.13252401191988,9.860119686708885,44.080858123488724
1664552718002,40.91343561095993,-73.13252401191988,9.835541548050063,44.080858123488724
1664552719002,40.91343561095993,-73.13252401191988,9.726700624064907,44.080858123488724
1664552720002,40.91343561095993,-73.13252401191988,9.681197217611505,44.080858123488724
1664552721002,40.91343561095993,-73.13252401191988,9.634916576334634,44.080858123488724
1664552722002,40.91343561095993,-73.13252401191988,9.591676841283709,44.080858123488724
1664552723002,40.91343561095993,-73.13252401191988,9.601622780619529,44.080858123488724
1664552724002,40.91343561095993,-73.13252401191988,9.555710251243335,44.080858123488724
1664552725002,40.91343561095993,-73.13252401191988,9.574351432190888,44.080858123488724
1664552726002,40.91343561095993,-73.13252401191988,9.586549919905428,44.080858123488724
1664552727002,40.91343561095993,-73.13252401191988,9.54641882496157,44.080858123488724
1664552728002,40.91343561095993,-73.13252401191988,9.564588285313961,44.080858123488724
1664552729002,40.91343561095993,-73.13252401191988,9.556197846645347,44.080858123488724
1664552730002,40.91343561095993,-73.13252401191988,9.477764830853843,44.080858123488724
1664552731002,40.91343561095993,-73.13252401191988,9.47793380810808,44.080858123488724
1664552732002,40.91343561095993,-73.13252401191988,9.488120474465966,44.080858123488724
1664552733002,40.91343561095993,-73.13252401191988,9.449651197869468,44.080858123488724
1664552734002,40.91343561095993,-73.13252401191988,9.420197395079246,44.080858123488724
1664552735002,40.91343561095993,-73.13252401191988,8.558674521764893,44.080858123488724
1664552736002,40.91343561095993,-73.13252401191988,8.54247594879969,44.080858123488724
1664552737002,40.91343561095993,-73.13252401191988,8.588690161758125,44.080858123488724
1664552738002,40.91343561095993,-73.13252401191988,8.634610223729402,44.080858123488724
1664552739003,40.91343561095993,-73.13252401191988,8.68779326238185,44.080858123488724
1664552740003,40.91343561095993,-73.13252401191988,8.687468129670526,44.080858123488724
1664552741003,40.91343561095993,-73.13252401191988,8.74951238286456,44.080858123488724
1664552742003,40.91343561095993,-73.13252401191988,8.747931224391666,44.080858123488724
1664552743003,40.91343561095993,-73.13252401191988,8.795805285859753,44.080858123488724
1664552744003,40.91343561095993,-73.13252401191988,8.84608976990327,44.080858123488724
1664552745003,40.91343561095993,-73.13252401191988,8.885541893480871,44.080858123488724
1664552746998,40.91343561095993,-73.13252401191988,8.974650409215887,44.080858123488724
1664552747998,40.91343561095993,-73.13252401191988,8.981633924287442,44.080858123488724
1664552748998,40.91343561095993,-73.13252401191988,8.98565963150273,44.080858123488724
1664552749998,40.91343561095993,-73.13252401191988,8.969825368267996,44.080858123488724
1664552750998,40.91343561095993,-73.13252401191988,8.98345898882203,44.080858123488724
1664552751998,40.91343561095993,-73.13252401191988,8.946392755245888,44.080858123488724
1664552752999,40.91343561095993,-73.13252401191988,8.951485412335993,44.080858123488724
1664552753999,40.91343561095993,-73.13252401191988,8.910847564198798,44.080858123488724
1664552754999,40.91343561095993,-73.13252401191988,8.956768796152407,44.080858123488724
1664552755999,40.91343561095993,-73.13252401191988,8.988793683246193,44.080858123488724
1664552756999,40.91343561095993,-73.13252401191988,8.95040892724139,44.080858123488724
1664552758999,40.91343561095993,-73.13252401191988,8.965380785965488,44.080858123488724
1664552760999,40.91343561095993,-73.13252401191988,9.075080659895795,44.080858123488724
1664552762999,40.91343561095993,-73.13252401191988,9.049447754462692,44.080858123488724
1664552764999,40.91343561095993,-73.13252401191988,9.058141192128447,44.080858123488724
1664552765999,40.91343561095993,-73.13252401191988,9.061490396276067,44.080858123488724
1664552766999,40.91343561095993,-73.13252401191988,9.088267457820793,44.080858123488724
1664552767999,40.91343561095993,-73.13252401191988,9.148532296170318,44.080858123488724
1664552768999,40.91343561095993,-73.13252401191988,9.180413897080973,44.080858123488724
1664552769999,40.91343561095993,-73.13252401191988,9.232297131020985,44.080858123488724
1664552770999,40.91343561095993,-73.13252401191988,9.25032452496242,44.080858123488724
1664552771999,40.91343561095993,-73.13252401191988,9.271040416789463,44.080858123488724
1664552772999,40.91343561095993,-73.13252401191988,9.2886630230913,44.080858123488724
1664552773999,40.91343561095993,-73.13252401191988,9.325376232587807,44.080858123488724
1664552775000,40.91343561095993,-73.13252401191988,9.322417985078665,44.080858123488724
1664552776000,40.91343561095993,-73.13252401191988,9.447930980895386,44.080858123488724
1664552777000,40.91343561095993,-73.13252401191988,9.459768870127542,44.080858123488724
1664552778000,40.91343561095993,-73.13252401191988,9.42268270833579,44.080858123488724
1664552779000,40.91343561095993,-73.13252401191988,9.377273298324388,44.080858123488724
1664552780000,40.91343561095993,-73.13252401191988,9.366295422154018,44.080858123488724
1664552781000,40.91343561095993,-73.13252401191988,9.35305160402307,44.080858123488724
1664552782000,40.91343561095993,-73.13252401191988,9.412060941408658,44.080858123488724
1664552783000,40.91343561095993,-73.13252401191988,9.421942434968729,44.080858123488724
1664552784000,40.91343561095993,-73.13252401191988,9.454087376117922,44.080858123488724
1664552785000,40.91343561095993,-73.13252401191988,9.48380698199859,44.080858123488724
1664552786000,40.91343561095993,-73.13252401191988,9.520651737501268,44.080858123488724
1664552787000,40.91343561095993,-73.13252401191988,9.55400158751981,44.080858123488724
1664552788000,40.91343561095993,-73.13252401191988,9.608226148490065,44.080858123488724
1664552789000,40.91343561095993,-73.13252401191988,9.632573187065844,44.080858123488724
1664552790000,40.91343561095993,-73.13252401191988,9.638464083363814,44.080858123488724
1664552791000,40.91343561095993,-73.13252401191988,9.627162592490974,44.080858123488724
1664552792000,40.91343561095993,-73.13252401191988,9.643894623948873,44.080858123488724
1664552793000,40.91343561095993,-73.13252401191988,9.623231442586917,44.080858123488724
1664552794000,40.91343561095993,-73.13252401191988,9.649286884516801,44.080858123488724
1664552795000,40.91343561095993,-73.13252401191988,9.695446477400262,44.080858123488724
1664552796000,40.91343561095993,-73.13252401191988,9.682864965521006,44.080858123488724
1664552797000,40.91343561095993,-73.13252401191988,9.682818405463488,44.080858123488724
1664552798000,40.91343561095993,-73.13252401191988,9.690577988764197,44.080858123488724
1664552799000,40.91343561095993,-73.13252401191988,8.803148421588025,44.080858123488724
1664552800000,40.91343561095993,-73.13252401191988,8.83936716086767,44.080858123488724
1664552801001,40.91343561095993,-73.13252401191988,8.8855030557407,44.080858123488724
1664552802001,40.91343561095993,-73.13252401191988,8.91230876667441,44.080858123488724
1664552803001,40.91343561095993,-73.13252401191988,8.991121974760418,44.080858123488724
1664552804001,40.91343561095993,-73.13252401191988,9.010879228904985,44.080858123488724
1664552805001,40.91343561095993,-73.13252401191988,9.076475926565173,44.080858123488724
1664552806001,40.91343561095993,-73.13252401191988,9.141510450079029,44.080858123488724
1664552807001,40.91343561095993,-73.13252401191988,9.198007126884239,44.080858123488724
1664552808001,40.91343561095993,-73.13252401191988,9.254963099994297,44.080858123488724
1664552809001,40.91343561095993,-73.13252401191988,9.31526430817598,44.080858123488724
1664552810001,40.91343561095993,-73.13252401191988,9.39713642170239,44.080858123488724
1664552811001,40.91343561095993,-73.13252401191988,9.4692238176231,44.080858123488724
1664552812001,40.91343561095993,-73.13252401191988,9.510893894212913,44.080858123488724
1664552813001,40.91343561095993,-73.13252401191988,9.544738213108475,44.080858123488724
1664552814001,40.91343561095993,-73.13252401191988,9.59456316548486,44.080858123488724
1664552815001,40.91343561095993,-73.13252401191988,9.659822471222293,44.080858123488724
1664552816001,40.91343561095993,-73.13252401191988,9.799604039497392,44.080858123488724
1664552817001,40.91343561095993,-73.13252401191988,9.89439585396801,44.080858123488724
1664552818001,40.91343561095993,-73.13252401191988,9.962834179829747,44.080858123488724
1664552819001,40.91343561095993,-73.13252401191988,10.032828511119272,44.080858123488724
1664552820001,40.91343561095993,-73.13252401191988,10.015790994936102,44.080858123488724
1664552821001,40.91343561095993,-73.13252401191988,10.091480987359487,44.080858123488724
1664552822001,40.91343561095993,-73.13252401191988,10.1328023809794,44.080858123488724
1664552823001,40.91343561095993,-73.13252401191988,10.20980604743497,44.080858123488724
1664552824001,40.91343561095993,-73.13252401191988,10.265393611155146,44.080858123488724
1664552825001,40.91343561095993,-73.13252401191988,10.298908453138695,44.080858123488724
1664552826001,40.91343561095993,-73.13252401191988,10.302382193433264,44.080858123488724
1664552827001,40.91343561095993,-73.13252401191988,10.381183369723725,44.080858123488724
1664552828001,40.91343561095993,-73.13252401191988,10.431066892113293,44.080858123488724
1664552829001,40.91343561095993,-73.13252401191988,10.446422884837789,44.080858123488724
1664552830001,40.91343561095993,-73.13252401191988,10.493137789569316,44.080858123488724
1664552831001,40.91343561095993,-73.13252401191988,9.331525912042142,44.080858123488724
1664552832002,40.91343561095993,-73.13252401191988,9.425505324740836,44.080858123488724
1664552833002,40.91343561095993,-73.13252401191988,9.376788184089449,44.080858123488724
1664552834002,40.91343561095993,-73.13252401191988,9.47112428850597,44.080858123488724
1664552835002,40.91343561095993,-73.13252401191988,9.509324917182607,44.080858123488724
1664552836002,40.91343561095993,-73.13252401191988,9.548026728047846,44.080858123488724
1664552837002,40.91343561095993,-73.13252401191988,9.594322631921324,44.080858123488724
1664552838002,40.91343561095993,-73.13252401191988,9.657821149698314,44.080858123488724
1664552839002,40.91343561095993,-73.13252401191988,9.692775429248147,44.080858123488724
1664552840002,40.91343561095993,-73.13252401191988,9.745197175031583,44.080858123488724
1664552841002,40.91343561095993,-73.13252401191988,9.809525576690218,44.080858123488724
1664552842002,40.91343561095993,-73.13252401191988,9.823108572778825,44.080858123488724
1664552843002,40.91343561095993,-73.13252401191988,9.881229115232445,44.080858123488724
1664552844002,40.91343561095993,-73.13252401191988,9.978967112933317,44.080858123488724
1664552845002,40.91343561095993,-73.13252401191988,10.045054365777187,44.080858123488724
1664552846002,40.91343561095993,-73.13252401191988,10.111242595284738,44.080858123488724
1664552847002,40.91343561095993,-73.13252401191988,10.232195537304461,44.080858123488724
1664552848002,40.91343561095993,-73.13252401191988,10.240081004895128,44.080858123488724
1664552849002,40.91343561095993,-73.13252401191988,10.26666215927119,44.080858123488724
1664552850002,40.91343561095993,-73.13252401191988,10.30285364763998,44.080858123488724
1664552851002,40.91343561095993,-73.13252401191988,10.322528559209536,44.080858123488724
1664552852002,40.91343561095993,-73.13252401191988,10.364834394333684,44.080858123488724
1664552853002,40.91343561095993,-73.13252401191988,10.36936332518023,44.080858123488724
1664552854002,40.91343561095993,-73.13252401191988,10.41947671374305,44.080858123488724
1664552855002,40.91343561095993,-73.13252401191988,10.397412242652901,44.080858123488724
1664552856002,40.91343561095993,-73.13252401191988,10.298413022390816,44.080858123488724
1664552857002,40.91343561095993,-73.13252401191988,10.36012026297184,44.080858123488724
1664552858002,40.91343561095993,-73.13252401191988,10.326519863945036,44.080858123488724
1664552859002,40.91343561095993,-73.13252401191988,10.360896032378559,44.080858123488724
1664552860002,40.91343561095993,-73.13252401191988,10.344471276575907,44.080858123488724
1664552861002,40.91343561095993,-73.13252401191988,10.354178819655381,44.080858123488724
1664552862002,40.91343561095993,-73.13252401191988,9.205630067950292,44.080858123488724
1664552863002,40.91343561095993,-73.13252401191988,9.22988238481422,44.080858123488724
1664552864002,40.91343561095993,-73.13252401191988,9.293613665670172,44.080858123488724
1664552865003,40.91343561095993,-73.13252401191988,9.289658514489888,44.080858123488724
1664552866003,40.91343561095993,-73.13252401191988,9.36482335731433,44.080858123488724
1664552867003,40.91343561095993,-73.13252401191988,9.359936489376702,44.080858123488724
1664552868003,40.91343561095993,-73.13252401191988,9.407405628189933,44.080858123488724
1664552869003,40.91343561095993,-73.13252401191988,9.439948268794272,44.080858123488724
1664552870003,40.91343561095993,-73.13252401191988,9.536306507213672,44.080858123488724
1664552871003,40.91343561095993,-73.13252401191988,9.55129453584774,44.080858123488724
1664552872998,40.91343561095993,-73.13252401191988,9.570409656279834,44.080858123488724
1664552873998,40.91343561095993,-73.13252401191988,9.644458753902414,44.080858123488724
1664552874998,40.91343561095993,-73.13252401191988,9.63003932819636,44.080858123488724
1664552875998,40.91343561095993,-73.13252401191988,9.668755977633152,44.080858123488724
1664552876998,40.91343561095993,-73.13252401191988,9.682362501072717,44.080858123488724
1664552877998,40.91343561095993,-73.13252401191988,9.724342761711059,44.080858123488724
1664552878998,40.91343561095993,-73.13252401191988,9.746640538393757,44.080858123488724
1664552879998,40.91343561095993,-73.13252401191988,9.710959862340225,44.080858123488724
1664552880999,40.91343561095993,-73.13252401191988,9.69204539941723,44.080858123488724
1664552881999,40.91343561095993,-73.13252401191988,9.747474506454502,44.080858123488724
1664552882999,40.91343561095993,-73.13252401191988,9.75058840404908,44.080858123488724
1664552884999,40.91343561095993,-73.13252401191988,9.751787725178472,44.080858123488724
1664552886999,40.91343561095993,-73.13252401191988,9.738210823598846,44.080858123488724
1664552888999,40.91343561095993,-73.13252401191988,9.704115234186716,44.080858123488724
1664552890999,40.91343561095993,-73.13252401191988,9.717949242762653,44.080858123488724
1664552891999,40.91343561095993,-73.13252401191988,9.744282928463562,44.080858123488724
1664552892999,40.91343561095993,-73.13252401191988,9.74840167518159,44.080858123488724
1664552893999,40.91343561095993,-73.13252401191988,9.791569921807227,44.080858123488724
1664552894999,40.91343561095993,-73.13252401191988,8.829238787173196,44.080858123488724
1664552895999,40.91343561095993,-73.13252401191988,8.907575776398462,44.080858123488724
1664552896999,40.91343561095993,-73.13252401191988,8.937633793361906,44.080858123488724
1664552897999,40.91343561095993,-73.13252401191988,9.061493703094907,44.080858123488724
1664552898999,40.91343561095993,-73.13252401191988,9.109476406044234,44.080858123488724
1664552899999,40.91343561095993,-73.13252401191988,9.190216662006016,44.080858123488724
1664552900999,40.91343561095993,-73.13252401191988,9.25041112778641,44.080858123488724
1664552902000,40.91343561095993,-73.13252401191988,9.245752034162692,44.080858123488724
1664552903000,40.91343561095993,-73.13252401191988,9.284156734867835,44.080858123488724
1664552904000,40.91343561095993,-73.13252401191988,9.300436302443638,44.080858123488724
1664552905000,40.91343561095993,-73.13252401191988,9.298251293975246,44.080858123488724
1664552906000,40.91343561095993,-73.13252401191988,9.333081471085242,44.080858123488724
1664552907000,40.91343561095993,-73.13252401191988,9.345327825322192,44.080858123488724
1664552908000,40.91343561095993,-73.13252401191988,9.349973121508704,44.080858123488724
1664552909000,40.91343561095993,-73.13252401191988,9.35452180703655,44.080858123488724
1664552910000,40.91343561095993,-73.13252401191988,9.338033242168581,44.080858123488724
1664552911000,40.91343561095993,-73.13252401191988,9.290483113000207,44.080858123488724
1664552912000,40.91343561095993,-73.13252401191988,9.274673685376566,44.080858123488724
1664552913000,40.91343561095993,-73.13252401191988,9.237045550998355,44.080858123488724
1664552914000,40.91343561095993,-73.13252401191988,9.356547398080718,44.080858123488724
1664552915000,40.91343561095993,-73.13252401191988,9.328509298631786,44.080858123488724
1664552916000,40.91343561095993,-73.13252401191988,9.306070897606597,44.080858123488724
1664552917000,40.91343561095993,-73.13252401191988,9.267201205070187,44.080858123488724
1664552918000,40.91343561095993,-73.13252401191988,9.263672278060701,44.080858123488724
1664552919000,40.91343561095993,-73.13252401191988,9.198952018175506,44.080858123488724
1664552920000,40.91343561095993,-73.13252401191988,9.208624118910793,44.080858123488724
1664552921000,40.91343561095993,-73.13252401191988,9.144216653682884,44.080858123488724
1664552922000,40.91343561095993,-73.13252401191988,9.164520934982663,44.080858123488724
1664552923000,40.91343561095993,-73.13252401191988,9.175771213233224,44.080858123488724
1664552924000,40.91343561095993,-73.13252401191988,9.121088879740032,44.080858123488724
1664552925000,40.91343561095993,-73.13252401191988,9.13504153597065,44.080858123488724
1664552926000,40.91343561095993,-73.13252401191988,9.159617186408145,44.080858123488724
1664552927000,40.91343561095993,-73.13252401191988,8.323231144126794,44.080858123488724
1664552928001,40.91343561095993,-73.13252401191988,8.372887026432021,44.080858123488724
1664552929001,40.91343561095993,-73.13252401191988,8.395634665660728,44.080858123488724
1664552930001,40.91343561095993,-73.13252401191988,8.459310297598165,44.080858123488724
1664552931001,40.91343561095993,-73.13252401191988,8.512884899577404,44.080858123488724
1664552932001,40.91343561095993,-73.13252401191988,8.48058588694047,44.080858123488724
1664552933001,40.91343561095993,-73.13252401191988,8.47125782520712,44.080858123488724
1664552934001,40.91343561095993,-73.13252401191988,8.492790509121999,44.080858123488724
1664552935001,40.91343561095993,-73.13252401191988,8.504790471323409,44.080858123488724
1664552936001,40.91343561095993,-73.13252401191988,8.45667292298322,44.080858123488724
1664552937001,40.91343561095993,-73.13252401191988,8.504921874267987,44.080858123488724
1664552938001,40.91343561095993,-73.13252401191988,8.500048346626908,44.080858123488724
1664552939001,40.91343561095993,-73.13252401191988,8.540131021731549,44.080858123488724
1664552940001,40.91343561095993,-73.13252401191988,8.495523101219417,44.080858123488724
1664552941001,40.91343561095993,-73.13252401191988,8.508821903932125,44.080858123488724
1664552942001,40.91343561095993,-73.13252401191988,8.496663901428557,44.080858123488724
1664552943001,40.91343561095993,-73.13252401191988,8.496265640520276,44.080858123488724
1664552944001,40.91343561095993,-73.13252401191988,8.46702978246204,44.080858123488724
1664552945001,40.91343561095993,-73.13252401191988,8.455723477437173,44.080858123488724
1664552946001,40.91343561095993,-73.13252401191988,8.426278273418426,44.080858123488724
1664552947001,40.91343561095993,-73.13252401191988,8.44296526665106,44.080858123488724
1664552948001,40.91343561095993,-73.13252401191988,8.403312492843874,44.080858123488724
1664552949001,40.91343561095993,-73.13252401191988,8.51299130383101,44.080858123488724
1664552950001,40.91343561095993,-73.13252401191988,8.521608385190762,44.080858123488724
1664552951001,40.91343561095993,-73.13252401191988,8.511820663914797,44.080858123488724
1664552952001,40.91343561095993,-73.13252401191988,8.5063653134571,44.080858123488724
1664552953001,40.91343561095993,-73.13252401191988,8.466901161570572,44.080858123488724
1664552954001,40.91343561095993,-73.13252401191988,8.435337110940527,44.080858123488724
1664552955001,40.91343561095993,-73.13252401191988,8.407581468228315,44.080858123488724
1664552956001,40.91343561095993,-73.13252401191988,8.414348137387492,44.080858123488724
1664552957001,40.91343561095993,-73.13252401191988,8.41984258243837,44.080858123488724
1664552958001,40.91343561095993,-73.13252401191988,8.428585931451828,44.080858123488724
1664552959001,40.91343561095993,-73.13252401191988,7.789683050750332,44.080858123488724
1664552960002,40.91343561095993,-73.13252401191988,7.835041913109413,44.080858123488724
1664552961002,40.91343561095993,-73.13252401191988,7.908151983408423,44.080858123488724
1664552962002,40.91343561095993,-73.13252401191988,7.928942242358799,44.080858123488724
1664552963002,40.91343561095993,-73.13252401191988,7.921820249613809,44.080858123488724
1664552964002,40.91343561095993,-73.13252401191988,7.92194333621153,44.080858123488724
1664552965002,40.91343561095993,-73.13252401191988,7.949521579901322,44.080858123488724
1664552966002,40.91343561095993,-73.13252401191988,8.039317966941022,44.080858123488724
1664552967002,40.91343561095993,-73.13252401191988,7.995775231675736,44.080858123488724
1664552968002,40.91343561095993,-73.13252401191988,8.094012148244401,44.080858123488724
1664552969002,40.91343561095993,-73.13252401191988,8.10014136066543,44.080858123488724
1664552970002,40.91343561095993,-73.13252401191988,8.172973238843804,44.080858123488724
1664552971002,40.91343561095993,-73.13252401191988,8.203069503503464,44.080858123488724
1664552972002,40.91343561095993,-73.13252401191988,8.217346032823876,44.080858123488724
1664552973002,40.91343561095993,-73.13252401191988,8.293575686142061,44.080858123488724
1664552974002,40.91343561095993,-73.13252401191988,8.311384738714933,44.080858123488724
1664552975002,40.91343561095993,-73.13252401191988,8.36708965983343,44.080858123488724
1664552976002,40.91343561095993,-73.13252401191988,8.372182245110903,44.080858123488724
1664552977002,40.91343561095993,-73.13252401191988,8.403123045418472,44.080858123488724
1664552978002,40.91343561095993,-73.13252401191988,8.4386641018931,44.080858123488724
1664552979002,40.91343561095993,-73.13252401191988,8.475259026330155,44.080858123488724
1664552980002,40.91343561095993,-73.13252401191988,8.48360087738485,44.080858123488724
1664552981002,40.91343561095993,-73.13252401191988,8.518319226503472,44.080858123488724
1664552982002,40.91343561095993,-73.13252401191988,8.535881440279953,44.080858123488724
1664552983002,40.91343561095993,-73.13252401191988,8.578961644962316,44.080858123488724
1664552984002,40.91343561095993,-73.13252401191988,8.60549507052887,44.080858123488724
1664552985002,40.91343561095993,-73.13252401191988,8.655196526520166,44.080858123488724
1664552986002,40.91343561095993,-73.13252401191988,8.705474563020811,44.080858123488724
1664552987002,40.91343561095993,-73.13252401191988,8.796832029445216,44.080858123488724
1664552988002,40.91343561095993,-73.13252401191988,8.812551476863684,44.080858123488724
1664552989002,40.91343561095993,-73.13252401191988,8.851789721756669,44.080858123488724
1664552990002,40.91343561095993,-73.13252401191988,8.810456190833545,44.080858123488724
1664552991002,40.91343561095993,-73.13252401191988,8.82935302958693,44.080858123488724
1664552992002,40.91343561095993,-73.13252401191988,8.835118604405283,44.080858123488724
1664552993003,40.91343561095993,-73.13252401191988,8.829679414256082,44.080858123488724
1664552994003,40.91343561095993,-73.13252401191988,8.814807932005026,44.080858123488724
1664552995003,40.91343561095993,-73.13252401191988,8.788865744156496,44.080858123488724
1664552996003,40.91343561095993,-73.13252401191988,8.777481101521218,44.080858123488724
1664552997003,40.91343561095993,-73.13252401191988,8.763251488776795,44.080858123488724
1664552998998,40.91343561095993,-73.13252401191988,8.916307093028333,44.080858123488724
1664552999998,40.91345990422886,-73.13256875615035,9.112350331155552,44.15171143319458
1664553000998,40.91345981655498,-73.13256887942613,9.521972597444556,44.20939485728741
1664553001998,40.913459727788336,-73.1325690057102,10.622819437732279,44.291085434146225
1664553002998,40.913459642813976,-73.13256912623459,12.555064432119966,44.28210389241576
1664553003998,40.91344161714083,-73.13254451155636,12.258069661560185,44.12466284073889
1664553004999,40.91343666073113,-73.1325293700162,13.396300020225793,44.095158577896655
1664553005999,40.91343309901822,-73.13252321084458,16.985179228871953,44.03703227639198
1664553006999,40.91343277876399,-73.13252265743294,11.89442697706747,44.03280970733613
1664553008999,40.91343277876399,-73.13252265743294,11.775819346767717,44.03280970733613
1664553010999,40.91344141754119,-73.13253800799902,12.182669582419194,44.12850403878838
1664553011999,40.91344136403943,-73.1325379261153,12.273079732893258,44.06563481595367
1664553012999,40.91344136403943,-73.1325379261153,30.03521544247728,44.06563481595367
1664553014999,40.91344136403943,-73.1325379261153,33.6261154092826,44.06563481595367
1664553017029,40.91344136403943,-73.1325379261153,60.78174524928222,44.06563481595367
1664553022018,40.91343949052254,-73.13253499900071,17.03452963757057,44.120047329925
1664553022999,40.913439446787535,-73.13253494716162,20.707477745910662,43.98743109405041
1664553023999,40.913439395101015,-73.13253490063403,24.390796711800043,43.96300634928048
1664553024999,40.9134393408201,-73.13253484038779,29.94884195843023,43.98123855702579
1664553025999,40.913439296293994,-73.13253479573363,34.410374078352966,43.982015112414956
1664553027000,40.913439286249684,-73.1325347662577,37.83659693906607,44.06454005371779
1664553028000,40.9134347369938,-73.13267827958319,22.98369874192835,44.05812144931406
1664553029000,40.91342398821234,-73.13269231993475,26.05453210972938,43.90589980594814
1664553030000,40.91342166033931,-73.13270468511868,29.069715153293696,43.80122988112271
1664553031000,40.91341865510764,-73.13271650908021,32.884227890834076,43.699723723344505
1664553032000,40.91341573105927,-73.13272823427653,37.15498084210972,43.80691524408758
1664553033000,40.91341162445808,-73.13270913453249,41.88303494517689,43.69749202020466
1664553034000,40.91340875247894,-73.13271715532116,46.506857321556446,43.50384176056832
1664553035000,40.91340491384744,-73.1327279455403,53.25235260484921,43.508161273784935
1664553036000,40.91349284849808,-73.13264933979173,46.13819136433502,43.5691638533026
1664553037000,40.91350376954073,-73.13264435443668,51.003126852700454,43.51934556849301
1664553038029,40.91350997917209,-73.13264441261818,57.180887369829414,43.61451633274555
1664553039027,40.91351554526063,-73.13264448624618,63.11591840787689,43.62679981254041
1664553040027,40.91352167195928,-73.132644569605,70.03573748080385,43.550032331608236
1664553041027,40.913527380243615,-73.13264464330047,76.81516672623027,43.56196081452072
1664553042017,40.91353265974527,-73.13264468406274,83.38776653955438,43.616724230349064
1664553043019,40.913538859416974,-73.13264488612626,91.32431896659975,43.54967787396163
1664553044017,40.91354482162165,-73.13264505679075,99.26942314272489,43.67787380609661
1664553054018,40.91350807865959,-73.13263630591905,74.25080375292404,44.26797221787274
1664553055020,40.91348541893896,-73.13260516068446,68.48929061153616,44.06604755669832
1664553056030,40.9134733863697,-73.13258162666978,69.95785631068769,43.84788418933749
1664553057001,40.9135496694542,-73.13251143790839,30.31435899781256,43.94458606559783
1664553058001,40.91346696047566,-73.13255869680094,20.142396354942615,43.91610281448811
1664553059001,40.91347150291859,-73.13253708833943,17.8672791296566,43.90078246593475
1664553060001,40.913448201780305,-73.13255070842413,14.45896626353003,43.97360562067479
1664553061001,40.91342728888311,-73.13256071011119,12.28848148898263,43.99229411687702
1664553062001,40.91342070582898,-73.1325743170738,12.40625986625877,43.9788803299889
1664553063001,40.913418052072274,-73.13257411566465,13.109046130430187,43.613262127153575
1664553064001,40.91342540670376,-73.13258251135036,14.154573740845544,44.05296154227108
1664553065001,40.91345012687634,-73.13255822078182,11.699699434531757,43.89287987537682
1664553066001,40.91345853094973,-73.13256273081515,11.86293511386579,43.88343120831996
1664553067001,40.91346427596161,-73.13255093601133,14.125326825753538,44.027161351405084
1664553068001,40.91346185637328,-73.132556853828,17.50852661386052,44.01496351417154
1664553069001,40.913463195515796,-73.1325523463892,21.46994767946467,43.860158897936344
1664553070001,40.913466131831996,-73.13254942310867,26.205686201668765,43.82633318286389
1664553071029,40.91346722046594,-73.13254832156879,17.026977382535126,43.8034929074347
1664553072030,40.91346722046594,-73.13254832156879,12.087382884888772,43.8034929074347
1664553073030,40.91346722046594,-73.13254832156879,12.1565540453601,43.8034929074347
1664553081019,40.913462228370285,-73.13255369545638,15.194670533815748,44.387390995398164
1664553082001,40.913465777426104,-73.13256832734528,16.270120631530787,44.2343097422272
1664553083001,40.91344753509541,-73.13256105234484,17.008459946196098,44.25095613952726
1664553084002,40.91341233278741,-73.13260423081334,13.093651984351999,44.21412827447057
1664553085002,40.913390430952816,-73.13259968996104,10.580149591437417,44.24333240557462
1664553086002,40.91338621593077,-73.13258291332993,11.63868047862606,44.143711579963565
1664553087002,40.91337916841999,-73.1325721089554,14.354358281586356,43.99162300210446
1664553088002,40.91337916841999,-73.1325721089554,9.844604002325955,43.99162300210446
1664553089002,40.91337916841999,-73.1325721089554,9.2386035455736,43.99162300210446
1664553090002,40.91337916841999,-73.1325721089554,7.814161070559995,43.99162300210446
1664553091002,40.91337916841999,-73.1325721089554,7.2431982081803445,43.99162300210446
1664553092002,40.91337916841999,-73.1325721089554,6.673132499793872,43.99162300210446
1664553093002,40.91337916841999,-73.1325721089554,6.477913155286846,43.99162300210446
1664553094002,40.91337916841999,-73.1325721089554,6.114143867585248,43.99162300210446
1664553095002,40.91337916841999,-73.1325721089554,6.055069728780744,43.99162300210446
1664553096002,40.91337916841999,-73.1325721089554,5.805057846466364,43.99162300210446
1664553097002,40.91337916841999,-73.1325721089554,5.782759697918761,43.99162300210446
1664553098002,40.91337916841999,-73.1325721089554,5.802172178853933,43.99162300210446
1664553099002,40.91337916841999,-73.1325721089554,5.734551001524339,43.99162300210446
1664553100002,40.91337916841999,-73.1325721089554,5.600597079424349,43.99162300210446
1664553101002,40.91337916841999,-73.1325721089554,5.653536779286058,43.99162300210446
1664553102002,40.91337916841999,-73.1325721089554,5.512137777638408,43.99162300210446
1664553103002,40.91337916841999,-73.1325721089554,5.533549839081905,43.99162300210446
1664553104002,40.91337916841999,-73.1325721089554,5.4520119880817965,43.99162300210446
1664553105002,40.91337916841999,-73.1325721089554,5.460237768398261,43.99162300210446
1664553106002,40.91337916841999,-73.1325721089554,5.497485325057917,43.99162300210446
1664553107002,40.91337916841999,-73.1325721089554,5.480903015007346,43.99162300210446
1664553108002,40.91337916841999,-73.1325721089554,5.507628667427051,43.99162300210446
1664553109002,40.91337916841999,-73.1325721089554,5.517312930078084,43.99162300210446
1664553110002,40.91337916841999,-73.1325721089554,5.516308013420375,43.99162300210446
1664553111002,40.91337916841999,-73.1325721089554,5.539839429010149,43.99162300210446
1664553112002,40.91337916841999,-73.1325721089554,5.390861639251042,43.99162300210446
1664553113002,40.91337916841999,-73.1325721089554,5.4321095507555395,43.99162300210446
1664553114002,40.91345190166738,-73.13250949149983,5.462965953216808,44.022425211034715
1664553115002,40.913452805894735,-73.13251051087911,5.896861268430849,44.43973958399147
1664553116002,40.913454478572426,-73.13252867587534,6.215201498870705,44.33189124055207
1664553117003,40.91346950979256,-73.13253023889845,5.814363898638265,44.370600424706936
1664553118003,40.913460941886456,-73.13254722122214,6.414098338223225,44.53610503766686
1664553119003,40.91344758919297,-73.13256589208432,6.905222585350402,44.496707901358604
1664553120003,40.91343638893099,-73.13256825110862,7.256291922007074,44.60495303757489
1664553121003,40.913418373929055,-73.13256370287267,7.6928798538334595,44.17432875186205
1664553122003,40.91339079804407,-73.13255539536155,9.543446986356775,44.319830525666475
1664553123003,40.91337495433918,-73.13255787802642,12.16864812593854,44.56005189567804
1664553123999,40.91332793362968,-73.13263098963016,13.870810360846425,44.1283910414204
1664553124999,40.91330859381476,-73.13263538839138,17.232757082870762,44.05947575904429
1664553125999,40.91327993485413,-73.13265853163081,20.477486861863515,43.86829167697579
1664553126999,40.913353583454104,-73.132624213333,20.038398259550988,43.721691485494375
1664553127999,40.9133332842363,-73.13250547305181,14.66589998639325,43.62707510218024
1664553128999,40.91333563773374,-73.13247294338464,14.465251306171663,43.70450536441058
1664553129999,40.913362441688896,-73.13252099890255,11.361431551689284,43.929745838046074
1664553130999,40.91336341846224,-73.13249830571647,12.407108645456319,44.02190208621323
1664553131999,40.91332272624636,-73.13244678936425,11.068902013736926,44.195393823087215
1664553132999,40.91331993473464,-73.13249077202354,10.44855673169201,44.28231299482286
1664553133999,40.913358801195294,-73.13252550215589,11.207236184044081,44.00047453865409
1664553134999,40.91338302705788,-73.13255223674611,12.091067793344658,43.88677487336099
1664553135999,40.91339238006399,-73.13256437268724,13.353597061337132,44.02861351240426
1664553136999,40.913380343140695,-73.13256310067106,12.26997726003288,44.112679194658995
1664553137999,40.913388123130204,-73.13258780494814,14.732764740117815,44.05726899858564
1664553138999,40.91336934080153,-73.13264730453587,15.38920762915212,44.070697490125895
1664553139999,40.913380910848026,-73.13265681240053,18.298397005850475,43.857824463397264
1664553140999,40.91339417738324,-73.13263413271041,21.399103293290253,43.84116066992283
1664553141999,40.91339455501875,-73.13265010598172,19.28075142835957,43.85437900852412
1664553142999,40.91331520537127,-73.13263942947053,15.527715270687853,43.88431219942868
1664553143999,40.91331809035139,-73.13262646983438,16.86982949229025,43.583286406472325
1664553144999,40.913328768998596,-73.13258990260861,13.00567769730253,43.847586701624095
1664553145999,40.91332447394519,-73.13256865862739,12.44745964290215,43.938664155080914
1664553146999,40.913317948132544,-73.13254891897863,11.825365078647888,43.89156391378492
1664553148000,40.913302609584456,-73.13254704637711,10.797209179386813,43.85397709719837
1664553149000,40.91331351245121,-73.13255756919976,10.545406901226574,43.93912946805358
1664553150000,40.913309983513265,-73.13251273934073,11.404073565145339,43.94017269462347
1664553151000,40.91333521105651,-73.13253544892878,10.006130440642023,44.00044480152428
1664553152000,40.913347533602625,-73.13254026383204,11.477323293323051,44.01252185832709
1664553153000,40.91334155368177,-73.13252864093084,11.315023131011475,43.88321819715202
1664553154000,40.913309848578116,-73.13249062314519,9.640890603610158,44.05148028861731
1664553155000,40.91329396316665,-73.13250316299522,10.153903078716974,43.97825855854899
1664553156000,40.91332150252664,-73.13253372115531,8.582015937574042,43.967846096493304
1664553157000,40.91333728198573,-73.13253204872979,8.14519237165958,44.326901871711016
1664553158000,40.91334256954145,-73.1325300359925,8.415553595875227,44.1193279530853
1664553159000,40.91334301788404,-73.13252935359915,6.79251066222075,44.1025156294927
1664553160000,40.9133322859857,-73.13253469980144,6.065544914714727,44.22660721279681
1664553161000,40.913342020785144,-73.13254125614131,6.069303667598439,43.9892781348899
1664553162000,40.913342020785144,-73.13254125614131,5.981793855693403,43.9892781348899
1664553163000,40.913342020785144,-73.13254125614131,5.444797041515915,43.9892781348899
1664553164000,40.913342020785144,-73.13254125614131,5.772866820131772,43.9892781348899
1664553165000,40.91333816453093,-73.13252746074566,5.515863963330979,44.08000232093036
1664553166000,40.91333462830502,-73.13252409057395,5.654540177075103,43.850460048764944
1664553167000,40.91331596123704,-73.13254733655852,6.286680213265525,44.18419323954731
1664553168000,40.91331596123704,-73.13254733655852,5.733541155019223,44.18419323954731
1664553169000,40.91331770262605,-73.13255007263162,6.013528835311345,44.077839768491685
1664553170000,40.91332100369796,-73.13254328096583,6.452222400338006,44.010396271944046
1664553171000,40.9133316020499,-73.13251580988475,6.9979834393145595,44.085208476521075
1664553172000,40.91333614413317,-73.13251898493391,7.605632138670211,44.085438459180295
1664553173000,40.91332843855277,-73.13251365795526,7.112024219345334,44.10557936504483
1664553174000,40.91333363493949,-73.13252137829429,7.1002762880728785,44.16965336352587
1664553175000,40.913329177853385,-73.1325185958237,7.872038745931862,44.094434526748955
1664553176031,40.913335715454956,-73.1325259894854,6.690182647693395,44.126472659409046
1664553177029,40.91334069776596,-73.1325202539483,6.818823046206259,44.03699033148587
1664553178001,40.91333594860346,-73.13252717170685,7.628667995245798,44.144892944954336
1664553179001,40.91333131520494,-73.13251323001025,8.374692314723944,44.05119126196951
1664553180001,40.91333418631006,-73.13251238325446,7.616350219061649,44.04541992582381
1664553181001,40.913335773848566,-73.1325117443414,7.928302613672747,44.3696907274425
1664553182001,40.91333233549743,-73.13251005044593,8.808604791911112,44.16696779243648
1664553183001,40.913351476278514,-73.13247434034474,9.560063568965939,44.194277711212635
1664553184001,40.91334647038152,-73.13248644371234,8.472532630436874,44.312054201960564
1664553185001,40.91334647038152,-73.13248644371234,9.147639479759109,44.312054201960564
1664553186001,40.91334647038152,-73.13248644371234,10.054141696993083,44.312054201960564
1664553187001,40.91334584810595,-73.1324874572073,10.84560856476823,44.33642355259508
1664553188001,40.91335078659189,-73.13247482801196,12.867206077924353,43.95659512095153
1664553189001,40.91336272265802,-73.1324762509021,13.273054510748032,44.30888646095991
1664553190001,40.91336146163033,-73.13247959824932,16.572560597988556,44.10488543380052
1664553191001,40.91334885769507,-73.13248425373143,19.567246025724394,44.372133816592395
1664553192001,40.91335179097371,-73.13251206067797,11.472843221229988,44.464474806562066
1664553193001,40.91330712755413,-73.13251666390951,11.403073748697853,44.018768940120935
1664553194001,40.91336424403967,-73.13252390097894,9.023986662774314,44.31436441279948
1664553195001,40.913381561871844,-73.13254470624759,7.800021016182174,44.13071028422564
1664553196001,40.9133652311102,-73.13255965675961,6.058811724816773,44.17411798983812
1664553197001,40.913359072262004,-73.13254595489161,5.726330737681491,43.946002897806466
1664553198001,40.91335859447287,-73.13254495751708,6.059142996596244,44.03249154984951
1664553199001,40.91336519905958,-73.1325245135209,6.1628904267496205,44.14755603671074
1664553200001,40.9133693683638,-73.13252305851954,6.1604230564081846,43.93186917062849
1664553201001,40.91337136266819,-73.13252604321397,7.5167903989187,44.0823562964797
1664553202001,40.91337242848408,-73.13252240518314,9.507710399588976,44.21553429402411
1664553203001,40.913381254528524,-73.13251523419633,11.754679576688943,43.96445275191218
1664553204001,40.913343169131444,-73.13255986307237,13.586429461444563,44.11373989190906
1664553205001,40.913348405014304,-73.13261131248807,15.03888460563383,44.20388797298074
1664553206001,40.913358978020206,-73.13265847577142,14.96833157916587,44.23157135397196
1664553207001,40.913345839966745,-73.13266343510946,16.219297176670327,43.64066784456372
1664553208002,40.91333199369155,-73.13269379877545,18.822829387724635,44.00218536052853
1664553209002,40.91333293565716,-73.13270445105961,21.41659079203649,44.96091869473457
1664553210002,40.91333287929123,-73.13272030031948,24.48340607667016,43.81774180568755
1664553211002,40.91333469867044,-73.13273605378,27.70024020695741,44.09778538905084
1664553212002,40.91333325632061,-73.13274808315181,31.080586164709334,43.873623533174396
1664553213002,40.91332762485905,-73.13276920034143,20.12907944170658,43.616663756780326
1664553214002,40.91331828007982,-73.13268348501965,20.86547270708082,43.43752470612526
1664553215002,40.91331583654637,-73.13266897927276,21.47066535063895,43.58477498125285
1664553216002,40.913320494248595,-73.13266593946733,22.401477350015686,43.758232918567955
1664553217002,40.91332169088044,-73.13266644916796,23.622614248925643,43.550776394084096
1664553218002,40.91336159592132,-73.13268786899795,20.29080775806885,44.02588989119977
1664553219002,40.91330215063476,-73.13265241901078,14.265183561298853,43.62728516384959
1664553220002,40.91330007962266,-73.13262535357163,14.381762257725615,43.723825230263174
1664553221002,40.913299284510295,-73.13262797718014,12.832526644697836,43.55840591434389
1664553222002,40.91330612021904,-73.13261786194553,12.92387014740585,43.86113659199327
1664553223002,40.91331103269752,-73.13260895498887,14.174739178195765,43.6130633354187
1664553224002,40.91335037462399,-73.13255121420495,13.383620892026208,43.45773363485932
1664553225002,40.91333444529954,-73.13255316871589,12.923464520973178,43.45771453157067
1664553226002,40.91335880292263,-73.13256292143339,9.904271452787382,43.73489341977984
1664553227002,40.913339829679806,-73.1325471595281,9.242416500153283,43.76151080522686
1664553228002,40.91336497175806,-73.13254728247576,8.420443209269788,43.80951759405434
1664553229002,40.91337554288938,-73.13254820651444,7.9355072325618785,43.75640812981874
1664553230002,40.91338089473434,-73.13254960227792,8.04736700837284,43.73467480670661
1664553231002,40.91338797478934,-73.13252881722612,8.275805003959995,43.66492922697216
1664553232002,40.91338758418367,-73.1325295533953,8.478668058764844,43.673631940968335
1664553233002,40.91338758418367,-73.1325295533953,7.955763148491675,43.673631940968335
1664553234002,40.91336584522272,-73.1325011555319,8.256581062471612,43.69118553958833
1664553235002,40.91337414403188,-73.13253131751294,7.719491290489764,43.756712671369314
1664553236002,40.9133646876286,-73.1325582019869,8.52775989232593,44.01269378233701
1664553237002,40.913377120455856,-73.13255019383632,7.314334019120024,43.94751825928688
1664553238002,40.913381244263114,-73.13257225415114,6.916307871183981,44.06127314642072
1664553239002,40.91338261531346,-73.1325801076619,6.829699663455001,44.12637667823583
1664553240002,40.91338491688016,-73.1325780171252,6.656401873079391,44.07151555735618
1664553241002,40.913392485631775,-73.13257043423054,6.4757716132075505,43.9647484915331
1664553242003,40.91340198159215,-73.13255699379174,6.717456779347774,44.158693347126245
1664553243003,40.91339739016083,-73.13253956476767,7.6860147298498305,44.16858561709523
1664553244003,40.91340908021287,-73.13255276881821,7.278073425945543,44.236543387174606
1664553245003,40.91339702984182,-73.13253535928817,8.338619998739665,44.15476818010211
1664553246003,40.913385132423656,-73.13256104452653,8.362964476736233,44.215757192112505
1664553247003,40.91338240523842,-73.13256701705355,9.34441879873044,44.3061258494854
1664553248003,40.91339904343078,-73.13255623321565,9.556986713781885,44.09647946432233
1664553249003,40.91335540151778,-73.13254845324244,10.1410465791717,44.32115587498993
1664553249999,40.91333686386713,-73.13252388470036,8.679316212329947,44.13300071563572
1664553250999,40.91334627591913,-73.13253400918764,8.421148361089157,43.86950529832393
1664553251999,40.91334668051482,-73.13257474751082,8.411722909713893,44.0662234807387
1664553252999,40.91333427213018,-73.13256074179243,7.319405021174216,44.17087790183723
1664553253999,40.913320383977485,-73.13256796410528,7.640158720198006,44.108696112409234
1664553254999,40.91333444453707,-73.13255656947746,7.429200449841303,44.09620546922088
1664553255999,40.91333060217192,-73.13252522056932,8.321303317247047,44.39672855101526
1664553256999,40.91333120494417,-73.13248882224492,7.837090138680304,43.89686475135386
1664553257999,40.913340184495304,-73.13250927051361,6.7151068291572065,44.027620921842754
1664553258999,40.91336295427211,-73.13251428411863,5.5765730221237595,44.0664755133912
1664553259999,40.91336513797194,-73.13250395882237,5.48065755829917,43.40112876519561
1664553260999,40.91335963458373,-73.13251863301481,5.797529703494921,44.08386780973524
1664553261999,40.91335471160567,-73.1325349949038,6.670276870246575,42.6488602636382
1664553262999,40.91335323907486,-73.13253680414671,7.812250051731721,41.98167222272605
1664553263999,40.91335116453876,-73.13253240072936,7.609394258927964,42.529257940128446
1664553264999,40.91334596434035,-73.13252464548957,8.531719048692505,42.77056616451591
1664553265999,40.91334142705483,-73.13252629263104,9.996962463039475,43.433365466073155
1664553266999,40.91328003151722,-73.13245816776598,8.545178842901818,42.850641150958836
1664553267999,40.91330642451709,-73.1324340253458,5.521451447058265,42.824691894464195
1664553268999,40.9133149454844,-73.13241299871105,5.025208522272935,43.01165642775595
1664553269999,40.913307718437174,-73.13240340372504,4.930749910151511,43.357348220422864
1664553270999,40.91329368843972,-73.13237777502863,4.882344988774131,43.44945825729519
1664553271999,40.913289958845674,-73.13238372573083,4.838485002746579,44.33206720277667
1664553272999,40.91328977934816,-73.13237099813932,4.83146901733224,44.19731415808201
1664553273999,40.913295777522144,-73.1323729758932,4.813851408911772,43.84517547022551
1664553275000,40.91330020795162,-73.13235974937628,4.807918284799409,44.341973069123924
1664553276000,40.91330701042649,-73.13235362289835,4.794003768295585,44.11970057245344
1664553277000,40.91331478474647,-73.13234442256825,4.786345331201244,44.321341559290886
1664553278000,40.913331206554616,-73.13232660080033,4.777801444515137,44.19841630011797
1664553279000,40.91333893680137,-73.13231385591105,4.780537017316352,44.22911163792014
1664553280000,40.91332054893562,-73.1323065970649,4.7653634195844035,44.63473176304251
1664553281000,40.913311477026106,-73.13230333488586,4.764728582424656,44.40648576337844
1664553282000,40.91330698913399,-73.13230793604046,4.763093812712533,44.65582597348839
1664553283000,40.91331153697703,-73.13231003829655,4.761131671450604,44.78468873910606
1664553284000,40.91330323491112,-73.13230722910309,4.753074263593506,45.001715475693345
1664553285000,40.91330225461335,-73.13231967920916,4.755773511314356,45.13514619600028
1664553286000,40.913297666949724,-73.1323262769694,4.751422251162452,45.44346124958247
1664553287000,40.913295770718825,-73.13232738495665,4.748887061644796,45.16115455236286
1664553288000,40.913295814482865,-73.13233101183998,4.7509502505441175,45.36540700029582
1664553289000,40.91329616539063,-73.13233368584076,4.751445010301487,45.25615317095071
1664553290000,40.91329488159195,-73.132333743964,4.752101463846593,45.60758379753679
1664553291000,40.913297287778455,-73.13233673030066,4.749197504988149,45.32705870643258
1664553292000,40.913295066081155,-73.13233756656412,4.7467531823570965,45.43272074125707
1664553293000,40.913293042069085,-73.13233810584178,4.749382581091779,45.42137383762747
1664553294000,40.913289232940535,-73.13233613951635,4.751824959449582,45.40143368765712
1664553295000,40.91328432939719,-73.13233838857867,4.751471322483555,45.748234214261174
1664553296000,40.913285868988176,-73.13233516350505,4.7548496786745025,45.70190342050046
1664553297000,40.91328458317392,-73.13232952912935,4.763025944857346,45.28372802492231
1664553298000,40.91328305991708,-73.13233326701642,4.777703914380597,45.10478990152478
1664553299000,40.91328061338721,-73.13233322423682,4.795774041393761,44.83922280278057
1664553300000,40.91328019940545,-73.13233312370593,4.79439653522214,44.83698085974902
1664553301000,40.913289230978165,-73.13233870409636,4.788530050425242,44.689942508004606
1664553302000,40.913299087987234,-73.1323455740931,4.817127544190198,44.77899525035173
1664553303001,40.913294961563295,-73.13234273896501,4.904217018663546,44.76717287488282
1664553304001,40.9132858378025,-73.13233837775253,4.983061489854738,44.583507728762925
1664553305001,40.91328021104484,-73.13233952663975,5.047187544088891,44.92242477554828
1664553306001,40.913274615619905,-73.13232119368661,5.00842185558136,44.63460887782276
1664553307001,40.913289903679384,-73.13232853969308,4.942325521781487,44.85999554768205
1664553308001,40.91328363707609,-73.13232103680721,4.915387946436498,44.66300688497722
1664553309001,40.9132791754675,-73.13231595216283,4.881339893878424,44.73132819775492
1664553310001,40.9132837618654,-73.13231487677328,4.848969685150569,44.918882376514375
1664553311001,40.913294884087044,-73.13232575342008,4.89003107628,44.779767573811114
1664553312001,40.91330033422731,-73.13232922004526,4.934042402581172,44.656593937426805
1664553313001,40.91330263657197,-73.13232541070543,5.025294399287613,44.380761618725955
1664553314001,40.913310147964324,-73.13233109530584,4.981673838064158,44.569854381494224
1664553315001,40.91331754743443,-73.13233983499543,4.929927851567977,44.72083089593798
1664553316001,40.91331514752745,-73.13235277727263,4.891516016318574,44.709340455941856
1664553317001,40.91331315405266,-73.13235034178277,4.861464036701071,44.84409255441278
1664553318001,40.91330660643811,-73.13234791848916,4.859828154864221,44.727166580967605
1664553319001,40.913299015200415,-73.13234830875156,4.8633693126799855,44.652973339892924
1664553320001,40.91329889212548,-73.13234832388082,4.865569617241952,44.73062003683299
1664553321001,40.91330101429466,-73.13235020344868,4.857836418693529,44.757764228619635
1664553322001,40.91330070457768,-73.13234876862278,4.855165761522721,44.92330829706043
1664553323001,40.913295860109436,-73.13234561976053,4.872846633328107,44.942832889035344
1664553324001,40.91329301990864,-73.13234435101194,4.897979795756302,44.91116102784872
1664553325001,40.91328063501821,-73.13233560972495,4.8921926428444555,44.91368064470589
1664553326001,40.91328188334423,-73.13233616962496,4.920927841213324,44.73261402826756
1664553327001,40.913282950466176,-73.13234042070056,4.910771519667502,44.62724804598838
1664553328001,40.913290576430946,-73.13234088867365,4.899275416856166,44.91641531139612
1664553329001,40.91329704084104,-73.13234452832819,4.886760561406101,44.91315331682563
1664553330001,40.91329676071248,-73.13233237403902,4.894703971355883,44.99830723088235
1664553331001,40.91330346215437,-73.13234137091034,4.90286395248745,45.08290739823133
1664553332001,40.91330654077121,-73.13233873128867,4.921349703584127,45.215252006426454
1664553333001,40.91331369027151,-73.13233708249521,4.9481859123693335,45.05729286186397
1664553334001,40.9133085649412,-73.13233675057039,4.925270993390787,45.1582917869091
1664553335001,40.91330284524989,-73.1323343367697,4.908403248400527,44.935550881549716
1664553336002,40.91329596181222,-73.13232750148975,4.904829894330126,44.92642733827233
1664553337002,40.913300644390866,-73.1323281217322,4.8725550630322685,44.875860466621816
1664553338002,40.91330895701664,-73.1323287931056,4.887879417385492,44.64085492864251
1664553339002,40.91331821337728,-73.13232905424857,4.892628098641453,44.65079686045647
1664553340002,40.91331444893587,-73.13233529719884,4.8811163835696005,44.55816785432398
1664553341002,40.91332065569554,-73.1323407925864,4.920281464285891,44.746574520133436
1664553342002,40.91331887505606,-73.13234431723797,5.014049546079545,44.41999674402177
1664553343002,40.913339580171325,-73.13234965368444,5.104598477365384,44.65487021300942
1664553344002,40.913344305395924,-73.13234320289611,5.051504704128168,44.687050302512944
1664553345002,40.913344305395924,-73.13234320289611,5.000920255282888,44.687050302512944
1664553346002,40.91335360829655,-73.1323337014273,5.003104911676982,44.86285593640059
1664553347002,40.91336245202767,-73.13234038227091,4.978219773023186,45.051622348837554
1664553348002,40.913366397600704,-73.13233848859501,4.9930724401717175,44.88894219696522
1664553349002,40.91336884339524,-73.13233704712523,4.956065664037827,44.70916656497866
1664553350002,40.913373791343666,-73.13233932856807,4.919319558187697,44.62592819798738
1664553351002,40.9133525832532,-73.13233131681895,4.916817489745933,44.631869019940495
1664553352002,40.91333368225738,-73.1323270124759,4.924105926444132,44.44549280684441
1664553353002,40.9133281114,-73.13231634121591,4.9171436785613,44.42524775117636
1664553354002,40.91333421657399,-73.13233363403644,4.890310553513644,45.40103690512478
1664553355002,40.913305226887125,-73.1323710670684,4.847825788144588,44.551235291175544
1664553356002,40.91331275436798,-73.13241745971436,4.840065310151757,44.415735500864685
1664553357002,40.91331932929887,-73.13241335393892,4.834163241033762,44.3163089659065
1664553358002,40.9133210174099,-73.13241099924373,4.849662078959831,45.3580141691491
1664553359002,40.91332463981805,-73.13241494101366,4.880498589415893,45.314008138142526
1664553360002,40.913326259660614,-73.13241285996148,4.986096611423541,45.065373880788684
1664553361002,40.913327777377795,-73.13241855489278,5.282357660087434,45.08182237390429
1664553362002,40.91332949295304,-73.13242078244453,6.748313511869885,44.92801388818771
1664553363002,40.91332976542402,-73.13242180706733,9.248620634405091,44.169856829568744
1664553364002,40.91333199146844,-73.13242741283497,12.294049286056415,45.08861827943474
1664553365002,40.91333928604506,-73.13243673696753,16.03442922114983,44.91917986050248
1664553366002,40.91333485934965,-73.13245581805953,20.508532180866567,44.26963093597442
1664553367002,40.91333022955694,-73.13248219846008,24.404865581832038,44.45378382038325
1664553368002,40.91337821873057,-73.13245134529834,28.90794823678309,46.54460074007511
1664553369003,40.91341312093973,-73.13241187030525,23.49819181040702,45.69163677934557
1664553370003,40.91346653950097,-73.13234273420625,22.027410733213515,45.75506097916514
1664553371003,40.91340354836626,-73.13244937473894,17.07680245978899,45.882132845930755
1664553372003,40.91338595193693,-73.13249027613577,11.340266529782358,45.083904922008514
1664553373003,40.913362508216046,-73.13248930295528,9.663840166231632,46.19773946329951
1664553374003,40.9133378773676,-73.13243215536706,8.150865478847246,45.163368876092136
1664553375003,40.91333087577678,-73.13241418802639,8.79230545648065,45.303785976953804
1664553375998,40.91333250100306,-73.1324524338865,9.453228622572892,44.823114288039505
1664553376998,40.913326513873976,-73.13244193305043,10.712283517723009,44.5641182679683
1664553377998,40.913326414351886,-73.13243278999127,12.859041941869663,44.60930141899735
1664553378999,40.913322403061834,-73.13242264502156,15.429052370176592,44.51318457815796
1664553379999,40.91334092397957,-73.13242059494064,15.892692880100197,44.86275980621576
1664553380999,40.913357115643805,-73.13249746701932,13.016095296920742,44.91435745637864
1664553381999,40.91337252264996,-73.13250515194028,12.921055607592546,44.394167240709066
1664553382999,40.913356446259186,-73.13250840892984,14.358260071325832,44.645685059949756
1664553383999,40.91335960293824,-73.1325059047268,16.73840633878286,44.55959398020059
1664553384999,40.91339501564049,-73.1324897162785,18.745190632600288,44.50956217944622
1664553385999,40.913376333651975,-73.13250230713308,19.48860512256699,44.526164995506406
1664553386999,40.91340515933374,-73.13248221648007,19.654810651471823,44.38218728918582
1664553387999,40.9133919890242,-73.1324972082988,20.786396082584893,44.27632542792708
1664553388999,40.913395186391085,-73.13249461899666,22.123599244716154,44.13484019972384
1664553389999,40.91340905281872,-73.13252351015817,25.110877526269256,44.268598947674036
1664553390999,40.91340029712373,-73.1325047422183,28.369138969846816,44.29555930942297
1664553391999,40.91339418134135,-73.1324947626327,31.761716277618426,43.94107200950384
1664553392999,40.91339104706694,-73.13249656852642,34.20904383366155,44.04868724755943
1664553393999,40.913409114963166,-73.13252217593116,38.06261228653147,44.093615218997
1664553394999,40.913433521083846,-73.13254628284842,42.09805906397428,43.966635883785784
1664553395999,40.913459881675095,-73.13257844945134,46.38410908963196,44.228123623877764
1664553396999,40.91348915954484,-73.13260038860433,51.235887267297066,44.07016147766262
1664553397999,40.91356007878558,-73.13266166882559,54.883039630993316,43.85443329438567
1664553398999,40.91349886046809,-73.13247699319851,50.7186516380199,44.013023817911744
1664553399999,40.91338227507578,-73.13264105687455,39.44941693424112,44.476285501383245
1664553401000,40.91339260973156,-73.13255450657157,16.177036792535596,44.134857485070825
1664553402000,40.91340190554653,-73.1324814254337,14.335990704169246,44.126926923170686
1664553403000,40.91339832794449,-73.13247561214104,15.281064611346455,43.97748554684222
1664553404000,40.913364085963465,-73.13244475988182,14.831608058890065,44.222998668439686
1664553405000,40.91331768154994,-73.13245108032186,14.949446642822092,44.70554012712091
1664553406000,40.913302564818814,-73.13247689859283,12.092350533365218,43.989430421963334
1664553407000,40.91336701644425,-73.13249234499297,7.529147239734222,44.178273131139576
1664553408000,40.913349575526254,-73.1324848545865,6.479284825100846,43.73582037258893
1664553409000,40.91336098191681,-73.13250006472796,6.060700905026013,43.11418389622122
1664553410000,40.91334114772759,-73.1325125733305,5.919760032392926,43.73516369238496
1664553411000,40.913334532060254,-73.1325069477395,6.90650671411332,42.01703416928649
1664553412000,40.91332364737547,-73.1325100296901,8.702761725930396,41.71908960584551
1664553413000,40.91331466695953,-73.1325185464358,10.749603394076203,42.87602290324867
1664553414000,40.91331235818062,-73.13252574591847,13.155514542848481,42.87251807656139
1664553415000,40.91321840512859,-73.13248901226389,10.145370013096308,42.85701844841242
1664553416000,40.913264780919604,-73.13241505173478,5.832321250461453,43.15647397749126
1664553417000,40.91326659496944,-73.13234513028681,5.0411294669851126,43.59344723448157
1664553418000,40.91326606372935,-73.13234806439554,4.936106991254641,43.02895180974156
1664553419000,40.913295218154545,-73.13236596322633,4.904450615531406,43.039700587280095
1664553420000,40.91330742134243,-73.13237656491933,4.919516018144365,43.09129992779344
1664553421000,40.91330736751914,-73.13235108771337,4.851692762674729,43.24440894834697
1664553422000,40.91331298894955,-73.13231963318374,4.8287023299890235,43.87484334688634
1664553423000,40.913316777035305,-73.132279560893,4.812387771009439,44.17906918004155
1664553424000,40.91330031778111,-73.13225504714532,4.804502451591931,44.058774100616574
1664553425000,40.91328558308858,-73.13224077739311,4.794486989213758,44.3215405093506
1664553426000,40.91328140415179,-73.13226194606723,4.800586704101356,44.14182182215154
1664553427001,40.913286536538514,-73.13228278251702,4.812672216035509,44.40763752814382
1664553428001,40.91328060683548,-73.1322940115039,4.850874921766949,44.32019770331681
1664553429001,40.91329098624899,-73.13230450432378,4.878526979943517,44.60973499994725
1664553430001,40.91329860627551,-73.13229798949926,4.992555816233932,44.46792361792177
1664553431001,40.913305921035736,-73.1323113405122,5.049148076653673,44.42124527785927
1664553432001,40.91331274098793,-73.13229936170981,5.090680210521229,44.37967283278704
1664553433001,40.91331679742852,-73.1323042834934,5.251553950718081,44.2526826011017
1664553434001,40.91332677488314,-73.13231608427847,5.262424620651302,44.374798284843564
1664553435001,40.913312952947656,-73.1323060869295,5.314224393384853,44.420312660746276
1664553436001,40.913331185020034,-73.13231316046836,5.332547881555885,44.31785871554166
1664553437001,40.91335057631933,-73.1323346720661,5.311490680857278,44.20017942041159
1664553438001,40.913346965176615,-73.13232687020273,5.224558747892495,44.37248924281448
1664553439001,40.91335043657158,-73.13232717973122,5.157924130942493,44.41751051135361
1664553440001,40.9133573924703,-73.13232936225008,5.178000858396946,44.25095167942345
1664553441001,40.91336143855637,-73.13233174689164,5.2869154175264175,44.22077451366931
1664553442001,40.91334695271145,-73.13233131615023,5.499463389822914,44.2818613704294
1664553443001,40.9133242348249,-73.13230101219297,5.540042412933716,44.358497904613614
1664553444001,40.91329390648407,-73.13227722864976,5.174128752612004,44.15567144844681
1664553445001,40.91325515717344,-73.13225760124752,5.044858917584694,44.068452200852334
1664553446001,40.913256152351074,-73.13225774275273,4.966871872683035,44.08674732875079
1664553447001,40.913242524426074,-73.13226463509815,4.945360689092078,44.10452067665756
1664553448001,40.913240646096106,-73.13226726693865,4.928315813593355,44.07248922716826
1664553449001,40.91323152368736,-73.13226142991088,4.941277969613318,44.01091527193785
1664553450001,40.913231072270385,-73.13226122262637,4.909495591622027,43.97152135986835
1664553451001,40.9132182871474,-73.13225622023923,4.944662968082196,44.11804339662194
1664553452001,40.913209039914854,-73.13224752729516,4.994713752376211,44.210957447998226
1664553453001,40.913209039914854,-73.13224752729516,4.911925079368646,44.210957447998226
1664553454001,40.913209039914854,-73.13224752729516,4.900250122442639,44.210957447998226
1664553455001,40.91321085187052,-73.13225527788038,4.899718505011611,43.992480086162686
1664553456001,40.91321086940435,-73.13226024186677,4.925396042935934,44.16023791395128
1664553457001,40.9132018315186,-73.13225890812797,4.937185394381856,44.23968306463212
1664553458001,40.913199384236364,-73.13225504324895,4.936661353140219,44.138853249140084
1664553459002,40.91320208473866,-73.13225672805572,4.884752982673117,44.0521807577461
1664553460002,40.91320208473866,-73.13225672805572,4.889930994242285,44.0521807577461
1664553461002,40.91320208473866,-73.13225672805572,4.985457837239768,44.0521807577461
1664553462002,40.91320417231831,-73.13225845762759,5.123945560750183,44.085630987770855
1664553463002,40.91320678929782,-73.13226905492972,5.065457868312169,44.00241561140865
1664553464002,40.91320623178416,-73.13226352866774,5.241938125033662,44.02242812048644
1664553465002,40.91320623178416,-73.13226352866774,4.998417296807318,44.02242812048644
1664553466002,40.91320623178416,-73.13226352866774,4.966462182369097,44.02242812048644
1664553467002,40.91320623178416,-73.13226352866774,4.954928167169049,44.02242812048644
1664553468002,40.91320581238566,-73.13226379615391,4.943284953819489,44.291641685180366
1664553469002,40.9131994392771,-73.1322445572188,4.937839788945218,44.211594799533486
1664553470002,40.9132075704373,-73.13224176990889,4.920414103051347,44.30169687140733
1664553471002,40.91321147032954,-73.13223320872753,4.909829750586959,44.07897332590073
1664553472002,40.91321742330051,-73.13222712054132,4.914370433062112,44.365715636871755
1664553473002,40.91321771113818,-73.13222742323099,4.900686890048612,44.13821982964873
1664553474002,40.91321771113818,-73.13222742323099,4.89071507575201,44.13821982964873
1664553475002,40.91321771113818,-73.13222742323099,4.883476022786374,44.13821982964873
1664553476002,40.91321771113818,-73.13222742323099,4.8763205835535475,44.13821982964873
1664553477002,40.91321771113818,-73.13222742323099,4.87710848623052,44.13821982964873
1664553478002,40.91322547395656,-73.1322100304615,4.875204250440325,44.13619263842702
1664553479002,40.91322547395656,-73.1322100304615,4.875248745876386,44.13619263842702
1664553480002,40.91322547395656,-73.1322100304615,4.87326005438473,44.13619263842702
1664553481002,40.91322547395656,-73.1322100304615,4.880106131556395,44.13619263842702
1664553482002,40.91322547395656,-73.1322100304615,4.876479342231334,44.13619263842702
1664553483002,40.91322547395656,-73.1322100304615,4.872499573088236,44.13619263842702
1664553484002,40.91322547395656,-73.1322100304615,4.8834780830832925,44.13619263842702
1664553485002,40.91322547395656,-73.1322100304615,4.931241791575915,44.13619263842702
1664553486002,40.91322547395656,-73.1322100304615,4.969025140370992,44.13619263842702
1664553487002,40.91322547395656,-73.1322100304615,5.034012708234941,44.13619263842702
1664553488002,40.91321578597537,-73.13222091271801,4.993576531378566,44.435729873366654
1664553489002,40.91321610054235,-73.1322229097232,5.020850343131255,44.33616947196424
1664553490002,40.91323053049468,-73.1322108109592,4.978155411539183,44.426522507332265
1664553491002,40.91323156953375,-73.13220087897794,4.9696090544969085,44.20041036512703
1664553492003,40.913232643216844,-73.13219775147455,4.97495131279365,44.37275293562561
1664553493003,40.913235768244334,-73.13219612552561,4.985490932021218,43.970274820923805
1664553494003,40.91323679491207,-73.13220880884545,4.953407920214559,43.859770411625504
1664553495003,40.913243686349716,-73.13221079838569,4.925196769580244,44.349852471612394
1664553496003,40.91324072492861,-73.13221751631704,4.963720802289702,44.25967431254685
1664553497003,40.913238866439315,-73.1322185726454,4.958629866063311,44.51819989923388
1664553498003,40.91324086416398,-73.13224009780652,4.93503606069117,43.89804438315332
1664553499003,40.91324817730347,-73.13224273316705,4.932762326012615,44.02743016835302
1664553500003,40.913253693050436,-73.13223971391888,4.90633323626035,43.970002117566764
1664553501003,40.913254176093005,-73.13224769543501,4.894261849779936,44.16285295877606
1664553501999,40.91325681653797,-73.13225308694999,4.86966836873246,44.236195059493184
1664553502999,40.91325705924773,-73.13225832427632,4.857500934275421,44.393688089214265
1664553503999,40.91325665748962,-73.13226497976207,4.852371988097398,44.09352200012654
1664553504999,40.913261138718475,-73.1322710235249,4.843568076640981,44.169214675202966
1664553505999,40.913261362883205,-73.1322772015982,4.845481113201387,44.244778256863356
1664553506999,40.913266646766736,-73.13228305168502,4.83056072388676,44.203409287147224
1664553507999,40.913269227351634,-73.13228515751969,4.822877622489629,44.333135375753045
1664553508999,40.91327198836186,-73.1322851942852,4.817376165299352,44.44866989273578
1664553509999,40.91327091065163,-73.13228645461311,4.8155456912796515,44.581216698512435
1664553510999,40.91327534973292,-73.13228992708035,4.812405412992045,44.51187671069056
1664553511999,40.91327409181142,-73.13229065517963,4.809766765760754,44.57125027105212
1664553512999,40.91327414879541,-73.13229247437017,4.8067495791063335,44.750093100592494
1664553513999,40.91327023841882,-73.13229401751339,4.802863783625247,44.67459590546787
1664553514999,40.913271459377924,-73.13229720080476,4.80262490665798,44.66848487779498
1664553515999,40.91326868482918,-73.13230002045407,4.803615011528402,44.658606867305934
1664553516999,40.913265456011715,-73.13230544953451,4.812888689118296,44.492284695617855
1664553517999,40.9132643732716,-73.13230559072181,4.818331668917849,44.36167521961033
1664553518999,40.913267015425546,-73.13230801743762,4.845408085173388,44.3395822327584
1664553519999,40.91326682099734,-73.1323114597728,4.8401192082243,44.365252528339624
1664553521000,40.91326978206473,-73.13231066788181,4.849599038928903,44.291071434505284
1664553522000,40.91327519533068,-73.1323147946507,4.8766757996199495,44.14010910037905
1664553523000,40.91327646874877,-73.13231001091313,4.93817953780985,44.53568686917424
1664553524000,40.913277319204454,-73.13231119202925,4.865490709201188,44.459905464202166
1664553525000,40.91327876045463,-73.13231296632543,4.844230116125992,44.445049699395895
1664553526000,40.91328138175225,-73.13231614124854,4.834435830669789,44.39741066470742
1664553527000,40.91327863978282,-73.13231522161372,4.827655552080985,44.444055755622685
1664553528000,40.913282766886674,-73.13231767090683,4.830586126935619,44.447619292885065
1664553529000,40.91328714541087,-73.13231277827937,4.829446794431563,44.503843907266855
1664553530000,40.91329220138241,-73.13231115718905,4.82521424171165,44.5315372729674
1664553531000,40.91329053041878,-73.13231253942614,4.83219665131823,44.44941700156778
1664553532000,40.913292642615176,-73.13231397933791,4.823125825936582,44.312053005211055
1664553533000,40.9132929918142,-73.13231240090357,4.815398041980417,44.361041286960244
1664553534000,40.913294665756005,-73.13231117942108,4.8110629558073965,44.42152625601739
1664553535000,40.913296142468724,-73.13230617480077,4.8056215700533125,44.38634452596307
1664553536000,40.91329414199507,-73.13230140455764,4.802230687552271,44.50314422417432
1664553537000,40.913289680979574,-73.13229818050529,4.7955864895137275,44.54534946195781
1664553538000,40.913288572450845,-73.13229862986948,4.791028393315077,44.60184743069112
1664553539000,40.91328452401847,-73.13228816934154,4.800124389997861,44.43473652098328
1664553540000,40.91327794221309,-73.13229210888068,4.822513770478587,44.667360306717455
1664553541000,40.913277200804465,-73.13230426728856,4.8383303568193075,44.56784253194928
1664553542000,40.91328104014557,-73.13230665877073,4.841825821194223,44.43905074335635
1664553543000,40.91328369301211,-73.13230727687181,4.841034986043649,44.23940441571176
1664553544000,40.913285598524645,-73.13230677534517,4.840473218399444,44.45058209169656
1664553545000,40.91328754737583,-73.13230544433671,4.842974405333883,44.33629818726331
1664553546000,40.91329376395625,-73.13230061197271,4.839544180957491,44.34178381320089
1664553547000,40.91329505316485,-73.13230093520339,4.854943418546293,44.35212121065706
1664553548000,40.91329536470966,-73.13229835340697,4.882390031582806,44.47460104431957
1664553549000,40.913300916948565,-73.13230564466542,4.944689129943129,44.561771175824106
1664553550000,40.91330089896867,-73.13230992543805,4.864557395665381,44.35558292083442
1664553551000,40.91330374328443,-73.1323061471102,4.857691025902806,44.363990323618054
1664553552001,40.9133027577449,-73.13230601247001,4.85254628539524,44.49399687536061
1664553553001,40.91330138738013,-73.13230257471083,4.881478314644176,44.59225751645863
1664553554001,40.913307636134526,-73.13230900340135,4.8716752140386745,44.776501779444516
1664553555001,40.913294602714444,-73.13230535618113,4.844040367683699,44.375849045813084
1664553556001,40.91329467691728,-73.13231249979067,4.849238352022677,44.6180739114061
1664553557001,40.91331573243991,-73.1323131861214,4.856870578931295,44.6807668376714
1664553558001,40.913310175545234,-73.13230986429046,4.830882285067341,44.75637844391167
1664553559001,40.91331374563167,-73.13231083918168,4.843796323234739,45.08077273517847
1664553560001,40.913315263965266,-73.13232879079759,4.903419687799436,44.76316518615931
1664553561001,40.91332919356958,-73.13234566974413,4.8411532834911855,45.03949656430632
1664553562001,40.913322949622035,-73.13238358783846,4.828935672407446,45.4382372898981
1664553563001,40.913318693242275,-73.13238587953313,4.840532403363696,44.29904669430107
1664553564001,40.91331482650357,-73.13240238868885,4.848519769914351,43.867355946451426
1664553565001,40.91328225957762,-73.1324586952036,4.854707849398552,43.439322201535106
1664553566001,40.91326440454066,-73.13250276835788,4.897952278010275,43.44620106276125
1664553567001,40.913183993514785,-73.13255536076892,4.910892051918424,44.26206393819302
1664553568001,40.913127653213415,-73.13247776557273,4.943810243012111,43.85190608538687
1664553569001,40.91308133516927,-73.13239448179228,4.964848639623824,44.03246384859085
1664553570001,40.913064607741454,-73.13233124833398,4.875777464945016,44.074740142561495
1664553571001,40.9130468952787,-73.13227507685316,4.898961866298533,44.728572342544794
1664553572001,40.91301800218839,-73.13221761461678,4.974052181164221,44.38058718293905
1664553573001,40.91296706291228,-73.13216597742853,4.963730257197852,44.14662918634713
1664553574001,40.91292216278967,-73.13213912873897,4.927461948984735,44.722782304510474
1664553575001,40.91288903329608,-73.13212520534417,4.83785965020389,44.426506348885596
1664553576001,40.91285701087854,-73.132115216203,4.839933477787765,44.611155573278666
1664553577001,40.91285228270387,-73.1320633421205,4.858526697081577,44.290421024896204
1664553578001,40.91284856302944,-73.13198784779983,4.868553253462348,43.81304409261793
1664553579001,40.91284272458474,-73.13190448687958,4.825215650061995,44.21129394788295
1664553580001,40.912831546647,-73.1318454838057,4.7966331316843105,44.16040789056569
1664553581001,40.91282326473333,-73.13179172536137,4.788725264425429,44.15322898887098
1664553582001,40.91280986564796,-73.13173287202027,4.785987623585905,43.37385492119938
1664553583001,40.91281302615592,-73.13170817488711,4.782140133740328,43.32652041781694
1664553584001,40.912816470158454,-73.13163987247582,4.774339875496605,43.8820961760357
1664553585002,40.91281260553276,-73.13159791658222,4.7738492753274295,43.401546059176326
1664553586002,40.91281574154257,-73.13155118541036,4.800410540915329,43.724558227695525
1664553587002,40.912831308271464,-73.13152935464508,4.867831596553817,43.26592063717544
1664553588002,40.91291486429648,-73.13155460932802,4.806763963021133,42.85188982728869
1664553589002,40.91297186471433,-73.1315862329489,4.823949210765688,42.83173236809671
1664553590002,40.913003753292514,-73.13160582329483,4.821346615853044,44.032950847409666
1664553591002,40.91303671544142,-73.13163050349503,4.808462924490344,43.486859074793756
1664553592002,40.913078856051825,-73.13164555220182,4.794290169655435,43.82444687653333
1664553593002,40.9131289991135,-73.13167890166504,4.812146592608331,43.86326821986586
1664553594002,40.91317976013176,-73.13169859269254,4.796026387481096,43.7337613850832
1664553595002,40.91321747525109,-73.1317254388649,4.820043275750301,44.04751856345683
1664553596002,40.91327022524846,-73.13174448037718,4.819749390376007,44.458335164003074
1664553597002,40.913310794592135,-73.13175573832915,4.8324687995651905,44.34300598781556
1664553598002,40.91337542789748,-73.13171954145339,4.815462170005188,44.49359387718141
1664553599002,40.913419768953155,-73.13168493870567,4.81218610469752,45.04013809002936
1664553600002,40.913456071178025,-73.13163471344602,4.8083638869530185,45.28348556160927
1664553601002,40.913494339870624,-73.13161049183448,4.819756666999603,45.061956712044775
1664553602002,40.913541099349196,-73.1315854202151,4.814373352592075,44.55769998766482
1664553603002,40.9135686990928,-73.13155573068356,4.816502411372346,44.30904505215585
1664553604002,40.91360363959718,-73.13153526011287,4.834090257632209,44.488221507519484
1664553605002,40.91363255491578,-73.13153416567336,4.816412347146227,45.20621087402105
1664553606002,40.91364106553473,-73.13145591567061,4.8296963932924815,45.26159914303571
1664553607002,40.91364657685996,-73.13138873014077,4.836331877234079,45.017640048637986
1664553608002,40.91364033011094,-73.13133678232174,4.883748015844046,44.81006355024874
1664553609002,40.913640632660396,-73.13129642440298,4.913517491908593,44.68898218590766
1664553610002,40.91359476189082,-73.13124513325654,4.890640971493295,44.7176442919299
1664553611002,40.91357711327332,-73.13120805847927,4.974410494396611,43.29952415730804
1664553612002,40.913577084815394,-73.13116427624865,5.033553226973834,43.130972751416266
1664553613002,40.91357878766532,-73.13111632149564,5.123519102484887,43.38141009770334
1664553614002,40.91359590524114,-73.13107619485467,5.084508499908791,42.56794947851449
1664553615002,40.91359358816234,-73.13103376990348,5.049215789078791,43.34701219480485
1664553616002,40.913573271269534,-73.13097458473305,4.951067728714325,42.92340066563338
1664553617002,40.91357035832655,-73.13093161779877,4.984732205108798,43.19569099508226
1664553618002,40.91356138151641,-73.13086819287297,5.026527871337873,43.0652596084401
1664553619003,40.91356517228047,-73.13082298402522,4.905663105155467,42.7207204522565
1664553620003,40.91357062744086,-73.1307786106169,4.902943498195994,42.920152908191085
1664553621003,40.913570711845054,-73.1307265485439,4.972927112086861,43.08282276149839
1664553622003,40.91357025196916,-73.13069143714853,5.025421213514188,43.02981443237513
1664553623003,40.913581228750786,-73.1306562284126,5.129883454425649,43.32984351925552
1664553624003,40.91357319832904,-73.13062415405506,5.239107520956586,43.204634382389486
1664553625003,40.91355678134626,-73.13058787170878,5.224662253606718,43.224723322317004
1664553626003,40.9135654733568,-73.13056914419795,5.254602877632194,43.30916232429445
1664553627003,40.9135683831155,-73.13053079791986,5.076294183550608,42.920019769109786
1664553627999,40.913566843365,-73.13049367766824,5.0663239685633465,43.44044794142246
1664553629000,40.913552660427406,-73.13044478860779,5.059625067178202,44.45956464484334
1664553629999,40.91354153746396,-73.13039997136615,5.114627810087226,43.90013395994902
1664553631000,40.913507451740195,-73.13035330899312,5.12215619676452,43.692215295508504
1664553631999,40.913527518622736,-73.13030125118952,5.043046149581382,42.1652969783172
1664553633000,40.91351697712281,-73.130248515264,5.021136956960988,42.03831708896905
1664553634000,40.91351534736778,-73.13018774584052,5.004868229878513,41.46427162736654
1664553635000,40.91350930288741,-73.13012456560895,4.990769124756309,41.94337713345885
1664553635999,40.91351461157092,-73.13006221275326,4.964274014063711,41.761321616359055
1664553637000,40.91352099704975,-73.13001190860847,4.946509842074534,41.67673070728779
1664553637999,40.913515966283356,-73.12995888994197,4.936666756168343,41.75383365433663
1664553639000,40.913538219083414,-73.12991219710045,4.925314765561404,41.33835154119879
1664553639999,40.91355253244815,-73.1298733152,4.936700768734003,41.262492606416345
1664553641000,40.91354922670683,-73.12982130654439,4.950811311305328,42.07686246931553
1664553641999,40.913568141919974,-73.12978048174591,4.939178186307155,41.803266203962266
1664553643000,40.91358132225212,-73.12973776416278,4.904326084706976,41.64742855075747
1664553643999,40.91359449275883,-73.12968339337836,4.917885344839164,42.28582787513733
1664553644999,40.91360795697105,-73.12962689715759,4.934343944806278,42.18992476724088
1664553645999,40.913618783783726,-73.12957348955098,4.954181331880758,41.799937958829105
1664553646999,40.91363377648236,-73.12952106338102,4.955290240524949,41.912376346066594
1664553648000,40.913652821775116,-73.12946452514645,4.946459981432913,41.53963118977845
1664553649000,40.91367590252089,-73.12941279582463,4.93293945134612,41.65806855354458
1664553650000,40.91369463006697,-73.1293549781657,4.935228611861697,41.443079836666584
1664553651000,40.91371645116114,-73.12929765027773,4.963383230402577,41.46307128854096
1664553652000,40.91372861152298,-73.12922282987871,4.963573842731636,41.55554488673806
1664553653000,40.91375061727908,-73.1291778812134,4.936240176176466,41.69343629758805
1664553654000,40.91377670926287,-73.12912457799247,4.919856648868974,41.42239187285304
1664553655000,40.91380419865323,-73.12907214666657,4.91253128842832,41.160757289268076
1664553656000,40.9138241813334,-73.12902532016726,4.917663103320395,41.41777713317424
1664553657000,40.91384906045915,-73.1289796479786,4.936288865926298,40.771008698269725
1664553658000,40.9138824011254,-73.12892514176701,4.931072117925863,40.959348670206964
1664553659000,40.91391896670581,-73.12888567733606,4.909426017616212,41.24715173430741
1664553660000,40.913942382083846,-73.12885798102874,4.9042342905264045,40.53643424529582
1664553661000,40.91396470012057,-73.12882561473566,4.89855664294712,40.304048569872975
1664553662000,40.913980336628484,-73.12879231436516,4.870163209271249,40.3388580866158
1664553663000,40.9140094284187,-73.12877005188592,4.860313629447853,40.16056846175343
1664553664000,40.91403682268404,-73.12874416537606,4.900934810008204,40.713235524483025
1664553665000,40.91407783641795,-73.12873905977091,4.85137353377948,40.81588661018759
1664553666000,40.91412546783857,-73.12873476667943,4.840612201440123,40.515080040320754
1664553667000,40.91417496824172,-73.12872564629177,4.817038262869954,40.22923989407718
1664553668000,40.91421853365556,-73.12871579659804,4.816229565675116,40.23994071036577
1664553669000,40.91426768196898,-73.12869940889736,4.816969236292932,40.7765920991078
1664553670000,40.91431529619516,-73.12869265493867,4.8141716878319585,39.35159206204116
1664553671000,40.91436337085957,-73.12867807960906,4.81467773514812,39.33062030095607
1664553672000,40.91441524222077,-73.1286619781911,4.82210756906506,40.084499466232955
1664553673000,40.91446989938112,-73.12864402739244,4.824274430285435,38.730775175616145
1664553674000,40.91451603258818,-73.12861793314711,4.810416577396672,38.689294890500605
1664553675000,40.914567631484545,-73.12860309262466,4.811624997497354,38.81337434798479
1664553676000,40.91461736331507,-73.12859141733004,4.809543956158361,38.70662117470056
1664553677000,40.91466870783252,-73.12857160492607,4.819600434806815,38.607665493153036
1664553678000,40.91471618321328,-73.12855561824455,4.839362498466451,38.746103568933904
1664553679001,40.914768678352154,-73.12852803688435,4.8235733881873495,39.043695298954844
1664553680001,40.914811301842306,-73.12850560929142,4.823010629961995,39.10887721925974
1664553681001,40.914874195705195,-73.12847446801912,4.817800338318344,39.261364039964974
1664553682001,40.914925235904285,-73.1284522608247,4.819342164037058,39.134111103601754
1664553683001,40.91498542408348,-73.12842561244472,4.808834702360878,38.56617741193622
1664553684001,40.91503931910871,-73.12839003027548,4.809865365267772,39.25730708613992
1664553685001,40.91509045115982,-73.12835792055199,4.810592366383074,38.99156154226512
1664553686001,40.91514421086979,-73.12832799833652,4.809317887786301,38.52886358369142
1664553687001,40.915184442633226,-73.12830644758087,4.818926200189368,37.811373598873615
1664553688001,40.91524008531814,-73.12828123333225,4.8319305296087265,38.5108950259164
1664553689001,40.91530551406368,-73.1282391617759,4.811761538196828,39.01866479590535
1664553690001,40.91536314852835,-73.12820995164647,4.8031265967010945,38.441139849834144
1664553691001,40.9154262755987,-73.12819182723148,4.795544045686138,38.78661654237658
1664553692001,40.915468312913944,-73.12816289869582,4.795209655368793,38.00556657090783
1664553693001,40.915520325860186,-73.12812655273167,4.793290789853039,39.58447678387165
1664553694001,40.91558264629406,-73.12810591627319,4.790064052796059,38.509852233342826
1664553695001,40.91562976091991,-73.12807516803872,4.793888471016206,38.99333842843771
1664553696001,40.915674727449364,-73.128040784175,4.782154063861639,39.26995945814997
1664553697001,40.91572165012705,-73.12799688337715,4.788288485966567,40.12919280398637
1664553698001,40.915770217153145,-73.12795144630573,4.7959483529266755,41.79605726338923
1664553699001,40.91581261579684,-73.12790497455667,4.802105000477905,41.87411670200527
1664553700001,40.91587123835517,-73.12786169441638,4.804125834077266,40.75996131077409
1664553701001,40.91590214051179,-73.12782449006116,4.796508603172823,41.523499235510826
1664553702001,40.91594274442805,-73.12780113679958,4.801135696198101,41.28081068210304
1664553703001,40.915984956677775,-73.12777215412227,4.806108502158131,40.10339773632586
1664553704001,40.91602988530177,-73.12774204267781,4.793213684975183,39.77999945357442
1664553705001,40.91606881445899,-73.12772751740418,4.793412827906972,40.19498352520168
1664553706001,40.91610987143093,-73.12768841969526,4.78729764545952,39.98609566129744
1664553707001,40.91615278663658,-73.12765487567115,4.780990019822428,40.501336744986475
1664553708001,40.91619204956769,-73.12760448752118,4.778680519178491,39.17531633749604
1664553709001,40.916237317919,-73.12758606453066,4.777305118341032,39.47760384436697
1664553710001,40.91628342215825,-73.12755215669863,4.77562160470014,39.03816675115377
1664553711001,40.916346985971366,-73.1275361805092,4.7831580261947675,40.97013539634645
1664553712002,40.91638345451703,-73.12749853879335,4.781408333896865,40.683624075725675
1664553713002,40.916421912951016,-73.12748173686998,4.788913991632288,40.30620038229972
1664553714002,40.91646283458312,-73.12745545663375,4.7822001958731235,40.471969567239285
1664553715002,40.91650288209037,-73.12739315079538,4.784279533948198,39.8446308830753
1664553716002,40.91654692984249,-73.12734551408938,4.78396361047679,39.71331289410591
1664553717002,40.91659078966275,-73.12730153448851,4.784870160253447,39.564840180799365
1664553718002,40.916625305403855,-73.12723848305251,4.782153517809267,40.3203338123858
1664553719002,40.91665027657962,-73.12717562289339,4.801729721391808,39.04134603589773
1664553720002,40.91667769275296,-73.12713130431388,4.829561197928104,39.6532215885818
1664553721002,40.91670398889413,-73.12705829180668,4.823705361982332,39.369869395159185
1664553722002,40.91673226226385,-73.12698257752568,4.841772141157946,39.85978019610047
1664553723002,40.9167516816427,-73.1269047950774,4.852807860123174,39.12660787627101
1664553724002,40.91677136899165,-73.12683697765611,4.840585325553384,39.64875007793307
1664553725002,40.91679359194224,-73.12677101161707,4.841659672354248,39.655045591294765
1664553726002,40.91681670051935,-73.126710631913,4.840241185530494,39.66929423995316
1664553727002,40.9168359237634,-73.12664462685638,4.855052811601417,39.58762150723487
1664553728002,40.916852969610815,-73.12657838777544,4.900119192599604,39.400282403454185
1664553729002,40.91685662676371,-73.12649901328473,4.883323891664457,38.843324535526335
1664553730002,40.916873871082394,-73.12643458464683,4.895647919262709,39.20639009028673
1664553731002,40.91689362310065,-73.12637189823148,4.8920473341144515,39.579242220148444
1664553732002,40.91690885030401,-73.12629208742507,4.922737347160175,38.93717817123979
1664553733002,40.916920792416676,-73.12623437647014,4.899916050852495,39.1887037511915
1664553734002,40.91693709323094,-73.12617250530724,4.934789803866227,39.974447197280824
1664553735002,40.916945240666934,-73.12611457060082,4.989485523032658,39.46335729304701
1664553736002,40.91695564090256,-73.12605065923582,5.01794739003827,39.73965578339994
1664553737002,40.91696391984666,-73.12597889946875,4.963192159411089,39.96246800292283
1664553738002,40.91696782571172,-73.12591203593418,4.951602616481455,40.05439640581608
1664553739002,40.9169768980274,-73.12584845805719,4.935014502787127,39.90084535069764
1664553740002,40.91699838234773,-73.1257884792027,4.886899304570523,40.74108883459121
1664553741002,40.91700271836884,-73.12572675804805,4.867519231174643,40.61393102351576
1664553742002,40.91700129914744,-73.1256595841461,4.864398095111609,40.72931069508195
1664553743002,40.91699463749419,-73.12559072861683,4.864199111607996,40.126634766347706
1664553744002,40.916976354394734,-73.12552680709297,4.863581854547934,40.372238244861364
1664553745002,40.91696753678498,-73.12546335848297,4.876855609863181,41.13503853324801
1664553746003,40.91695585421716,-73.1254087786251,4.865608858430586,40.77520538493991
1664553747003,40.9169445955518,-73.12534456315564,4.837278575115387,40.90005589276552
1664553748003,40.916920997300636,-73.12527531261225,4.8312977199466145,40.93505353946239
1664553749003,40.916907953003864,-73.12521151474866,4.821605925258764,41.546471069566905
1664553750003,40.91689655703815,-73.12514192318277,4.834028975884686,41.68446199782193
1664553751003,40.91689661633344,-73.12508582011007,4.834037756079172,40.711915047839284
1664553752003,40.91689181503509,-73.12502834469274,4.828784238599918,40.5149753279984
1664553753003,40.91688491172036,-73.12497397980674,4.816623993741015,40.59128925669938
1664553753999,40.91687920732354,-73.12492365221736,4.811829798361778,40.647256480529904
1664553754999,40.91687804703972,-73.12487486787283,4.8037183544966435,41.018358833156526
1664553755999,40.91687618342798,-73.12482516706915,4.810605716568994,41.09615061245859
1664553757000,40.916870242156435,-73.1247690409833,4.8226613889940975,41.262931880541146
1664553757999,40.916868338627715,-73.12472012305625,4.81289200546048,41.180911912582815
1664553759000,40.91686885372569,-73.12466461938723,4.8142334586638444,41.29701430350542
1664553759999,40.916860478507544,-73.12460702224479,4.82551389218761,41.01094324700534
1664553761000,40.91686397081776,-73.1245502710984,4.854871394776871,41.76473321765661
1664553761999,40.91688199817482,-73.12450291040314,4.87841146841648,41.502117487601936
1664553763000,40.91688233336382,-73.12445493123148,4.864921248749187,41.64459046535194
1664553763999,40.91687572490014,-73.12441794919687,4.855794909789441,41.270163567736745
1664553765000,40.916878631358834,-73.12437053825698,4.88456177121414,41.83445948176086
1664553765999,40.91689345411165,-73.12431986114194,4.890228066295572,42.38565858826041
1664553767000,40.91689501344393,-73.12426288988271,4.890113140134979,41.7216648356989
1664553767999,40.91689647295268,-73.12421046510016,4.880482497547157,41.360978786833584
1664553769000,40.916880434114475,-73.12415390489652,4.879384828577643,41.649813207797706
1664553769999,40.91688985375813,-73.12410210714954,4.897066562818884,42.30515961162746
1664553771000,40.91689529523407,-73.12404790257736,4.878333275493584,41.831684129312634
1664553771999,40.91689032169942,-73.1240064838592,4.887175045626834,41.56211286410689
1664553773000,40.916896914442844,-73.12395716089415,4.908559066475199,41.39165225997567
1664553774000,40.91691317927109,-73.12393145868202,4.935630175789969,41.2619314128533
1664553775000,40.91695787061162,-73.1239307268966,4.931980526703438,40.82905186433345
1664553776000,40.916991391208676,-73.12392633766768,4.899263595089352,41.058901933953166
1664553777000,40.91702613036216,-73.12392215535132,4.883173328193772,41.42198795918375
1664553778000,40.91705819872661,-73.12391649969983,4.867317874966163,41.065823735669255
1664553779000,40.917087574532005,-73.12390105151965,4.85448385217691,41.041553729213774
1664553780000,40.917113713821244,-73.12388820715097,4.856274737849735,40.40267090220004
1664553781000,40.91713778213209,-73.12389566098626,4.850543769531445,40.222768479026854
1664553782000,40.91715574224969,-73.12390174688055,4.837295997206954,39.93579347152263
1664553783000,40.917149249951265,-73.12392266699291,4.818122068389261,40.01357123069465
1664553784000,40.91714967208926,-73.12392430244172,4.812492600231027,39.29011125024408
1664553785000,40.917147882563675,-73.12392779341972,4.803902050579036,39.82111883815378
1664553786000,40.91714610593732,-73.12392564609678,4.795996446188066,39.532431760802865
1664553787000,40.91714575787565,-73.12391846130373,4.808917298321954,39.7503221295774
1664553788000,40.91714709757947,-73.12391336652246,4.7936456222717405,39.6748479437083
1664553789000,40.917147567057185,-73.12391774665596,4.811850157728851,39.83191623259336
1664553790000,40.91714988267731,-73.12391284286565,4.816561887756539,39.09452259540558
1664553791000,40.91715251227604,-73.12391069558488,4.799748020884655,39.11250598821789
1664553792000,40.91715332415348,-73.12390904397762,4.793672433142329,39.579808508977294
1664553793000,40.91715610131413,-73.12390622497247,4.797128888952795,39.72859638463706
1664553794000,40.91717921249958,-73.12390309111214,4.816860921044709,40.498884924687445
1664553795000,40.91720387825488,-73.12390124618366,4.794175958217782,40.42248507402837
1664553796000,40.917205688000294,-73.12390636923554,4.804677372959012,40.70512629020959
1664553797000,40.917178962546664,-73.1238996401839,4.810891888882735,40.87223246879876
1664553798000,40.91717069256202,-73.12389893136479,4.798158301615781,40.755129212513566
1664553799000,40.91716985804032,-73.12389509711821,4.802208079104467,40.44285134226084
1664553800000,40.91716764164601,-73.12389354341266,4.820484970822206,40.53404448926449
1664553801000,40.91716333856901,-73.12388587362689,4.824530900298502,39.78852447774261
1664553802000,40.91715875660539,-73.1238950022656,4.812175218250586,39.07338286470622
1664553803000,40.91712684810465,-73.12389150038524,4.802990881608947,39.23278837557882
1664553804000,40.917101288874456,-73.12387309102968,4.7936164050002,39.45523516833782
1664553805001,40.91708689354116,-73.12386751287654,4.794619731669687,39.80211240146309
1664553806001,40.91708159872467,-73.1238604398406,4.792743098390886,39.956207945011556
1664553807001,40.91706651842045,-73.12384306375972,4.828693294779176,40.086404809728265
1664553808001,40.91704434136092,-73.12384695467534,4.827759719144101,39.67768383491784
1664553809001,40.91702122492992,-73.12383514321976,4.802688617881455,39.798438797704875
1664553810001,40.91698954764981,-73.12384718321508,4.814847296427384,40.99785809684545
1664553811001,40.916982597230486,-73.12384977433796,4.843921157783417,40.798420635052025
1664553812001,40.916993996656196,-73.1238713023758,4.8325579837526975,40.12469161860645
1664553813001,40.91699567811707,-73.12387330374384,4.830025843624106,40.14596847817302
1664553814001,40.916990344779016,-73.12386975509577,4.8473345169028335,40.92653167434037
1664553815001,40.91698726326702,-73.12386841376616,4.945176133327971,40.63613207265735
1664553816001,40.916990320828745,-73.1238677386366,5.079416960198417,40.28891784604639
1664553817001,40.9169899086231,-73.1238704889851,5.627630132496607,40.575110364705324
1664553818001,40.91698366768496,-73.12386982889285,6.657007701751228,41.04390456806868
1664553819001,40.91697750560995,-73.12386977630915,8.773147064961417,40.61108520627022
1664553820001,40.916974002904034,-73.1238742614831,11.686290225046903,40.7350600566715
1664553821001,40.91697158995813,-73.12388281621703,15.247665844590173,40.62439112737775
1664553822001,40.91697034654085,-73.12388365438822,18.744399538947107,40.77504443284124
1664553823001,40.91696383621196,-73.12388112276354,23.609416119500533,40.89138703793287
1664553824031,40.91696104580473,-73.12388972078402,28.29320993414858,40.75263702124357
1664553825026,40.91696903499649,-73.12390570737992,33.38447733181487,40.9456745153293
1664553826018,40.91697210409494,-73.12392476588258,38.45591904219276,40.99808891955763
1664553827018,40.9169840136406,-73.12392102357528,44.53897975530413,40.97617352567613
1664553828020,40.91696982997644,-73.12389776820861,51.55028643514216,41.06105854548514
1664553829018,40.916964979094004,-73.12388623583557,54.857735739092156,41.2309747338295
1664553837001,40.91701671484943,-73.12338413677469,97.66874109535274,35.63399887084961
1664553838001,40.91700997402414,-73.12336340670272,97.66874109535165,35.633999187499285
1664553839002,40.91700561355743,-73.12334308269212,104.44991536201974,35.70516617875546
1664553840002,40.917001769011414,-73.12331686242433,110.79344440306916,35.82348282914609
1664553841002,40.91699679629033,-73.12327666751489,117.32115863660789,35.705410562455654
1664553842002,40.91699772985619,-73.12324085511591,112.32589546580509,35.42074275389314
1664553843002,40.91699947710977,-73.12320771287379,118.89349231649655,35.52343440428376
1664553844002,40.91700169680569,-73.12317534353097,125.94154329190985,35.58160088676959
1664553845002,40.91700403218587,-73.12314263225609,133.38133564188254,35.645535200834274
1664553846002,40.916983114786085,-73.12311163490827,139.80649557720696,33.711697285063565
1664553847002,40.91696230679324,-73.12308095861695,147.65539812122265,33.73864430654794
1664553848002,40.91694597560896,-73.12305200976066,200.0,33.737300872802734
1664553849002,40.916926802610554,-73.12302414438243,157.18001819042152,30.829403575509787
1664553850002,40.916914323673936,-73.12299701201661,165.6372320539235,30.86578049417585
1664553851002,40.916933943345086,-73.12297025929814,172.668825778676,33.758755347691476
1664553852002,40.91695183986472,-73.12294789135093,181.79112658852884,33.809078708291054
1664553853002,40.917031950868015,-73.12290352621937,200.0,33.80942153930664
1664553854002,40.91711482590853,-73.1228594443794,181.6448685811891,34.55086945835501
1664553855002,40.917108707118736,-73.12283262229793,190.3169099326896,34.61025666818023
1664553856002,40.91710673737044,-73.1228052134885,199.3003110004039,34.674496171064675
1664553857002,40.917106402094475,-73.12277746938712,208.59364089318004,34.74245881661773
1664553858002,40.91710656973363,-73.12274972527386,218.1943937338159,34.813137526623905
1664553859011,40.91710717650621,-73.12272164501638,228.09924226505856,34.88567781820893
1664553889513,40.91716297587229,-73.12347683615596,35.0,40.469398498535156
1664553895532,40.91725276109782,-73.12353192030479,52.868387468848525,40.472557067871094
1664553895959,40.91716442674105,-73.12348568886473,35.0,40.472599029541016
1664553902047,40.91729264065657,-73.12355452382994,54.03539353087027,40.47260564831622
1664553902492,40.917171330527815,-73.12350017983817,35.0,40.803680419921875
1664553908506,40.91732891725976,-73.12357826865482,54.22998748904534,40.47770309448242
1664553908913,40.91720828296922,-73.12357850125977,35.0,40.47342300415039
1664553915004,40.91739103556896,-73.12365998374896,55.03895025456605,40.472618103027344
1664553915457,40.917173161448666,-73.12353212214742,35.0,40.47260665893555
1664553921471,40.91737516903881,-73.1236184093031,54.90806741093759,40.47260665893555
1664553921930,40.91722197428198,-73.12356217030732,35.0,40.47260665893555
1664553927981,40.91743855996909,-73.12365123869388,55.30686684174299,40.47260665893555
1664553929359,40.91741896944972,-73.12363838271186,56.16993238013332,40.47260665893555
1664553935406,40.91747087181492,-73.12365394983404,70.84320896608915,40.47260665893555
1664553935852,40.917560445681225,-73.12368659127631,70.91439710281777,40.47260665893555
1664553937135,40.91764821546296,-73.12371898037443,71.50372508074221,40.47260665893555
1664553937332,40.917703488829865,-73.12373891838165,71.51776092210359,40.47260665893555
1664553943161,40.917841604806114,-73.12379144623065,82.8470609722465,40.47260665893555
1664553943607,40.91722727282682,-73.12359078077024,36.0,40.47260665893555
1664553949706,40.91740003077071,-73.12365336911371,56.84388135165003,40.47260665893555
1664553950148,40.917271738219256,-73.12351924760728,35.0,40.47260665893555
1664553956164,40.91745872441182,-73.12359212180277,55.688152344312684,40.47260665893555
1664553956601,40.91719875783061,-73.12352700563484,35.0,40.47260665893555
1664553962707,40.91741920506574,-73.1236136201827,60.85045734196123,40.47260564831622
1664553963130,40.91750299882476,-73.12364728240246,61.13956212583814,40.47260564831622
1664553964407,40.917606012294854,-73.12368846333118,64.0823029532677,40.47260564831622
1664553970460,40.9178750236595,-73.12379598200455,127.00964932372501,40.47260564831622
1664553970890,40.917911934397246,-73.12381141816293,127.27828370901227,40.47260564831622
1664553972182,40.91795431524226,-73.12382876384183,129.83407164106515,40.47260564831622
1664553978262,40.918040131388715,-73.12386340751152,153.3066216647,40.47260564831622
1664553978682,40.91714159065917,-73.1235285460639,35.0,40.47260564831622
1664553984747,40.91756182573374,-73.12368604717436,142.95807861326975,40.53734588623047
1664553985173,40.91721097441987,-73.12357705792485,36.0,40.48305892944336
1664553986453,40.91722689390592,-73.12358402200722,36.0,40.47328186035156
1664553992498,40.91767458388793,-73.12374148812546,130.70116656985752,40.472618103027344
1664553992893,40.91717610997675,-73.12355106054729,36.0,40.47260665893555
1664554004016,40.917246427315185,-73.12357597943189,39.74787859835442,40.47260665893555
1664554004800,40.91716783231647,-73.12355593525278,36.0,40.47260665893555
1664554015224,40.917183229410405,-73.12355645505276,36.00030132283462,40.47260665893555
1664554027018,40.917222768486496,-73.12357041420935,36.00068693972093,40.47260665893555
1664554027799,40.91717451366519,-73.1235640919977,36.0,40.47260665893555
1664554038333,40.91730065892074,-73.12360686130303,68.10971691782139,40.47260665893555
1664554038774,40.9172053186915,-73.1235197807959,35.0,40.47260665893555
1664554040018,40.91722699194005,-73.12355778919978,17.652623877406384,42.7452528309077
1664554041020,40.91722699194005,-73.12355778919978,15.211911819161532,42.7452528309077
1664554042021,40.91722699194005,-73.12355778919978,15.230022808909588,42.7452528309077
1664554044020,40.91722699194005,-73.12355778919978,15.41410746437102,42.7452528309077
1664554046020,40.91722699194005,-73.12355778919978,15.58022148045915,42.7452528309077
1664554048018,40.91722699194005,-73.12355778919978,15.758759341085225,42.7452528309077
1664554049018,40.91722699194005,-73.12355778919978,15.677804910733458,42.7452528309077
1664554051019,40.91722699194005,-73.12355778919978,15.85091849060239,42.7452528309077
1664554052020,40.91722699194005,-73.12355778919978,15.934950299426298,42.7452528309077
1664554054019,40.91722699194005,-73.12355778919978,16.102068000216025,42.7452528309077
1664554056018,40.91722699194005,-73.12355778919978,16.256896059772775,42.7452528309077
1664554058018,40.91722699194005,-73.12355778919978,16.427957306771372,42.7452528309077
1664554059018,40.91722699194005,-73.12355778919978,16.512431339094498,42.7452528309077
1664554060019,40.91722699194005,-73.12355778919978,16.506029532728157,42.7452528309077
1664554062019,40.91722699194005,-73.12355778919978,15.81121610011783,42.7452528309077
1664554064018,40.91722699194005,-73.12355778919978,15.976499220366946,42.7452528309077
1664554065019,40.91722699194005,-73.12355778919978,16.040694445211052,42.7452528309077
1664554067019,40.91722699194005,-73.12355778919978,16.208398975474445,42.7452528309077
1664554068020,40.91722699194005,-73.12355778919978,16.278840348572572,42.7452528309077
1664554070019,40.91722699194005,-73.12355778919978,16.437499611988535,42.7452528309077
1664554072019,40.91722699194005,-73.12355778919978,16.51722952273,42.7452528309077
1664554073019,40.91722699194005,-73.12355778919978,15.395163928401633,42.7452528309077
1664554075019,40.91722699194005,-73.12355778919978,15.576293222158096,42.7452528309077
1664554077019,40.91722699194005,-73.12355778919978,15.754773351661074,42.7452528309077
1664554078019,40.91722699194005,-73.12355778919978,15.838239138814556,42.7452528309077
1664554079019,40.91722699194005,-73.12355778919978,15.92631618716683,42.7452528309077
1664554080019,40.91722699194005,-73.12355778919978,16.009050251114168,42.7452528309077
1664554081019,40.91722699194005,-73.12355778919978,16.249779149807807,42.7452528309077
1664554083022,40.91722699194005,-73.12355778919978,16.38546724519283,42.7452528309077
1664554085018,40.91722699194005,-73.12355778919978,15.502747270796338,42.7452528309077
1664554086019,40.91722699194005,-73.12355778919978,15.586829191143178,42.7452528309077
1664554087020,40.91722699194005,-73.12355778919978,15.671350978096312,42.7452528309077
1664554089016,40.91722699194005,-73.12355778919978,15.837818996560722,42.7452528309077
1664554090018,40.91722699194005,-73.12355778919978,15.926212677268524,42.7452528309077
1664554091018,40.91722699194005,-73.12355778919978,15.995524458978593,42.7452528309077
1664554092018,40.91722699194005,-73.12355778919978,16.067804167152193,42.7452528309077
1664554093019,40.91722699194005,-73.12355778919978,16.16438152954795,42.7452528309077
1664554094019,40.91722699194005,-73.12355778919978,16.231889815515803,42.7452528309077
1664554096012,40.91722699194005,-73.12355778919978,16.3215635256043,42.7452528309077
1664554098019,40.91722699194005,-73.12355778919978,15.553974708130813,42.7452528309077
1664554100015,40.91722699194005,-73.12355778919978,15.842906889860215,42.7452528309077
1664554101016,40.91722699194005,-73.12355778919978,15.941169093050483,42.7452528309077
1664554103016,40.91722699194005,-73.12355778919978,16.092975434502055,42.7452528309077
1664554104019,40.91722699194005,-73.12355778919978,16.144318562783813,42.7452528309077
1664554106017,40.91722699194005,-73.12355778919978,16.32853375793841,42.7452528309077
1664554107019,40.91722699194005,-73.12355778919978,16.401856074399262,42.7452528309077
1664554108019,40.91722699194005,-73.12355778919978,16.406794983956335,42.7452528309077
1664554110020,40.91722699194005,-73.12355778919978,15.466548720142892,42.7452528309077
1664554112020,40.91722699194005,-73.12355778919978,15.627470273419092,42.7452528309077
1664554113265,40.91722699194005,-73.12355778919978,15.752474201113884,42.7452528309077
1664554115016,40.91722699194005,-73.12355778919978,15.898602813701034,42.7452528309077
1664554116019,40.91722699194005,-73.12355778919978,16.08651646442717,42.7452528309077
1664554117019,40.91722699194005,-73.12355778919978,16.17915192718055,42.7452528309077
1664554119019,40.91722699194005,-73.12355778919978,16.332340549004208,42.7452528309077
1664554120019,40.91722699194005,-73.12355778919978,16.30482560182241,42.7452528309077
1664554122019,40.91722699194005,-73.12355778919978,15.411679087511217,42.7452528309077
1664554123019,40.91722699194005,-73.12355778919978,15.499549451064205,42.7452528309077
1664554124019,40.91722699194005,-73.12355778919978,15.582320463479933,42.7452528309077
1664554126019,40.91722699194005,-73.12355778919978,15.74259256520166,42.7452528309077
1664554127019,40.91722699194005,-73.12355778919978,15.828658093756859,42.7452528309077
1664554128019,40.91722699194005,-73.12355778919978,15.914493607354872,42.7452528309077
1664554129020,40.91722699194005,-73.12355778919978,16.135147700983108,42.7452528309077
1664554131019,40.91722699194005,-73.12355778919978,16.29463779337875,42.7452528309077
1664554132019,40.91722699194005,-73.12355778919978,16.296708848554672,42.7452528309077
1664554134020,40.91722699194005,-73.12355778919978,15.51024652224392,42.7452528309077
1664554136021,40.91722699194005,-73.12355778919978,15.67842524780016,42.7452528309077
1664554138020,40.91722699194005,-73.12355778919978,15.853091683686703,42.7452528309077
1664554140020,40.91722699194005,-73.12355778919978,16.02791686675624,42.7452528309077
1664554142020,40.91722699194005,-73.12355778919978,16.192551176830452,42.7452528309077
1664554144019,40.91722699194005,-73.12355778919978,16.280788619447048,42.7452528309077
1664554146020,40.91722699194005,-73.12355778919978,15.372616783349454,42.7452528309077
1664554148020,40.91722699194005,-73.12355778919978,15.69242130801395,42.7452528309077
1664554150019,40.91722699194005,-73.12355778919978,15.830302377348849,42.7452528309077
1664554151019,40.91722699194005,-73.12355778919978,15.929052401300995,42.7452528309077
1664554152020,40.91722699194005,-73.12355778919978,16.01013177334889,42.7452528309077
1664554154019,40.91722699194005,-73.12355778919978,16.14512926485609,42.7452528309077
1664554156020,40.91722699194005,-73.12355778919978,16.227708494438687,42.7452528309077
1664554158021,40.91722699194005,-73.12355778919978,15.53711087595396,42.7452528309077
1664554160019,40.91722699194005,-73.12355778919978,14.667341756578224,42.7452528309077
1664554161020,40.91722699194005,-73.12355778919978,14.766608809756208,42.7452528309077
1664554163013,40.91722699194005,-73.12355778919978,14.9385561923599,42.7452528309077
1664554164021,40.91716502150419,-73.12355768734304,15.1969465337668,38.59058642573655
1664554165018,40.91716531006516,-73.1235536821762,15.816213562169061,38.6601961478591
1664554166019,40.91716521681557,-73.12355323926514,16.97616456682212,38.63817095011473
1664554167016,40.91716482103548,-73.12355338637803,18.520828015057685,38.769449294544756
1664554168018,40.917171846526294,-73.12355585090103,21.01461969627928,38.523289900273085
1664554175018,40.9171720521009,-73.12356874419667,20.85276336752543,38.238711109384894
1664554177018,40.9171720521009,-73.12356874419667,20.75231478801222,38.238711109384894
1664554179018,40.9171720521009,-73.12356874419667,20.779453559228838,38.238711109384894
1664554181018,40.9171720521009,-73.12356874419667,18.56935417653722,38.238711109384894
1664554182018,40.9171720521009,-73.12356874419667,18.604330504309296,38.238711109384894
1664554183021,40.9171720521009,-73.12356874419667,18.675633811309723,38.238711109384894
1664554185015,40.9171720521009,-73.12356874419667,18.78960845955864,38.238711109384894
1664554186018,40.9171720521009,-73.12356874419667,18.85130747130427,38.238711109384894
1664554188018,40.9171720521009,-73.12356874419667,19.002121525338143,38.238711109384894
1664554189024,40.9171720521009,-73.12356874419667,19.07665159391675,38.238711109384894
1664554191018,40.9171720521009,-73.12356874419667,19.21804332273072,38.238711109384894
1664554193018,40.9171720521009,-73.12356874419667,17.654903404427806,38.238711109384894
1664554194018,40.9171720521009,-73.12356874419667,17.72837672903335,38.238711109384894
1664554195018,40.9171720521009,-73.12356874419667,17.903640043705042,38.238711109384894
1664554196019,40.9171720521009,-73.12356874419667,17.948998723027096,38.238711109384894
1664554198018,40.9171720521009,-73.12356874419667,18.0943807366429,38.238711109384894
1664554200018,40.9171720521009,-73.12356874419667,18.238277365979588,38.238711109384894
1664554201018,40.9171720521009,-73.12356874419667,18.323879946139268,38.238711109384894
1664554203018,40.9171720521009,-73.12356874419667,18.467999682197426,38.238711109384894
1664554204019,40.9171720521009,-73.12356874419667,18.41735377187037,38.238711109384894
1664554205020,40.9171720521009,-73.12356874419667,17.202488005324525,38.238711109384894
1664554207018,40.9171720521009,-73.12356874419667,17.37686496609842,38.238711109384894
1664554208019,40.9171720521009,-73.12356874419667,17.433525287902246,38.238711109384894
1664554209021,40.9171720521009,-73.12356874419667,17.523497721841046,38.238711109384894
1664554211019,40.9171720521009,-73.12356874419667,17.66588437503439,38.238711109384894
1664554213019,40.9171720521009,-73.12356874419667,17.83020530449398,38.238711109384894
1664554215018,40.9171720521009,-73.12356874419667,17.983911480291457,38.238711109384894
1664554217015,40.9171720521009,-73.12356874419667,16.95057124770984,38.238711109384894
1664554218020,40.9171720521009,-73.12356874419667,17.014654325936196,38.238711109384894
1664554219020,40.9171720521009,-73.12356874419667,17.083125531231012,38.238711109384894
1664554221019,40.9171720521009,-73.12356874419667,17.261191656899477,38.238711109384894
1664554222020,40.9171720521009,-73.12356874419667,17.31378973434536,38.238711109384894
1664554224019,40.9171720521009,-73.12356874419667,17.46664945919023,38.238711109384894
1664554225020,40.9171720521009,-73.12356874419667,17.55001623515267,38.238711109384894
1664554227019,40.9171720521009,-73.12356874419667,17.679172044481323,38.238711109384894
1664554228020,40.9171720521009,-73.12356874419667,17.65742980433099,38.238711109384894
1664554230021,40.9171720521009,-73.12356874419667,16.79386843610862,38.238711109384894
1664554232019,40.9171720521009,-73.12356874419667,16.950307957418584,38.238711109384894
1664554233019,40.9171720521009,-73.12356874419667,17.032055790810322,38.238711109384894
1664554235019,40.9171720521009,-73.12356874419667,17.209857848591422,38.238711109384894
1664554236020,40.9171720521009,-73.12356874419667,17.28693447690641,38.238711109384894
1664554238019,40.9171720521009,-73.12356874419667,17.563675975000773,38.238711109384894
1664554239019,40.9171720521009,-73.12356874419667,17.604750161450976,38.238711109384894
1664554240020,40.9171720521009,-73.12356874419667,17.585089262843585,38.238711109384894
1664554242020,40.9171720521009,-73.12356874419667,16.439402473100593,38.238711109384894
1664554244019,40.9171720521009,-73.12356874419667,16.597820580842992,38.238711109384894
1664554245020,40.9171720521009,-73.12356874419667,16.677557674087513,38.238711109384894
1664554247018,40.9171720521009,-73.12356874419667,16.848717082935835,38.238711109384894
1664554248018,40.9171720521009,-73.12356874419667,16.919434193085852,38.238711109384894
1664554250018,40.9171720521009,-73.12356874419667,17.092084820012403,38.238711109384894
1664554251022,40.9171720521009,-73.12356874419667,17.317280322652316,38.238711109384894
1664554253020,40.9171720521009,-73.12356874419667,16.30737715359327,38.238711109384894
1664554255020,40.9171720521009,-73.12356874419667,16.4713763422087,38.238711109384894
1664554257019,40.9171720521009,-73.12356874419667,16.62973828951611,38.238711109384894
1664554259018,40.9171720521009,-73.12356874419667,16.789748867161897,38.238711109384894
1664554260018,40.9171720521009,-73.12356874419667,16.866013233248385,38.238711109384894
1664554262018,40.9171720521009,-73.12356874419667,17.000096214688238,38.238711109384894
1664554264018,40.9171720521009,-73.12356874419667,17.066439495981466,38.238711109384894
1664554265018,40.9171720521009,-73.12356874419667,16.143737355930735,38.238711109384894
1664554267019,40.9171720521009,-73.12356874419667,16.31214585452111,38.238711109384894
1664554269018,40.9171720521009,-73.12356874419667,16.47519741272915,38.238711109384894
1664554270020,40.9171720521009,-73.12356874419667,16.559838980226218,38.238711109384894
1664554272021,40.9171720521009,-73.12356874419667,16.73778420585543,38.238711109384894
1664554274020,40.9171720521009,-73.12356874419667,16.980977797452763,38.238711109384894
1664554276020,40.9171720521009,-73.12356874419667,17.03166389088346,38.238711109384894
1664554278019,40.9171720521009,-73.12356874419667,15.980057511302471,38.238711109384894
1664554279019,40.9171720521009,-73.12356874419667,16.040362604713852,38.238711109384894
1664554281017,40.9171720521009,-73.12356874419667,16.21488808349435,38.238711109384894
1664554282020,40.9171720521009,-73.12356874419667,16.3173494364429,38.238711109384894
1664554283021,40.9171720521009,-73.12356874419667,16.398958779121134,38.238711109384894
1664554285020,40.9171720521009,-73.12356874419667,16.57265931060999,38.238711109384894
1664554287019,40.9171720521009,-73.12356874419667,16.823649683656274,38.238711109384894
1664554288020,40.9171720521009,-73.12356874419667,16.82528312655343,38.238711109384894
1664554290020,40.9171720521009,-73.12356874419667,15.9974460155498,38.238711109384894
1664554292019,40.9171720521009,-73.12356874419667,16.175475027186344,38.238711109384894
1664554294019,40.9171720521009,-73.12356874419667,16.328327794509384,38.238711109384894
1664554296020,40.9171720521009,-73.12356874419667,16.488840727821785,38.238711109384894
1664554298020,40.9171720521009,-73.12356874419667,16.654220571695625,38.238711109384894
1664554300020,40.9171720521009,-73.12356874419667,16.728648373619855,38.238711109384894
1664554301023,40.9171720521009,-73.12356874419667,15.905415148811722,38.238711109384894
1664554303019,40.9171720521009,-73.12356874419667,16.192348930503424,38.238711109384894
1664554304021,40.9171720521009,-73.12356874419667,16.271103873476964,38.238711109384894
1664554306020,40.9171720521009,-73.12356874419667,16.410199157613498,38.238711109384894
1664554308019,40.9171720521009,-73.12356874419667,16.558778535196335,38.238711109384894
1664554310019,40.9171720521009,-73.12356874419667,16.72349172133318,38.238711109384894
1664554311019,40.9171720521009,-73.12356874419667,16.81309065210177,38.238711109384894
1664554313017,40.9171720521009,-73.12356874419667,15.962905722238244,38.238711109384894
1664554314019,40.9171720521009,-73.12356874419667,16.036108257425205,38.238711109384894
1664554315019,40.9171720521009,-73.12356874419667,16.127754430140136,38.238711109384894
1664554317018,40.9171720521009,-73.12356874419667,16.296924731458127,38.238711109384894
1664554318019,40.9171720521009,-73.12356874419667,16.37145068907133,38.238711109384894
1664554319019,40.9171720521009,-73.12356874419667,16.614332224937105,38.238711109384894
1664554320020,40.9171720521009,-73.12356874419667,16.679074452985034,38.238711109384894
1664554322019,40.9171720521009,-73.12356874419667,16.823216396293628,38.238711109384894
1664554324019,40.9171720521009,-73.12356874419667,16.876136779844142,38.238711109384894
1664554325019,40.9171720521009,-73.12356874419667,16.126738883863833,38.238711109384894
1664554327017,40.9171720521009,-73.12356874419667,16.294510913484597,38.238711109384894
1664554328020,40.9171720521009,-73.12356874419667,16.356267657635932,38.238711109384894
1664554330019,40.9171720521009,-73.12356874419667,16.533418589221384,38.238711109384894
1664554331019,40.9171720521009,-73.12356874419667,16.613618058047784,38.238711109384894
1664554333019,40.9171720521009,-73.12356874419667,16.77469088713538,38.238711109384894
1664554335019,40.9171720521009,-73.12356874419667,16.930962215320175,38.238711109384894
1664554337019,40.9171720521009,-73.12356874419667,16.001642127164978,38.238711109384894
1664554338019,40.9171720521009,-73.12356874419667,16.19203830184416,38.238711109384894
1664554339019,40.9171720521009,-73.12356874419667,16.251871129463677,38.238711109384894
1664554341018,40.9171720521009,-73.12356874419667,16.412353029574813,38.238711109384894
1664554342019,40.9171720521009,-73.12356874419667,16.485942565367054,38.238711109384894
1664554344019,40.9171720521009,-73.12356874419667,16.647521886961844,38.238711109384894
1664554346019,40.9171720521009,-73.12356874419667,16.80899602916483,38.238711109384894
1664554348020,40.9171720521009,-73.12356874419667,16.883407860398247,38.238711109384894
1664554350020,40.9171720521009,-73.12356874419667,14.955292816825189,38.238711109384894
1664554352019,40.9171720521009,-73.12356874419667,15.293746434865762,38.238711109384894
1664554353019,40.9171720521009,-73.12356874419667,15.377119193456908,38.238711109384894
1664554355019,40.9171720521009,-73.12356874419667,15.479080998961159,38.238711109384894
1664554356020,40.9171720521009,-73.12356874419667,15.596871316608137,38.238711109384894
1664554357021,40.9171720521009,-73.12356874419667,15.666926119354306,38.238711109384894
1664554359018,40.9171720521009,-73.12356874419667,15.848282019925955,38.238711109384894
1664554361015,40.9171720521009,-73.12356874419667,14.920005826971677,38.238711109384894
1664554362019,40.9171720521009,-73.12356874419667,15.003302918890435,38.238711109384894
1664554364020,40.9171720521009,-73.12356874419667,15.198644920631635,38.238711109384894
1664554366019,40.9171720521009,-73.12356874419667,15.372635016385141,38.238711109384894
1664554367019,40.9171720521009,-73.12356874419667,15.456434880928736,38.238711109384894
1664554368020,40.9171720521009,-73.12356874419667,15.544907637102858,38.238711109384894
1664554370017,40.9171720521009,-73.12356874419667,15.727888126334813,38.238711109384894
1664554371019,40.9171720521009,-73.12356874419667,15.818448060577614,38.238711109384894
1664554372020,40.9171720521009,-73.12356874419667,15.906825504074023,38.238711109384894
1664554373020,40.9171720521009,-73.12356874419667,15.345446300410321,38.238711109384894
1664554374020,40.9171720521009,-73.12356874419667,15.430604134255972,38.238711109384894
1664554375021,40.9171720521009,-73.12356874419667,15.508181559935664,38.238711109384894
1664554377017,40.9171720521009,-73.12356874419667,15.666741596139122,38.238711109384894
1664554378020,40.9171720521009,-73.12356874419667,15.774247156403638,38.238711109384894
1664554379020,40.9171720521009,-73.12356874419667,14.665467184116395,38.238711109384894
1664554381019,40.9171720521009,-73.12356874419667,14.847737298617783,38.238711109384894
1664554382020,40.9171720521009,-73.12356874419667,14.941533952406,38.238711109384894
1664554383021,40.9171720521009,-73.12356874419667,15.015256784086086,38.238711109384894
1664554385020,40.9171720521009,-73.12356874419667,15.205828004446495,38.238711109384894
1664554387019,40.9171720521009,-73.12356874419667,15.380536109146902,38.238711109384894
1664554388020,40.9171720521009,-73.12356874419667,15.478895756721704,38.238711109384894
1664554390020,40.9171720521009,-73.12356874419667,15.744589688056463,38.238711109384894
1664554392020,40.9171720521009,-73.12356874419667,14.856180193905738,38.238711109384894
1664554394020,40.9171720521009,-73.12356874419667,15.037904944442717,38.238711109384894
1664554396020,40.9171720521009,-73.12356874419667,15.203984538262695,38.238711109384894
1664554398020,40.9171720521009,-73.12356874419667,15.38940215164075,38.238711109384894
1664554399020,40.9171720521009,-73.12356874419667,15.477057138601461,38.238711109384894
1664554400020,40.9171720521009,-73.12356874419667,15.545360936697884,38.238711109384894
1664554401021,40.9171720521009,-73.12356874419667,15.650198681408185,38.238711109384894
1664554403020,40.9171720521009,-73.12356874419667,15.735123599261232,38.238711109384894
1664554405020,40.9171720521009,-73.12356874419667,15.26428047035337,38.238711109384894
1664554406020,40.9171720521009,-73.12356874419667,15.363328996122565,38.238711109384894
1664554408020,40.9171720521009,-73.12356874419667,15.532646848254613,38.238711109384894
1664554410020,40.9171720521009,-73.12356874419667,15.784718692326962,38.238711109384894
1664554412020,40.9171720521009,-73.12356874419667,15.930891531296636,38.238711109384894
1664554414022,40.9171720521009,-73.12356874419667,16.089247537263567,38.238711109384894
1664554416020,40.9171720521009,-73.12356874419667,16.24722683158068,38.238711109384894
1664554418020,40.9171720521009,-73.12356874419667,16.401946776878184,38.238711109384894
1664554420020,40.9171720521009,-73.12356874419667,16.53185412046384,38.238711109384894
1664554421020,40.9171720521009,-73.12356874419667,16.642622288237796,38.238711109384894
1664554423019,40.9171720521009,-73.12356874419667,15.868714761008555,38.238711109384894
1664554424021,40.9171720521009,-73.12356874419667,15.951270940200777,38.238711109384894
1664554426020,40.9171720521009,-73.12356874419667,16.119569359155637,38.238711109384894
1664554427020,40.9171720521009,-73.12356874419667,16.216584524336007,38.238711109384894
1664554429020,40.9171720521009,-73.12356874419667,16.505221564460477,38.238711109384894
1664554430020,40.9171720521009,-73.12356874419667,16.548317113640316,38.238711109384894
1664554431021,40.9171720521009,-73.12356874419667,16.65005679600791,38.238711109384894
1664554432021,40.9171720521009,-73.12356874419667,16.71070297387743,38.238711109384894
1664554434020,40.9171720521009,-73.12356874419667,15.619831965405217,38.238711109384894
1664554435020,40.9171720521009,-73.12356874419667,15.7040849708033,38.238711109384894
1664554436021,40.9171720521009,-73.12356874419667,15.770509724483787,38.238711109384894
1664554438020,40.9171720521009,-73.12356874419667,15.953245040302873,38.238711109384894
1664554440020,40.9171720521009,-73.12356874419667,16.04030139106619,38.238711109384894
1664554442021,40.9171720521009,-73.12356874419667,16.210950047052915,38.238711109384894
1664554444014,40.9171720521009,-73.12356874419667,16.386029938248107,38.238711109384894
1664554445020,40.9171720521009,-73.12356874419667,16.476011713405416,38.238711109384894
1664554446021,40.9171720521009,-73.12356874419667,16.66294777799654,38.238711109384894
1664554448020,40.9171720521009,-73.12356874419667,16.82960215085455,38.238711109384894
1664554449020,40.9171720521009,-73.12356874419667,16.87675534516801,38.238711109384894
1664554450021,40.9171720521009,-73.12356874419667,16.949037543706645,38.238711109384894
1664554452021,40.9171720521009,-73.12356874419667,15.852370514010351,38.238711109384894
1664554454021,40.9171720521009,-73.12356874419667,16.015626411408405,38.238711109384894
1664554456021,40.9171720521009,-73.12356874419667,16.186804189056115,38.238711109384894
1664554458021,40.9171720521009,-73.12356874419667,16.32539996834676,38.238711109384894
1664554460021,40.9171720521009,-73.12356874419667,16.50587705842909,38.238711109384894
1664554462021,40.9171720521009,-73.12356874419667,16.667980767654164,38.238711109384894
1664554464021,40.9171720521009,-73.12356874419667,15.683628364806903,38.238711109384894
1664554466021,40.9171720521009,-73.12356874419667,15.757633480372558,38.238711109384894
1664554468020,40.9171720521009,-73.12356874419667,16.021271092017496,38.238711109384894
1664554469021,40.9171720521009,-73.12356874419667,16.09808312801342,38.238711109384894
1664554471020,40.9171720521009,-73.12356874419667,15.269592684959628,38.238711109384894
1664554472021,40.9171720521009,-73.12356874419667,15.366456866766162,38.238711109384894
1664554474021,40.9171720521009,-73.12356874419667,15.506326092859968,38.238711109384894
1664554476022,40.9171720521009,-73.12356874419667,15.671109303122172,38.238711109384894
1664554478021,40.9171720521009,-73.12356874419667,15.864544560762905,38.238711109384894
1664554479022,40.9171720521009,-73.12356874419667,15.943429900626239,38.238711109384894
1664554480022,40.9171720521009,-73.12356874419667,16.025224109456758,38.238711109384894
1664554482020,40.9171720521009,-73.12356874419667,16.09877784020002,38.238711109384894
1664554483023,40.9171720521009,-73.12356874419667,15.419401872165212,38.238711109384894
1664554485021,40.9171720521009,-73.12356874419667,15.601392584553881,38.238711109384894
1664554486021,40.9171720521009,-73.12356874419667,15.698273765565938,38.238711109384894
1664554488020,40.9171720521009,-73.12356874419667,15.971172642256535,38.238711109384894
1664554489020,40.9171720521009,-73.12356874419667,16.048380627897444,38.238711109384894
1664554490021,40.9171720521009,-73.12356874419667,16.145539846206862,38.238711109384894
1664554492021,40.9171720521009,-73.12356874419667,16.264430999807832,38.238711109384894
1664554494021,40.9171720521009,-73.12356874419667,15.40866110990426,38.238711109384894
1664554495021,40.9171720521009,-73.12356874419667,15.511840645422561,38.238711109384894
1664554496022,40.9171720521009,-73.12356874419667,15.577924487645964,38.238711109384894
1664554498021,40.9171720521009,-73.12356874419667,15.76754804472777,38.238711109384894
1664554500021,40.9171720521009,-73.12356874419667,15.860855480015493,38.238711109384894
1664554502015,40.9171720521009,-73.12356874419667,16.02739305772131,38.238711109384894
1664554503021,40.9171720521009,-73.12356874419667,16.100147986485876,38.238711109384894
1664554504022,40.9171720521009,-73.12356874419667,16.1877613583468,38.238711109384894
1664554506022,40.9171720521009,-73.12356874419667,16.365669346178482,38.238711109384894
1664554508020,40.9171720521009,-73.12356874419667,16.53322749660803,38.238711109384894
1664554509021,40.9171720521009,-73.12356874419667,16.746996489834,38.238711109384894
1664554510021,40.9171720521009,-73.12356874419667,16.813291053246864,38.238711109384894
1664554512021,40.9171720521009,-73.12356874419667,16.938186278563588,38.238711109384894
1664554513022,40.9171720521009,-73.12356874419667,16.13410668948099,38.238711109384894
1664554515021,40.9171720521009,-73.12356874419667,16.307569045116477,38.238711109384894
1664554516022,40.9171720521009,-73.12356874419667,16.385656239543117,38.238711109384894
1664554518022,40.9171720521009,-73.12356874419667,16.531508875188017,38.238711109384894
1664554520022,40.9171720521009,-73.12356874419667,16.672993969243507,38.238711109384894
1664554522022,40.9171720521009,-73.12356874419667,16.855834039010436,38.238711109384894
1664554524022,40.9171720521009,-73.12356874419667,15.778929770265561,38.238711109384894
1664554526021,40.9171720521009,-73.12356874419667,15.94541036268033,38.238711109384894
1664554527022,40.9171720521009,-73.12356874419667,16.028285829454138,38.238711109384894
1664554529022,40.9171720521009,-73.12356874419667,16.214027682199873,38.238711109384894
1664554531022,40.9171720521009,-73.12356874419667,16.48620349538878,38.238711109384894
1664554532023,40.9171720521009,-73.12356874419667,16.55920713421546,38.238711109384894
1664554534021,40.9171720521009,-73.12356874419667,16.69748139012996,38.238711109384894
1664554536021,40.9171720521009,-73.12356874419667,15.464263270677368,38.238711109384894
1664554538022,40.9171720521009,-73.12356874419667,15.619251284982498,38.238711109384894
1664554540022,40.9171720521009,-73.12356874419667,15.804935977362453,38.238711109384894
1664554541022,40.9171720521009,-73.12356874419667,15.884710537453076,38.238711109384894
1664554543022,40.9171720521009,-73.12356874419667,16.058609674001367,38.238711109384894
1664554544023,40.9171720521009,-73.12356874419667,16.15638434041271,38.238711109384894
1664554546022,40.9171720521009,-73.12356874419667,16.42841555997718,38.238711109384894
1664554548022,40.9171720521009,-73.12356874419667,16.486864277434123,38.238711109384894
1664554550022,40.9171720521009,-73.12356874419667,15.456891723480423,38.238711109384894
1664554552023,40.9171720521009,-73.12356874419667,15.647565216433703,38.238711109384894
1664554554022,40.9171720521009,-73.12356874419667,15.79634212399846,38.238711109384894
1664554555022,40.9171720521009,-73.12356874419667,15.882480554951757,38.238711109384894
1664554556022,40.9171720521009,-73.12356874419667,15.962484526882827,38.238711109384894
1664554558022,40.9171720521009,-73.12356874419667,16.1302052020892,38.238711109384894
1664554560022,40.9171720521009,-73.12356874419667,16.233240539282885,38.238711109384894
1664554562021,40.9171720521009,-73.12356874419667,16.405545176750685,38.238711109384894
1664554564022,40.9171720521009,-73.12356874419667,16.67469288425552,38.238711109384894
1664554566022,40.9171720521009,-73.12356874419667,16.81256039189375,38.238711109384894
1664554567022,40.9171720521009,-73.12356874419667,16.91153467394289,38.238711109384894
1664554569018,40.9171720521009,-73.12356874419667,17.04220675280821,38.238711109384894
1664554570022,40.9171720521009,-73.12356874419667,17.13469354636568,38.238711109384894
1664554571022,40.9171720521009,-73.12356874419667,17.207619103504822,38.238711109384894
1664554572022,40.9171720521009,-73.12356874419667,17.271058533525398,38.238711109384894
1664554574022,40.9171720521009,-73.12356874419667,16.348179049299937,38.238711109384894
1664554576022,40.9171720521009,-73.12356874419667,16.51944246935484,38.238711109384894
1664554578022,40.9171720521009,-73.12356874419667,16.69119863780559,38.238711109384894
1664554579022,40.9171720521009,-73.12356874419667,16.772435976669172,38.238711109384894
1664554581021,40.9171720521009,-73.12356874419667,16.941451052055626,38.238711109384894
1664554582022,40.9171720521009,-73.12356874419667,17.14784710328035,38.238711109384894
1664554584022,40.9171720521009,-73.12356874419667,17.162737687486995,38.238711109384894
1664554585022,40.9171720521009,-73.12356874419667,16.2115674692933,38.238711109384894
1664554587022,40.9171720521009,-73.12356874419667,16.378687526281535,38.238711109384894
1664554588022,40.9171720521009,-73.12356874419667,16.454873210119263,38.238711109384894
1664554589023,40.9171720521009,-73.12356874419667,16.515408612534646,38.238711109384894
1664554591023,40.9171720521009,-73.12356874419667,16.690767655954108,38.238711109384894
1664554593023,40.9171720521009,-73.12356874419667,16.838806723892013,38.238711109384894
1664554595022,40.9171720521009,-73.12356874419667,17.00407814580232,38.238711109384894
1664554596023,40.9171720521009,-73.12356874419667,15.801259902259105,38.238711109384894
1664554598023,40.9171720521009,-73.12356874419667,15.980627326771298,38.238711109384894
1664554599024,40.9171720521009,-73.12356874419667,16.067158559281584,38.238711109384894
1664554601020,40.9171720521009,-73.12356874419667,16.23358740844146,38.238711109384894
1664554603023,40.9171720521009,-73.12356874419667,16.490565838107724,38.238711109384894
1664554605023,40.9171720521009,-73.12356874419667,16.646968719967834,38.238711109384894
1664554606023,40.9171720521009,-73.12356874419667,16.715657729037755,38.238711109384894
1664554608022,40.9171720521009,-73.12356874419667,15.967051404579358,38.238711109384894
1664554609023,40.9171720521009,-73.12356874419667,16.04494893095182,38.238711109384894
1664554611023,40.9171720521009,-73.12356874419667,16.21749134468592,38.238711109384894
1664554612024,40.9171720521009,-73.12356874419667,16.30102403254726,38.238711109384894
1664554614024,40.9171720521009,-73.12356874419667,16.473762070812,38.238711109384894
1664554616024,40.9171720521009,-73.12356874419667,16.76256207523996,38.238711109384894
1664554617025,40.9171720521009,-73.12356874419667,16.81083399262038,38.238711109384894
1664554625023,40.91719257238369,-73.12359440725396,16.327356842055124,38.631553292274475
1664554627023,40.91719257238369,-73.12359440725396,16.424476435911608,38.631553292274475
1664554628024,40.91719257238369,-73.12359440725396,16.506796791827046,38.631553292274475
1664554629024,40.91719257238369,-73.12359440725396,16.587387827277446,38.631553292274475
1664554631023,40.91719257238369,-73.12359440725396,16.76550280135611,38.631553292274475
1664554632023,40.91719257238369,-73.12359440725396,16.928348623685935,38.631553292274475
1664554634023,40.91719257238369,-73.12359440725396,17.100522620217735,38.631553292274475
1664554635023,40.91719257238369,-73.12359440725396,17.163140393610426,38.631553292274475
1664554636023,40.91719257238369,-73.12359440725396,17.24274922722061,38.631553292274475
1664554638024,40.91719257238369,-73.12359440725396,17.373436214895296,38.631553292274475
1664554640023,40.91719257238369,-73.12359440725396,16.682514998863287,38.631553292274475
1664554642023,40.91719257238369,-73.12359440725396,16.842977133126787,38.631553292274475
1664554653023,40.91720151269668,-73.12359725019822,16.357392283390116,38.713100876659155
1664554655023,40.91720151269668,-73.12359725019822,16.50804021204281,38.713100876659155
1664554656023,40.91720151269668,-73.12359725019822,16.599451579302716,38.713100876659155
1664554657023,40.91720151269668,-73.12359725019822,16.59908667891661,38.713100876659155
1664554659023,40.91720151269668,-73.12359725019822,16.76187193967498,38.713100876659155
1664554660025,40.91720151269668,-73.12359725019822,16.83635830287004,38.713100876659155
1664554662023,40.91720151269668,-73.12359725019822,17.110742040837568,38.713100876659155
1664554664023,40.91720151269668,-73.12359725019822,17.254703056341715,38.713100876659155
1664554666024,40.91720151269668,-73.12359725019822,17.39805455530181,38.713100876659155
1664554667024,40.91720151269668,-73.12359725019822,17.479541178865937,38.713100876659155
1664554671024,40.91720151269668,-73.12359725019822,16.858505488804813,38.713100876659155
1664554673023,40.91720151269668,-73.12359725019822,17.02061991128902,38.713100876659155
1664554674024,40.91720151269668,-73.12359725019822,17.09940823679744,38.713100876659155
1664554675024,40.91720151269668,-73.12359725019822,17.171805284362364,38.713100876659155
1664554677023,40.91720151269668,-73.12359725019822,17.445527381529143,38.713100876659155
1664554678024,40.91720151269668,-73.12359725019822,17.417390286566334,38.713100876659155
1664554680023,40.91720151269668,-73.12359725019822,17.555674291957892,38.713100876659155
1664554681024,40.91720151269668,-73.12359725019822,16.587307970096024,38.713100876659155
1664554703024,40.91721014012404,-73.12359989479,35.0,39.00130081176758
1664554703398,40.91719843767103,-73.12356656842925,35.0000002023234,39.20838165283203
1664554712031,40.917235162818955,-73.12357929915589,35.00010793880163,39.38116455078125
1664554712031,40.9172700680938,-73.1235913990546,35.00010793880163,39.53022003173828
1664554712446,40.91721347507029,-73.12358078485475,35.00010818868001,39.65891647338867
1664554724025,40.91724945610006,-73.12359281158314,35.0003037687568,39.76506042480469
1664554724400,40.91721032047323,-73.12358360325804,35.00030397524702,39.857269287109375
1664554736026,40.917246458540745,-73.12359549061588,35.0005033118522,39.93925476074219
1664554736401,40.91718367440757,-73.1235651678661,35.000503522026335,40.01024627685547
1664554748025,40.917221133304686,-73.12357796877775,35.00070494193579,40.07319641113281
1664554748397,40.91725673481579,-73.12359013499899,35.00070514956788,40.127525329589844
1664554760026,40.91729057501153,-73.12360169928212,35.00090890473684,40.17235565185547
1664554760399,40.91723206501846,-73.12356515172254,35.00090911706061,40.21132278442383
1664554772026,40.917267128127264,-73.12357795397055,35.001114908214184,40.24598693847656
1664554772401,40.91716340212985,-73.12354555479493,35.00111512389689,40.276023864746094
1664554784025,40.917201867718305,-73.12355932819852,35.001322919985014,40.57379913330078
1664554784400,40.91721900375214,-73.12357322098691,35.00132313764315,40.83095169067383
1664554796027,40.91730500116907,-73.12360308878664,56.427567046936844,42.439048767089844
1664554796395,40.91718467536487,-73.12357337081659,36.0,42.46648025512695
1664554802399,40.917487836734345,-73.12367571571345,110.17781336109395,42.472503662109375
1664554802797,40.91717943710505,-73.12362034523026,36.0,42.47258758544922
1664554808808,40.91764609211501,-73.12375771062212,128.23056577283617,42.47260665893555
1664554809210,40.917234794820246,-73.12358825341532,36.0,42.47260665893555
1664554810468,40.91720787955871,-73.1235779652316,36.0,42.723087310791016
1664554822025,40.91724612834788,-73.1235907995883,36.00018607173653,42.82151794433594
1664554822399,40.91727040200175,-73.12352721873344,35.0,42.87570571899414
1664554834026,40.91730356226011,-73.12354189888886,35.000195904818,42.91069412231445
1664554834403,40.91722257903037,-73.12352621780735,35.0,42.93465042114258
1664554846026,40.917258108747426,-73.1235409476994,35.000197992044214,42.95246505737305
1664554846398,40.917221850272526,-73.12352807202426,35.0,42.9671516418457
1664554858025,40.91725741646059,-73.12354271021289,35.00020033445574,42.97932052612305
1664554858397,40.91721237929024,-73.12352678400435,35.0,42.98992919921875
1664554870026,40.917248415035395,-73.12354148615361,35.00020254518434,42.999385833740234
1664554870404,40.91717875406805,-73.12352830800009,35.00020276042741,43.00760269165039
1664554882026,40.91721645637536,-73.12354293496632,35.000407213810725,43.01491165161133
1664554882407,40.91713846377507,-73.1235154427225,35.0,43.021244049072266
1664554894027,40.9171781620173,-73.12353070701855,35.0002064464953,43.026859283447266
1664554894410,40.91715669832324,-73.12352005493112,35.0,43.031707763671875
1664554906027,40.91719549365756,-73.12353509090266,35.00020844999609,43.035709381103516
1664554906408,40.917181844450695,-73.12354304214762,35.000208676501764,43.039188385009766
1664554918027,40.917219394900364,-73.12355693966502,35.00041922709897,43.04228591918945
1664554918406,40.91718292563685,-73.1235602640326,35.00041945269258,43.04497146606445
1664554930027,40.91722042335487,-73.1235733086769,35.00063214509231,43.04735565185547
1664554930400,40.917172513789474,-73.12356501973949,35.00063236545874,43.049415588378906
1664554942027,40.91721052815878,-73.12357782907164,35.00084729192504,43.051116943359375
1664554942402,40.917161171876515,-73.12353861733303,35.00084751636413,43.05259704589844
1664554954026,40.91723137906646,-73.12356431022873,48.26192609443327,43.06236267089844
1664554954394,40.91717175094935,-73.12356293451764,36.0,43.06256103515625
1664554960415,40.91737495265321,-73.1236351517195,78.0762877727587,43.06260299682617
1664554960812,40.91750019776163,-73.12367714909742,78.1857474323082,43.06260681152344
1664554962074,40.91762073554988,-73.12371799734862,79.26908882033632,43.06260681152344
1664554968134,40.917835452958805,-73.12379211770016,99.94696905163015,43.06260681152344
1664554968565,40.91719172711249,-73.12350703241023,35.0,43.06260681152344
1664554974593,40.91743807696038,-73.12360089143571,65.84342134161643,43.06260681152344
1664554975028,40.91727347031543,-73.12348360794977,35.0,43.06260681152344
1664554976301,40.9172596112923,-73.12346926312956,35.0,43.06260564831622
1664554982351,40.91749758374201,-73.12356705386651,61.718438207854625,43.06260564831622
1664554982777,40.91728628795527,-73.12353918069233,47.0,43.06260564831622
1664554984039,40.91730086220396,-73.12356114957103,47.0,43.06260564831622
1664554990144,40.917554421264036,-73.12366750563888,67.59664766744079,43.06260564831622
1664554990587,40.91719236875244,-73.12346229084056,35.0,43.06260564831622
1664554996424,40.91718938983955,-73.12345760994991,35.0,43.06260564831622
1664555002447,40.91731368470094,-73.12351244695249,50.32539200451975,43.06260564831622
1664555002873,40.91727529035114,-73.12346118098873,35.0,43.06260564831622
1664555004100,40.917313136432355,-73.12347480988309,35.0,43.06260564831622
1664555007652,40.917288814477836,-73.12345442102075,41.64567434836896,43.06260564831622
1664555008024,40.91798763909879,-73.123715126923,36.00865860067765,37.95261372998357
1664555009023,40.917940185323225,-73.12442586851046,28.020391388416908,37.957962365821004
1664555011022,40.917940185323225,-73.12442586851046,27.918142717768312,37.957962365821004
1664555013022,40.917940185323225,-73.12442586851046,28.007426088632528,37.957962365821004
1664555028646,40.917940167250364,-73.1244003605228,35.0,35.8952751159668
1664555029066,40.91760074306809,-73.12396664828502,35.00295816881014,36.350379943847656
1664555031017,40.91795232421193,-73.1244713658038,19.858628848126664,38.893423626199365
1664555032019,40.91795232421193,-73.1244713658038,19.983325628625,38.893423626199365
1664555034018,40.91795232421193,-73.1244713658038,20.116820457829764,38.893423626199365
1664555035019,40.91795232421193,-73.1244713658038,19.602050829454065,38.893423626199365
1664555036020,40.91795232421193,-73.1244713658038,19.558709412791842,38.893423626199365
1664555038021,40.91795232421193,-73.1244713658038,19.76269020423202,38.893423626199365
1664555040020,40.91795232421193,-73.1244713658038,19.85845171389792,38.893423626199365
1664555041020,40.91795232421193,-73.1244713658038,19.91757223826617,38.893423626199365
1664555052020,40.917952012286975,-73.12445528458642,35.0,39.67231369018555
1664555052836,40.91748771877084,-73.12391426288957,35.0,40.20601272583008
1664555064020,40.91750783156094,-73.12389588091055,38.33582336743375,40.60292053222656
1664555064802,40.917288664005135,-73.12363175496345,35.0,40.92641830444336
1664555065023,40.917955589042926,-73.12445459198054,20.95790790580841,38.93158559408039
1664555067020,40.917955589042926,-73.12445459198054,21.07861627322017,38.93158559408039
1664555069011,40.917955589042926,-73.12445459198054,21.206431604992616,38.93158559408039
1664555070015,40.917955589042926,-73.12445459198054,21.26193078742019,38.93158559408039
1664555080018,40.91795769889743,-73.12443321623948,21.87459673079873,38.747658296488225
1664555082015,40.91795769889743,-73.12443321623948,21.989615005584202,38.747658296488225
1664555083018,40.91795769889743,-73.12443321623948,22.054230816167326,38.747658296488225
1664555085020,40.91795769889743,-73.12443321623948,22.15475987697745,38.747658296488225
1664555092018,40.917958317444466,-73.12443384984587,22.594539709676514,38.85391092300415
1664555094014,40.917958317444466,-73.12443384984587,22.705361014660607,38.85391092300415
1664555095023,40.91795941767356,-73.12443450079938,22.94004089287382,39.63026211410761
1664555096017,40.91795926060321,-73.12443513529503,23.457680421063756,39.234152623452246
1664555108019,40.917949120053905,-73.12411712532905,153.3066216647,43.06260564831622
1664555108419,40.91713407456597,-73.12344617439253,35.0,43.03058624267578
1664555110001,40.91801069711436,-73.12422787514328,22.6057940133867,39.05232317466289
1664555111001,40.91801940811796,-73.12421583580465,25.252757867442654,39.19989462848753
1664555112001,40.91802759489382,-73.1242163930876,29.085449015718282,39.02827858738601
1664555113001,40.91803675338874,-73.12420841399381,33.60811616614458,39.12068715225905
1664555114001,40.91801705204287,-73.12419586155862,38.38164333556827,39.14249168802053
1664555115001,40.91771154328247,-73.12396816168128,39.709351741140914,39.233382454141974
1664555116001,40.917673522996964,-73.12388458172268,34.91180253967964,38.22627928014845
1664555117002,40.91763973400351,-73.1238565304666,39.15035358395565,37.00680406484753
1664555118002,40.917586133966246,-73.12382401580099,43.932524716624776,37.154715452343225
1664555119002,40.91776387515176,-73.12395703813284,26.813243470883567,37.3889852873981
1664555120002,40.91776387515176,-73.12395703813284,26.202404156142077,37.3889852873981
1664555121002,40.91776387515176,-73.12395703813284,22.82735756893117,37.3889852873981
1664555122002,40.91776387515176,-73.12395703813284,22.647764188411916,37.3889852873981
1664555123002,40.916801928580846,-73.12324625446752,21.696708084741715,39.536983522586524
1664555124002,40.916801928580846,-73.12324625446752,24.964939655347013,39.536983522586524
1664555126000,40.916801928580846,-73.12324625446752,37.55920382236801,39.536983522586524
1664555128000,40.916801928580846,-73.12324625446752,63.01630872759044,39.536983522586524
1664555129000,40.917718630661774,-73.12372379129658,19.5892298256177,38.902201739139855
1664555130000,40.917718630661774,-73.12372379129658,19.684439324843947,38.902201739139855
1664555132000,40.917718630661774,-73.12372379129658,19.861541514679548,38.902201739139855
1664555134000,40.917718630661774,-73.12372379129658,20.13426075719539,38.902201739139855
1664555136000,40.917718630661774,-73.12372379129658,20.29433386365087,38.902201739139855
1664555138000,40.917718630661774,-73.12372379129658,20.44281001166402,38.902201739139855
1664555140000,40.917718630661774,-73.12372379129658,18.90305890758394,38.902201739139855
1664555142000,40.917718630661774,-73.12372379129658,19.084236611469212,38.902201739139855
1664555144030,40.917718630661774,-73.12372379129658,19.259720302023485,38.902201739139855
1664555146031,40.917718630661774,-73.12372379129658,19.435540563548532,38.902201739139855
1664555148000,40.917718630661774,-73.12372379129658,19.5990565452121,38.902201739139855
1664555149000,40.917718630661774,-73.12372379129658,19.696383613436197,38.902201739139855
1664555150000,40.917718630661774,-73.12372379129658,19.77690349799156,38.902201739139855
1664555151000,40.917718630661774,-73.12372379129658,19.556538353491188,38.902201739139855
1664555152000,40.917718630661774,-73.12372379129658,19.646302864299095,38.902201739139855
1664555153000,40.917718630661774,-73.12372379129658,19.73368823100697,38.902201739139855
1664555154000,40.917718630661774,-73.12372379129658,19.829055524698113,38.902201739139855
1664555155000,40.917718630661774,-73.12372379129658,19.918883920691638,38.902201739139855
1664555156000,40.917718630661774,-73.12372379129658,19.88693905753053,38.902201739139855
1664555157000,40.917718630661774,-73.12372379129658,19.984554579733192,38.902201739139855
1664555158000,40.917718630661774,-73.12372379129658,20.17976225103803,38.902201739139855
1664555159000,40.917718630661774,-73.12372379129658,20.247046341111975,38.902201739139855
1664555160000,40.917718630661774,-73.12372379129658,18.724565112584852,38.902201739139855
1664555161000,40.917718630661774,-73.12372379129658,18.698056582808704,38.902201739139855
1664555162000,40.917718630661774,-73.12372379129658,18.784232115028136,38.902201739139855
1664555163000,40.917718630661774,-73.12372379129658,18.86872627275657,38.902201739139855
1664555164000,40.917718630661774,-73.12372379129658,18.965234266922895,38.902201739139855
1664555165000,40.917718630661774,-73.12372379129658,19.046352796272647,38.902201739139855
1664555166000,40.917718630661774,-73.12372379129658,19.139810258825168,38.902201739139855
1664555167000,40.917718630661774,-73.12372379129658,19.229513534517807,38.902201739139855
1664555168000,40.917718630661774,-73.12372379129658,19.30051757705306,38.902201739139855
1664555169000,40.917718630661774,-73.12372379129658,19.393696695579926,38.902201739139855
1664555170000,40.917718630661774,-73.12372379129658,19.491943784733337,38.902201739139855
1664555171000,40.917718630661774,-73.12372379129658,19.578162829776883,38.902201739139855
1664555172000,40.917718630661774,-73.12372379129658,19.655459664528397,38.902201739139855
1664555173000,40.917718630661774,-73.12372379129658,19.751882779740004,38.902201739139855
1664555174000,40.917718630661774,-73.12372379129658,19.840577369106093,38.902201739139855
1664555175000,40.917718630661774,-73.12372379129658,19.929815613067934,38.902201739139855
1664555176000,40.917718630661774,-73.12372379129658,20.106856244407798,38.902201739139855
1664555177000,40.917718630661774,-73.12372379129658,20.086637623134067,38.902201739139855
1664555178000,40.917718630661774,-73.12372379129658,20.275580157413444,38.902201739139855
1664555179000,40.917718630661774,-73.12372379129658,20.246038132001352,38.902201739139855
1664555180000,40.917718630661774,-73.12372379129658,20.399924466567022,38.902201739139855
1664555181000,40.917718630661774,-73.12372379129658,20.377009938772304,38.902201739139855
1664555182000,40.917718630661774,-73.12372379129658,20.553394466431516,38.902201739139855
1664555183001,40.917718630661774,-73.12372379129658,20.620833268058934,38.902201739139855
1664555184001,40.917718630661774,-73.12372379129658,20.69107844487765,38.902201739139855
1664555185001,40.917718630661774,-73.12372379129658,20.6667811743588,38.902201739139855
1664555186001,40.917718630661774,-73.12372379129658,20.741156088113627,38.902201739139855
1664555187001,40.917718630661774,-73.12372379129658,20.80507962286107,38.902201739139855
1664555188001,40.917718630661774,-73.12372379129658,20.88933412499468,38.902201739139855
1664555189001,40.91787871577087,-73.12362557390561,20.37437315452715,37.50193861499429
1664555190001,40.917878460320736,-73.12362654887563,20.691502995744727,38.12988023459911
1664555191001,40.91787665131635,-73.12362559308478,21.29544454350938,38.532086784020066
1664555192001,40.91787337668458,-73.12362103050117,22.380125049214964,38.25587532110512
1664555193001,40.91787152290356,-73.12361721782408,23.808817873444735,38.18975181970745
1664555194001,40.91787223430624,-73.12361296402194,26.295051419020744,38.0349458521232
1664555195001,40.91786905207678,-73.12360944347786,29.195806266878378,38.10540422704071
1664555196001,40.917866863676295,-73.12360663412215,32.38508120700156,37.957528128288686
1664555197001,40.917866927008845,-73.12360458673662,34.01354549744837,37.87959012296051
1664555198001,40.91703850779786,-73.123316243359,167.54589034307094,38.633235963992774
1664555199001,40.91703850779786,-73.123316243359,190.13244166285358,38.633235963992774
1664555200001,40.91703850779786,-73.123316243359,211.8654853087241,38.633235963992774
1664555201001,40.91703777105806,-73.12331633003423,204.82572224402304,38.633235931396484
1664555202001,40.917895990294305,-73.12366239491159,26.878733590418676,37.8678634185344
1664555203001,40.917895990294305,-73.12366239491159,26.559350625306326,37.8678634185344
1664555204001,40.917895990294305,-73.12366239491159,26.467182073195364,37.8678634185344
1664555205001,40.917895990294305,-73.12366239491159,26.43869027408025,37.8678634185344
1664555206001,40.917895990294305,-73.12366239491159,26.444274949571405,37.8678634185344
1664555207001,40.917895990294305,-73.12366239491159,26.554553129500476,37.8678634185344
1664555208001,40.917895990294305,-73.12366239491159,26.5091188795683,37.8678634185344
1664555209001,40.917895990294305,-73.12366239491159,26.57559826516336,37.8678634185344
1664555210001,40.917895990294305,-73.12366239491159,26.616905789344614,37.8678634185344
1664555211001,40.917895990294305,-73.12366239491159,26.669115501991524,37.8678634185344
1664555212001,40.917895990294305,-73.12366239491159,26.714506901215604,37.8678634185344
1664555213001,40.917895990294305,-73.12366239491159,26.612854464329413,37.8678634185344
1664555214001,40.917895990294305,-73.12366239491159,26.636805535789126,37.8678634185344
1664555215001,40.917895990294305,-73.12366239491159,26.637916267289313,37.8678634185344
1664555216001,40.917895990294305,-73.12366239491159,26.675479757989518,37.8678634185344
1664555217001,40.917895990294305,-73.12366239491159,26.737947104900076,37.8678634185344
1664555218001,40.917895990294305,-73.12366239491159,26.80284418238643,37.8678634185344
1664555219001,40.917416707503754,-73.12362452308344,18.062187985157713,37.85503884870559
1664555220001,40.917416707503754,-73.12362452308344,18.16009334983717,37.85503884870559
1664555221001,40.917416707503754,-73.12362452308344,18.2552526930158,37.85503884870559
1664555222001,40.917416707503754,-73.12362452308344,18.34407672201154,37.85503884870559
1664555223001,40.917416707503754,-73.12362452308344,18.420176943723938,37.85503884870559
1664555224001,40.91703737624094,-73.12331691391125,105.85459831498564,38.66787341516465
1664555225001,40.91703737624094,-73.12331691391125,103.27666973256964,38.66787341516465
1664555226001,40.91703737624094,-73.12331691391125,102.02511031416407,38.66787341516465
1664555227001,40.91703737624094,-73.12331691391125,101.346283681854,38.66787341516465
1664555228001,40.91703737624094,-73.12331691391125,80.39783134851903,38.66787341516465
1664555229001,40.91703737624094,-73.12331691391125,81.58268291351251,38.66787341516465
1664555230001,40.91740616599232,-73.12361799382303,19.189042087968993,38.466388375498354
1664555231001,40.91740616599232,-73.12361799382303,19.274765271114287,38.466388375498354
1664555232002,40.91740616599232,-73.12361799382303,19.36895776994055,38.466388375498354
1664555233002,40.91740616599232,-73.12361799382303,19.446570974684416,38.466388375498354
1664555234002,40.91740616599232,-73.12361799382303,19.5126240949421,38.466388375498354
1664555235002,40.91740616599232,-73.12361799382303,19.505083018562274,38.466388375498354
1664555236002,40.91703737624094,-73.12331691391125,145.61931419742882,38.66787341516465
1664555237002,40.91703737624094,-73.12331691391125,168.9371016107628,38.66787341516465
1664555238002,40.91703737624094,-73.12331691391125,186.86992978721727,38.66787341516465
1664555239002,40.917037376240856,-73.12331691391122,200.0,38.66787338256836
1664555240002,40.91740185192393,-73.12361647263332,20.017448998208007,38.541971227154136
1664555241002,40.91740185192393,-73.12361647263332,20.109249283687483,38.541971227154136
1664555242002,40.91740185192393,-73.12361647263332,20.205866115619543,38.541971227154136
1664555243002,40.91740185192393,-73.12361647263332,20.294267688767736,38.541971227154136
1664555244002,40.91740185192393,-73.12361647263332,20.161002465046007,38.541971227154136
1664555245002,40.91740185192393,-73.12361647263332,20.250890830703792,38.541971227154136
1664555246002,40.91740185192393,-73.12361647263332,20.313214667448396,38.541971227154136
1664555247002,40.91740185192393,-73.12361647263332,20.508378922322965,38.541971227154136
1664555248002,40.91740185192393,-73.12361647263332,20.557938212746222,38.541971227154136
1664555249002,40.91740185192393,-73.12361647263332,20.636892047931035,38.541971227154136
1664555250002,40.91740185192393,-73.12361647263332,20.32786083544237,38.541971227154136
1664555252000,40.91740185192393,-73.12361647263332,15.67495959121433,38.541971227154136
1664555253040,40.91740185192393,-73.12361647263332,15.78852453829227,38.541971227154136
1664555255000,40.91740185192393,-73.12361647263332,15.972735687446642,38.541971227154136
1664555256000,40.91740071334176,-73.12361553669375,200.0,38.54197311401367
1664555257000,40.91729926348001,-73.12348193838419,16.19329919293876,38.33990447688848
1664555258000,40.91729926348001,-73.12348193838419,16.311385984463072,38.33990447688848
1664555260000,40.91729926348001,-73.12348193838419,16.50071435746096,38.33990447688848
1664555262000,40.91729926348001,-73.12348193838419,16.672149162642416,38.33990447688848
1664555264000,40.91729926348001,-73.12348193838419,16.862170927963962,38.33990447688848
1664555266000,40.91729926348001,-73.12348193838419,17.045325078619285,38.33990447688848
1664555268000,40.91729926348001,-73.12348193838419,17.3442317602087,38.33990447688848
1664555270000,40.91729926348001,-73.12348193838419,17.501832323768607,38.33990447688848
1664555271000,40.91729926348001,-73.12348193838419,17.641650505592455,38.33990447688848
1664555272000,40.91729926348001,-73.12348193838419,17.721494607843383,38.33990447688848
1664555273000,40.91729926348001,-73.12348193838419,17.79672051590536,38.33990447688848
1664555274000,40.91729926348001,-73.12348193838419,17.891086264906026,38.33990447688848
1664555275000,40.91729926348001,-73.12348193838419,17.98545376149624,38.33990447688848
1664555276000,40.91729926348001,-73.12348193838419,18.075573374127156,38.33990447688848
1664555277000,40.91729926348001,-73.12348193838419,18.18761682857436,38.33990447688848
1664555278000,40.91729926348001,-73.12348193838419,18.281210407715125,38.33990447688848
1664555279000,40.91729926348001,-73.12348193838419,18.37191308987251,38.33990447688848
1664555280000,40.91729926348001,-73.12348193838419,16.665094956523948,38.33990447688848
1664555281000,40.91729926348001,-73.12348193838419,16.768759026569512,38.33990447688848
1664555282000,40.91729926348001,-73.12348193838419,16.873546450498768,38.33990447688848
1664555283000,40.91729926348001,-73.12348193838419,16.956758898576215,38.33990447688848
1664555284000,40.91729926348001,-73.12348193838419,17.077854902810866,38.33990447688848
1664555285000,40.91729926348001,-73.12348193838419,17.174332693181764,38.33990447688848
1664555286000,40.91729926348001,-73.12348193838419,17.27563792339699,38.33990447688848
1664555287000,40.91729926348001,-73.12348193838419,17.35713581517168,38.33990447688848
1664555288000,40.917038046793195,-73.12331741682544,80.88713162051845,38.35131457913667
1664555289000,40.917291002399864,-73.12349111812591,17.716634339038436,38.21398614253849
1664555290000,40.917291002399864,-73.12349111812591,17.68047115962011,38.21398614253849
1664555291000,40.917291002399864,-73.12349111812591,17.783035500560228,38.21398614253849
1664555292000,40.917291002399864,-73.12349111812591,17.969438779455597,38.21398614253849
1664555293000,40.917291002399864,-73.12349111812591,18.07531833802547,38.21398614253849
1664555294000,40.917291002399864,-73.12349111812591,18.149144537118744,38.21398614253849
1664555295000,40.917291002399864,-73.12349111812591,18.265396192808318,38.21398614253849
1664555296000,40.917291002399864,-73.12349111812591,18.361051189784796,38.21398614253849
1664555297000,40.917291002399864,-73.12349111812591,18.440529044907272,38.21398614253849
1664555298000,40.917291002399864,-73.12349111812591,18.510714553776417,38.21398614253849
1664555299000,40.917291002399864,-73.12349111812591,18.596549281306146,38.21398614253849
1664555300000,40.917291002399864,-73.12349111812591,18.69307253764906,38.21398614253849
1664555301000,40.917291002399864,-73.12349111812591,18.787990981059544,38.21398614253849
1664555302000,40.917291002399864,-73.12349111812591,18.867153435808614,38.21398614253849
1664555303000,40.917291002399864,-73.12349111812591,18.972707671620636,38.21398614253849
1664555304000,40.917291002399864,-73.12349111812591,19.056596589885388,38.21398614253849
1664555305001,40.917291002399864,-73.12349111812591,19.156700106248454,38.21398614253849
1664555306001,40.917291002399864,-73.12349111812591,19.387310514920483,38.21398614253849
1664555307001,40.917291002399864,-73.12349111812591,19.460004269597484,38.21398614253849
1664555308001,40.917291002399864,-73.12349111812591,19.540428427711852,38.21398614253849
1664555309001,40.917291002399864,-73.12349111812591,19.600249470062483,38.21398614253849
1664555310001,40.917291002399864,-73.12349111812591,15.082234249235595,38.21398614253849
1664555311001,40.917291002399864,-73.12349111812591,15.218567045471975,38.21398614253849
1664555312001,40.917291002399864,-73.12349111812591,15.32623796400978,38.21398614253849
1664555313001,40.917291002399864,-73.12349111812591,15.421660068090839,38.21398614253849
1664555314001,40.917291002399864,-73.12349111812591,15.554700606391956,38.21398614253849
1664555315001,40.917291002399864,-73.12349111812591,15.269092218105571,38.21398614253849
1664555316001,40.917291002399864,-73.12349111812591,15.361287582350272,38.21398614253849
1664555317001,40.917291002399864,-73.12349111812591,15.286726312464388,38.21398614253849
1664555318001,40.917291002399864,-73.12349111812591,15.3188137301966,38.21398614253849
1664555319001,40.917291002399864,-73.12349111812591,15.382692850626924,38.21398614253849
1664555320001,40.917291002399864,-73.12349111812591,15.502331689683968,38.21398614253849
1664555321001,40.917291002399864,-73.12349111812591,15.622836749711231,38.21398614253849
1664555322001,40.917291002399864,-73.12349111812591,15.873089972832496,38.21398614253849
1664555323001,40.917291002399864,-73.12349111812591,15.969768094504468,38.21398614253849
1664555324001,40.917291002399864,-73.12349111812591,16.051447237651043,38.21398614253849
1664555325001,40.917291002399864,-73.12349111812591,16.183250461248946,38.21398614253849
1664555326001,40.917291002399864,-73.12349111812591,16.263067930554026,38.21398614253849
1664555327001,40.917291002399864,-73.12349111812591,16.3725851299787,38.21398614253849
1664555328001,40.917291002399864,-73.12349111812591,16.46719286668824,38.21398614253849
1664555329001,40.917291002399864,-73.12349111812591,16.572200251363174,38.21398614253849
1664555330001,40.917291002399864,-73.12349111812591,16.654642852205804,38.21398614253849
1664555331001,40.917291002399864,-73.12349111812591,16.765536676588955,38.21398614253849
1664555332001,40.917291002399864,-73.12349111812591,16.870378664485774,38.21398614253849
1664555333001,40.917291002399864,-73.12349111812591,16.970684285065786,38.21398614253849
1664555334001,40.917291002399864,-73.12349111812591,17.055997222007413,38.21398614253849
1664555335001,40.917291002399864,-73.12349111812591,16.932634542885303,38.21398614253849
1664555336001,40.917291002399864,-73.12349111812591,16.78317132281816,38.21398614253849
1664555337001,40.917291002399864,-73.12349111812591,17.027673277873543,38.21398614253849
1664555338001,40.917291002399864,-73.12349111812591,17.11028931428868,38.21398614253849
1664555339001,40.917291002399864,-73.12349111812591,17.225107991414816,38.21398614253849
1664555340001,40.917291002399864,-73.12349111812591,17.000857736622567,38.21398614253849
1664555341001,40.917291002399864,-73.12349111812591,16.92445508591779,38.21398614253849
1664555342001,40.917291002399864,-73.12349111812591,17.01677571904336,38.21398614253849
1664555343001,40.917291002399864,-73.12349111812591,17.120200474460752,38.21398614253849
1664555344001,40.917291002399864,-73.12349111812591,17.20895803765244,38.21398614253849
1664555345001,40.917291002399864,-73.12349111812591,17.29054723289047,38.21398614253849
1664555346001,40.917291002399864,-73.12349111812591,17.389601069035923,38.21398614253849
1664555347001,40.917291002399864,-73.12349111812591,17.507023125116163,38.21398614253849
1664555348001,40.917038046793195,-73.12331741682544,25.344810207627656,38.35131457913667
1664555349001,40.91729157508997,-73.12345465876761,17.67611540832354,38.0726575339213
1664555350001,40.91729157508997,-73.12345465876761,17.79336206273663,38.0726575339213
1664555351001,40.91729157508997,-73.12345465876761,17.89512462584112,38.0726575339213
1664555352001,40.91729157508997,-73.12345465876761,17.99103192925315,38.0726575339213
1664555353001,40.91729157508997,-73.12345465876761,18.0884362296843,38.0726575339213
1664555354001,40.91729157508997,-73.12345465876761,18.176817647703626,38.0726575339213
1664555355001,40.91729157508997,-73.12345465876761,18.42414864600732,38.0726575339213
1664555356001,40.91729157508997,-73.12345465876761,18.47007695935201,38.0726575339213
1664555357001,40.91729157508997,-73.12345465876761,18.57531832004929,38.0726575339213
1664555358001,40.91729157508997,-73.12345465876761,18.41714330660396,38.0726575339213
1664555359001,40.91729157508997,-73.12345465876761,18.479262339783983,38.0726575339213
1664555360001,40.91729157508997,-73.12345465876761,18.563511582276636,38.0726575339213
1664555361002,40.91729157508997,-73.12345465876761,18.635166344170923,38.0726575339213
1664555362002,40.91729157508997,-73.12345465876761,18.70167512243571,38.0726575339213
1664555363002,40.91729157508997,-73.12345465876761,18.759063335062827,38.0726575339213
1664555364002,40.91729157508997,-73.12345465876761,18.85061460582166,38.0726575339213
1664555365002,40.91729157508997,-73.12345465876761,18.491997629717655,38.0726575339213
1664555366002,40.91729157508997,-73.12345465876761,18.58308675251756,38.0726575339213
1664555367002,40.91729157508997,-73.12345465876761,18.307806078626562,38.0726575339213
1664555368002,40.91729157508997,-73.12345465876761,18.374882213840593,38.0726575339213
1664555369002,40.91729157508997,-73.12345465876761,17.949516774797036,38.0726575339213
1664555370002,40.91729157508997,-73.12345465876761,17.618832164657675,38.0726575339213
1664555371002,40.91729157508997,-73.12345465876761,17.00397910839882,38.0726575339213
1664555372002,40.91729157508997,-73.12345465876761,13.77277318080234,38.0726575339213
1664555373002,40.91729157508997,-73.12345465876761,13.655324883646596,38.0726575339213
1664555374002,40.91729157508997,-73.12345465876761,13.431253733168319,38.0726575339213
1664555375002,40.91729157508997,-73.12345465876761,13.63513260538267,38.0726575339213
1664555376002,40.91729157508997,-73.12345465876761,13.533564620760645,38.0726575339213
1664555378001,40.91729157508997,-73.12345465876761,13.68853091502218,38.0726575339213
1664555380001,40.91729157508997,-73.12345465876761,13.768563038823261,38.0726575339213
1664555382001,40.91729157508997,-73.12345465876761,13.936061895725897,38.0726575339213
1664555384000,40.91729157508997,-73.12345465876761,14.10361742713113,38.0726575339213
1664555386000,40.91729157508997,-73.12345465876761,14.313875707034075,38.0726575339213
1664555388000,40.91729157508997,-73.12345465876761,14.525693622992259,38.0726575339213
1664555390000,40.91729157508997,-73.12345465876761,14.758799278680529,38.0726575339213
1664555392000,40.91729157508997,-73.12345465876761,14.97032469451453,38.0726575339213
1664555394000,40.91729157508997,-73.12345465876761,15.193061074452412,38.0726575339213
1664555396000,40.91729157508997,-73.12345465876761,15.555053775212771,38.0726575339213
1664555398000,40.91729157508997,-73.12345465876761,15.383185065458752,38.0726575339213
1664555400000,40.91729157508997,-73.12345465876761,15.274147653428658,38.0726575339213
1664555401000,40.91729157508997,-73.12345465876761,15.083984352716735,38.0726575339213
1664555402000,40.91729157508997,-73.12345465876761,15.201959980766153,38.0726575339213
1664555403000,40.91729157508997,-73.12345465876761,15.351238065667086,38.0726575339213
1664555404000,40.91729157508997,-73.12345465876761,15.446169247634318,38.0726575339213
1664555405000,40.91729157508997,-73.12345465876761,15.580037448093,38.0726575339213
1664555406000,40.91729157508997,-73.12345465876761,15.687625356491905,38.0726575339213
1664555407000,40.91729157508997,-73.12345465876761,15.782070021050982,38.0726575339213
1664555408000,40.917038046793,-73.12331741682544,49.85108245965238,38.351314544677734
1664555409000,40.917038046793195,-73.12331741682544,49.85108245965239,38.35131457913667
1664555410000,40.917038046793195,-73.12331741682544,39.7016079374397,38.35131457913667
1664555411000,40.917038046793195,-73.12331741682544,38.486139670323375,38.35131457913667
1664555412000,40.917038046793195,-73.12331741682544,39.36277825871748,38.35131457913667
1664555413000,40.917038046793195,-73.12331741682544,39.901707797176634,38.35131457913667
1664555414000,40.917038046793195,-73.12331741682544,41.253704253011335,38.35131457913667
1664555415000,40.91725450153183,-73.12326598294014,16.801755374923445,38.72464815992862
1664555416000,40.91725450153183,-73.12326598294014,16.882986358949978,38.72464815992862
1664555417000,40.91725450153183,-73.12326598294014,16.979643439620435,38.72464815992862
1664555418000,40.91725450153183,-73.12326598294014,17.082479169670624,38.72464815992862
1664555419000,40.91725450153183,-73.12326598294014,17.181857701829266,38.72464815992862
1664555420000,40.91725450153183,-73.12326598294014,17.269400727751258,38.72464815992862
1664555421000,40.91725450153183,-73.12326598294014,17.356315327781004,38.72464815992862
1664555422000,40.91725450153183,-73.12326598294014,17.45812815880813,38.72464815992862
1664555423000,40.91725450153183,-73.12326598294014,17.557466759539505,38.72464815992862
1664555424000,40.91725450153183,-73.12326598294014,17.48240775351636,38.72464815992862
1664555425000,40.91725450153183,-73.12326598294014,17.536912035819732,38.72464815992862
1664555426000,40.91725450153183,-73.12326598294014,17.47728490979011,38.72464815992862
1664555427000,40.91725450153183,-73.12326598294014,17.52299317836235,38.72464815992862
1664555428000,40.91725450153183,-73.12326598294014,17.462951096518264,38.72464815992862
1664555429000,40.91725450153183,-73.12326598294014,17.33253491723137,38.72464815992862
1664555430001,40.91725450153183,-73.12326598294014,17.357774782236696,38.72464815992862
1664555431001,40.91725450153183,-73.12326598294014,14.834095212153407,38.72464815992862
1664555432001,40.91725450153183,-73.12326598294014,14.92964773314382,38.72464815992862
1664555433001,40.91725450153183,-73.12326598294014,15.003232149915956,38.72464815992862
1664555434001,40.91725450153183,-73.12326598294014,15.058967513160885,38.72464815992862
1664555435001,40.91725450153183,-73.12326598294014,15.18736049606153,38.72464815992862
1664555436001,40.91725450153183,-73.12326598294014,15.32804043597442,38.72464815992862
1664555437001,40.91725450153183,-73.12326598294014,15.25520121067397,38.72464815992862
1664555438001,40.91725450153183,-73.12326598294014,15.494522694475625,38.72464815992862
1664555439001,40.91725450153183,-73.12326598294014,15.586125684060926,38.72464815992862
1664555440001,40.91725450153183,-73.12326598294014,15.706226540294173,38.72464815992862
1664555441001,40.91725450153183,-73.12326598294014,15.765752502978733,38.72464815992862
1664555442001,40.91725450153183,-73.12326598294014,15.855815465838079,38.72464815992862
1664555443001,40.91725450153183,-73.12326598294014,15.970548158929626,38.72464815992862
1664555444001,40.91725450153183,-73.12326598294014,16.02353070284712,38.72464815992862
1664555445001,40.91725450153183,-73.12326598294014,16.10928328822322,38.72464815992862
1664555446001,40.91725450153183,-73.12326598294014,16.210700200460785,38.72464815992862
1664555447001,40.91725450153183,-73.12326598294014,16.124957717777455,38.72464815992862
1664555448001,40.91725450153183,-73.12326598294014,16.220537857991975,38.72464815992862
1664555449001,40.91725450153183,-73.12326598294014,16.3115020950099,38.72464815992862
1664555450001,40.91725450153183,-73.12326598294014,16.398128095469005,38.72464815992862
1664555451001,40.91725450153183,-73.12326598294014,16.50109639628995,38.72464815992862
1664555452001,40.91725450153183,-73.12326598294014,16.739852587615534,38.72464815992862
1664555453001,40.91725450153183,-73.12326598294014,16.684143865793928,38.72464815992862
1664555454001,40.91725450153183,-73.12326598294014,16.899298932848694,38.72464815992862
1664555455001,40.91725450153183,-73.12326598294014,16.833550255944076,38.72464815992862
1664555456001,40.91725450153183,-73.12326598294014,16.89593687535671,38.72464815992862
1664555457001,40.91725450153183,-73.12326598294014,16.991289881633215,38.72464815992862
1664555458001,40.91725450153183,-73.12326598294014,17.078919644609826,38.72464815992862
1664555459001,40.91725450153183,-73.12326598294014,17.178066985509933,38.72464815992862
1664555460001,40.91725450153183,-73.12326598294014,17.286023417404976,38.72464815992862
1664555461001,40.91725450153183,-73.12326598294014,17.185765902966242,38.72464815992862
1664555462001,40.91725450153183,-73.12326598294014,17.054777308960187,38.72464815992862
1664555463001,40.91725450153183,-73.12326598294014,14.747033168395431,38.72464815992862
1664555464001,40.91725450153183,-73.12326598294014,14.540410459440428,38.72464815992862
1664555465001,40.91725450153183,-73.12326598294014,14.642663034825341,38.72464815992862
1664555466001,40.91725450153183,-73.12326598294014,14.704812524002897,38.72464815992862
1664555467001,40.91725450153183,-73.12326598294014,14.815647435161264,38.72464815992862
1664555468001,40.91725450153183,-73.12326598294014,14.88116677400733,38.72464815992862
1664555469001,40.91725450153183,-73.12326598294014,14.72814268467911,38.72464815992862
1664555470001,40.91725450153183,-73.12326598294014,14.580997034770155,38.72464815992862
1664555471001,40.91725450153183,-73.12326598294014,14.726098101276543,38.72464815992862
1664555472001,40.91725450153183,-73.12326598294014,14.807683275019201,38.72464815992862
1664555473001,40.91725450153183,-73.12326598294014,14.935941296103216,38.72464815992862
1664555474001,40.91725450153183,-73.12326598294014,15.037834131752888,38.72464815992862
1664555475001,40.91725450153183,-73.12326598294014,15.12930074865566,38.72464815992862
1664555476001,40.91725450153183,-73.12326598294014,15.223701874220883,38.72464815992862
1664555477001,40.91725450153183,-73.12326598294014,15.352757137255956,38.72464815992862
1664555478001,40.91725450153183,-73.12326598294014,15.475329558507338,38.72464815992862
1664555480001,40.91725450153183,-73.12326598294014,15.333404415402644,38.72464815992862
1664555481001,40.91725450153183,-73.12326598294014,15.453312055376665,38.72464815992862
1664555482001,40.91725450153183,-73.12326598294014,15.552827337259973,38.72464815992862
1664555483001,40.91725450153183,-73.12326598294014,15.272669395992034,38.72464815992862
1664555484001,40.91725450153183,-73.12326598294014,15.390525283542939,38.72464815992862
1664555485001,40.91725450153183,-73.12326598294014,15.500869766535706,38.72464815992862
1664555486001,40.91725450153183,-73.12326598294014,15.61425347525349,38.72464815992862
1664555487001,40.91725450153183,-73.12326598294014,15.7291571496945,38.72464815992862
1664555488001,40.91725450153183,-73.12326598294014,15.977572432948186,38.72464815992862
1664555489001,40.91725450153183,-73.12326598294014,15.957660638852717,38.72464815992862
1664555490001,40.91725450153183,-73.12326598294014,16.00373311998145,38.72464815992862
1664555491001,40.91725450153183,-73.12326598294014,15.83395295713218,38.72464815992862
1664555492001,40.91725450153183,-73.12326598294014,15.77493112365233,38.72464815992862
1664555493001,40.91725450153183,-73.12326598294014,15.736923604254494,38.72464815992862
1664555494001,40.91725450153183,-73.12326598294014,15.542453373437494,38.72464815992862
1664555495001,40.91725450153183,-73.12326598294014,15.53738856034721,38.72464815992862
1664555496001,40.91725450153183,-73.12326598294014,15.492917548127643,38.72464815992862
1664555497002,40.91725450153183,-73.12326598294014,15.285691404306585,38.72464815992862
1664555498002,40.91725450153183,-73.12326598294014,15.287148523125541,38.72464815992862
1664555499002,40.91725450153183,-73.12326598294014,15.29068066100659,38.72464815992862
1664555500002,40.91725450153183,-73.12326598294014,15.372350705644317,38.72464815992862
1664555501002,40.91725450153183,-73.12326598294014,15.461404550843936,38.72464815992862
1664555502002,40.91725450153183,-73.12326598294014,15.509251175758159,38.72464815992862
1664555504000,40.91725450153183,-73.12326598294014,15.735027688537823,38.72464815992862
1664555506000,40.91725450153183,-73.12326598294014,15.941908403197225,38.72464815992862
1664555508000,40.91725450153183,-73.12326598294014,16.157343642336112,38.72464815992862
1664555510000,40.91725450153183,-73.12326598294014,16.349605971414707,38.72464815992862
1664555512000,40.91725450153183,-73.12326598294014,16.50328319333759,38.72464815992862
1664555514000,40.91725450153183,-73.12326598294014,16.82750413246409,38.72464815992862
1664555516000,40.91725450153183,-73.12326598294014,16.98954688496041,38.72464815992862
1664555518000,40.91725450153183,-73.12326598294014,17.164791997687516,38.72464815992862
1664555520000,40.91725450153183,-73.12326598294014,17.353162346603554,38.72464815992862
1664555522000,40.91725450153183,-73.12326598294014,14.690475766935103,38.72464815992862
1664555524000,40.91725450153183,-73.12326598294014,14.787225149830855,38.72464815992862
1664555526000,40.91725450153183,-73.12326598294014,14.917784288832861,38.72464815992862
1664555528000,40.91725450153183,-73.12326598294014,15.096764514220865,38.72464815992862
1664555529000,40.91725450153183,-73.12326598294014,15.163734088136193,38.72464815992862
1664555530000,40.91725450153183,-73.12326598294014,15.213331697011759,38.72464815992862
1664555531000,40.91725450153183,-73.12326598294014,15.283573693583701,38.72464815992862
1664555532000,40.91725450153183,-73.12326598294014,15.459575958223226,38.72464815992862
1664555533000,40.91725450153183,-73.12326598294014,15.532929894125777,38.72464815992862
1664555534000,40.91725450153183,-73.12326598294014,15.61733980966658,38.72464815992862
1664555535000,40.91725450153183,-73.12326598294014,15.653917737549861,38.72464815992862
1664555536000,40.91725450153183,-73.12326598294014,15.742619788264987,38.72464815992862
1664555537000,40.91725450153183,-73.12326598294014,15.409849291384385,38.72464815992862
1664555538000,40.91725450153183,-73.12326598294014,15.531143833716225,38.72464815992862
1664555539000,40.91725450153183,-73.12326598294014,15.600432621116214,38.72464815992862
1664555540000,40.91725450153183,-73.12326598294014,15.664754646649998,38.72464815992862
1664555541000,40.91725450153183,-73.12326598294014,15.76073594571059,38.72464815992862
1664555542000,40.91725450153183,-73.12326598294014,15.829481842533093,38.72464815992862
1664555543000,40.91725450153183,-73.12326598294014,15.920997005148573,38.72464815992862
1664555544000,40.91725450153183,-73.12326598294014,16.018563781923078,38.72464815992862
1664555545000,40.91725450153183,-73.12326598294014,16.081051044152304,38.72464815992862
1664555546000,40.91725450153183,-73.12326598294014,16.197415512858964,38.72464815992862
1664555547000,40.91725450153183,-73.12326598294014,16.43291489204173,38.72464815992862
1664555548000,40.91725450153183,-73.12326598294014,16.546182457390504,38.72464815992862
1664555549000,40.91725450153183,-73.12326598294014,16.515068967634228,38.72464815992862
1664555550000,40.91725450153183,-73.12326598294014,16.749242049331716,38.72464815992862
1664555551000,40.91725450153183,-73.12326598294014,16.831137209602353,38.72464815992862
1664555552000,40.91725450153183,-73.12326598294014,15.143901411944444,38.72464815992862
1664555553000,40.91725450153183,-73.12326598294014,15.2402978378568,38.72464815992862
1664555554000,40.91725450153183,-73.12326598294014,15.359467493606672,38.72464815992862
1664555555000,40.91725450153183,-73.12326598294014,15.445396800930725,38.72464815992862
1664555556000,40.91725450153183,-73.12326598294014,15.570884262807734,38.72464815992862
1664555557000,40.91725450153183,-73.12326598294014,15.670138887279903,38.72464815992862
1664555558000,40.91725450153183,-73.12326598294014,15.781213020855922,38.72464815992862
1664555559000,40.91725450153183,-73.12326598294014,15.84900315197183,38.72464815992862
1664555560000,40.91725450153183,-73.12326598294014,15.961199198034267,38.72464815992862
1664555561000,40.91725450153183,-73.12326598294014,16.068243339218416,38.72464815992862
1664555562000,40.91725450153183,-73.12326598294014,16.159230771923493,38.72464815992862
1664555563000,40.91725450153183,-73.12326598294014,16.278680415991992,38.72464815992862
1664555564000,40.91725450153183,-73.12326598294014,16.557601775289328,38.72464815992862
1664555565001,40.91725450153183,-73.12326598294014,16.58875978558349,38.72464815992862
1664555566001,40.91725450153183,-73.12326598294014,16.650144722749445,38.72464815992862
1664555567001,40.91725450153183,-73.12326598294014,16.758456460037557,38.72464815992862
1664555568001,40.91725450153183,-73.12326598294014,16.84251734366482,38.72464815992862
1664555569001,40.91725450153183,-73.12326598294014,16.93646811658719,38.72464815992862
1664555570001,40.91725450153183,-73.12326598294014,17.068572347593655,38.72464815992862
1664555571001,40.91725450153183,-73.12326598294014,17.15686620051831,38.72464815992862
1664555572001,40.91725450153183,-73.12326598294014,38.54895196640169,38.72464815992862
1664555573001,40.91725450153183,-73.12326598294014,34.64873698694515,38.72464815992862
1664555574001,40.91725450153183,-73.12326598294014,32.484835362550626,38.72464815992862
1664555575001,40.91725450153183,-73.12326598294014,33.05663305551756,38.72464815992862
1664555576001,40.91725450153183,-73.12326598294014,29.82443432351953,38.72464815992862
1664555577001,40.91725450153183,-73.12326598294014,17.71987750129542,38.72464815992862
1664555578001,40.91725450153183,-73.12326598294014,17.81176437218763,38.72464815992862
1664555579001,40.91725450153183,-73.12326598294014,17.926009725957456,38.72464815992862
1664555580001,40.91725450153183,-73.12326598294014,18.0087347480332,38.72464815992862
1664555581001,40.91725450153183,-73.12326598294014,18.11199176795317,38.72464815992862
1664555582001,40.91725450153183,-73.12326598294014,18.200291941213237,38.72464815992862
1664555583001,40.91725450153183,-73.12326598294014,18.30358581192439,38.72464815992862
1664555584001,40.91725450153183,-73.12326598294014,16.0021527870556,38.72464815992862
1664555585001,40.91725450153183,-73.12326598294014,16.136480653839104,38.72464815992862
1664555586001,40.91725450153183,-73.12326598294014,16.24965421474064,38.72464815992862
1664555587001,40.91725450153183,-73.12326598294014,16.317741484409773,38.72464815992862
1664555588001,40.91725450153183,-73.12326598294014,16.439630738992957,38.72464815992862
1664555589001,40.91725450153183,-73.12326598294014,16.53406258485469,38.72464815992862
1664555590001,40.91725450153183,-73.12326598294014,16.61107523303215,38.72464815992862
1664555591001,40.91725450153183,-73.12326598294014,16.728507279132604,38.72464815992862
1664555592001,40.91725450153183,-73.12326598294014,16.81569902279457,38.72464815992862
1664555593001,40.91725450153183,-73.12326598294014,16.918650211464186,38.72464815992862
1664555594001,40.91725450153183,-73.12326598294014,17.032742955868084,38.72464815992862
1664555595001,40.91725450153183,-73.12326598294014,17.137783932770358,38.72464815992862
1664555596001,40.91725450153183,-73.12326598294014,17.228518320026005,38.72464815992862
1664555597001,40.91725450153183,-73.12326598294014,17.346455577802892,38.72464815992862
1664555598001,40.91725450153183,-73.12326598294014,17.44774796706753,38.72464815992862
1664555599001,40.91725450153183,-73.12326598294014,17.637932991761712,38.72464815992862
1664555600001,40.91725450153183,-73.12326598294014,17.7225316902992,38.72464815992862
1664555601001,40.91725450153183,-73.12326598294014,17.850539178022323,38.72464815992862
1664555602001,40.91725450153183,-73.12326598294014,17.939668384979534,38.72464815992862
1664555603001,40.91725450153183,-73.12326598294014,18.028399127807802,38.72464815992862
1664555604001,40.91725450153183,-73.12326598294014,18.116797962455603,38.72464815992862
1664555605001,40.91725450153183,-73.12326598294014,18.201093906972833,38.72464815992862
1664555606001,40.91725450153183,-73.12326598294014,18.273577378503763,38.72464815992862
1664555607001,40.91725450153183,-73.12326598294014,18.36148458497599,38.72464815992862
1664555608001,40.91725450153183,-73.12326598294014,18.438940156226554,38.72464815992862
1664555609001,40.916971151176206,-73.12330357392914,18.5560267390743,38.12683940678835
1664555610001,40.916971152253566,-73.12330026310813,18.86463437209482,38.548042804934084
1664555611001,40.916970543569924,-73.1232982520851,19.550900521376242,38.880949856713414
1664555612001,40.916978624074005,-73.12329777115885,20.387307097961283,39.06919144652784
1664555613001,40.91697848255676,-73.12329702474008,22.316977741195053,38.916549073532224
1664555614001,40.91698219014871,-73.12329314999324,24.50659992860397,38.94974668044597
1664555615001,40.91698314105366,-73.12329159982619,25.802785526656443,38.99547297600657
1664555616001,40.91698417757161,-73.12328385037752,31.45422986313263,38.21608389355242
1664555617001,40.91698907959005,-73.12327698749856,35.343058915499476,38.223322842270136
1664555618001,40.9169866506491,-73.12327801687374,25.55795094365828,38.06356935855001
1664555619001,40.9169866506491,-73.12327801687374,25.24845209778446,38.06356935855001
1664555620001,40.9169866506491,-73.12327801687374,24.880581498456028,38.06356935855001
1664555621001,40.9169866506491,-73.12327801687374,55.16279950814635,38.06356935855001
1664555622001,40.9169866506491,-73.12327801687374,71.58107758279039,38.06356935855001
1664555623001,40.9169866506491,-73.12327801687374,90.53778589804772,38.06356935855001
1664555624001,40.9169866506491,-73.12327801687374,110.19128392209473,38.06356935855001
1664555625001,40.9169866506491,-73.12327801687374,122.31153090339288,38.06356935855001
1664555626001,40.9169866506491,-73.12327801687374,146.51368030678933,38.06356935855001
1664555627001,40.9169866506491,-73.12327801687374,173.17501557221718,38.06356935855001
1664555628001,40.9169866506491,-73.12327801687374,200.85142181312108,38.06356935855001
1664555630000,40.9169866506491,-73.12327801687374,264.83351413035234,38.06356935855001
1664555631030,40.917011266612555,-73.12252381823318,302.06603068988335,38.658168827183545
1664555643019,40.91775912592109,-73.12357069239401,153.3066216647,43.06260564831622
1664555643815,40.9171175927134,-73.12349992850179,35.0,43.06260564831622
1664555655018,40.91715843457895,-73.12351620814074,35.037660576263185,43.051822662353516
1664555655804,40.917144810964594,-73.12351000553387,35.037661464698076,43.056793212890625
1664555661125,40.917184272848594,-73.1235255700149,35.03770228167856,43.05859375
1664555661125,40.917221775634495,-73.12354036177837,35.03770228167856,43.05954360961914
1664555661540,40.91717329433682,-73.12351068225712,35.0,43.06012725830078
1664555673017,40.91721126528125,-73.12352618171813,35.000191294163535,43.06053161621094
1664555673807,40.91724203962077,-73.12350767882842,35.00019220853578,43.06082534790039
1664555685018,40.91727660568513,-73.1235233273726,35.000376795000236,43.06105041503906
1664555685806,40.91718402095421,-73.12350219223583,35.0,43.061241149902344
1664555697011,40.91722146115923,-73.12351811256107,35.00018643171029,43.0614013671875
1664555697798,40.91716157287552,-73.12348527871278,35.0,43.06154251098633
1664555709018,40.91720012548584,-73.12350203706534,35.000188925855944,43.061668395996094
1664555709807,40.91716424698742,-73.12348408448094,35.0,43.0617790222168
1664555721016,40.91727084130859,-73.12353074368903,61.19806931985942,43.062591552734375
1664555721309,40.91736698451828,-73.12357282818719,61.28138013085768,43.06260299682617
1664555721778,40.91718682898266,-73.12347778050643,35.0,43.06260681152344
1664555727827,40.9173895460535,-73.12356837199688,72.66786538553609,43.06260681152344
1664555728588,40.91715927232222,-73.12347282068895,35.0,43.06260681152344
1664555733397,40.91714240842487,-73.12349648914598,35.0,43.06260681152344
1664555734020,40.91715685998375,-73.12349762789496,25.248830224698235,37.30700502451509
1664555735020,40.91715350013149,-73.1234978649186,28.470016992954502,37.76371243130416
1664555736020,40.917153589319675,-73.12350073487292,32.86622572407184,38.10716189444065
1664555737019,40.91715295906348,-73.1235023060843,37.66478820471415,38.08826187904924
1664555738020,40.91715237683658,-73.12350641164028,42.60730735401628,38.46889322530478
1664555740020,40.9171591566439,-73.12351359377091,54.44434408371688,38.15275705885142
1664555741020,40.91716956011654,-73.12349210725245,60.59687684706139,38.45155377034098
1664555742001,40.91716790496683,-73.12351533085814,66.69351384402815,38.42543621454388
1664555743001,40.917177261115874,-73.1235084637393,73.3364167536056,38.49265051726252
1664555744001,40.917181950515875,-73.12351373643062,81.7474409982945,38.60140647832304
1664555745001,40.917186754605844,-73.1235172705645,89.1226920407131,38.586429715156555
1664555746001,40.91735441790262,-73.12356623166988,85.28935129610711,38.486996843479574
1664555747001,40.917200771434715,-73.12356808170323,42.20877041614634,38.38249414600432
1664555748001,40.917206836786384,-73.12357094862226,46.18670856017935,38.45678586978465
1664555749001,40.91721312970519,-73.12357548345177,50.96405164137631,38.311666811816394
1664555750001,40.917219200480226,-73.12358318796699,56.49053739214864,38.42983688414097
1664555751001,40.917225998096484,-73.12358885440197,62.8219451496062,38.39362020418048
1664555752001,40.91722797027486,-73.12357871494432,67.94609161837148,38.360815652646124
1664555753001,40.917236265412335,-73.12359598025277,74.36961559577045,38.26419691834599
1664555754001,40.917242505279965,-73.1236010664044,81.64599377028107,38.3895962620154
1664555755000,40.917247884689516,-73.1236030999972,89.18283034355946,38.2164895394817
1664555756000,40.91725325097192,-73.12360990723843,96.81596578374534,38.34623306710273
1664555757000,40.91720946978534,-73.12359676657259,98.80453424453594,38.283486833795905
1664555758000,40.91745606404188,-73.12366247808991,96.7425146043775,38.21454851422459
1664555759019,40.91724247544629,-73.12353690262974,44.25159424609613,38.37697478942573
1664555760019,40.91724701518566,-73.12353927494695,48.288048549900914,38.30483778566122
1664555761019,40.91725143295845,-73.12354132741838,53.2301372076744,38.219054274261
1664555762021,40.9172529075292,-73.12354226688595,55.14897190913537,38.20051666069776
1664555776019,40.91722309232213,-73.1235600667581,45.72627767570641,37.50914233084768
1664555778021,40.91722309232213,-73.1235600667581,44.920511598573334,37.50914233084768
1664555780020,40.91722309232213,-73.1235600667581,44.223066848052575,37.50914233084768
1664555781023,40.91722309232213,-73.1235600667581,44.205289483047515,37.50914233084768
1664555783024,40.91722309232213,-73.1235600667581,31.160212905535683,37.50914233084768
1664555785025,40.91722309232213,-73.1235600667581,30.689654163410857,37.50914233084768
1664555787000,40.91722309232213,-73.1235600667581,30.660478955142693,37.50914233084768
1664555788000,40.91722309232213,-73.1235600667581,30.698119289021236,37.50914233084768
1664555789000,40.91722309232213,-73.1235600667581,30.737939199611667,37.50914233084768
1664555790000,40.91722309232213,-73.1235600667581,30.24093283739933,37.50914233084768
1664555791000,40.91722309232213,-73.1235600667581,30.164228547808158,37.50914233084768
1664555792000,40.91722309232213,-73.1235600667581,29.850388169688017,37.50914233084768
1664555793000,40.91722309232213,-73.1235600667581,29.792907119801463,37.50914233084768
1664555794000,40.91722309232213,-73.1235600667581,29.165459248850524,37.50914233084768
1664555795000,40.91722309232213,-73.1235600667581,28.85859515964704,37.50914233084768
1664555796000,40.91722309232213,-73.1235600667581,28.857798295047974,37.50914233084768
1664555797014,40.91722309232213,-73.1235600667581,28.88719083183297,37.50914233084768
1664555798020,40.91722309232213,-73.1235600667581,28.9214680316458,37.50914233084768
1664555800000,40.91722309232213,-73.1235600667581,24.302903311699907,37.50914233084768
1664555801000,40.91722309232213,-73.1235600667581,24.185685388691194,37.50914233084768
1664555802000,40.91722309232213,-73.1235600667581,24.21232201387263,37.50914233084768
1664555803000,40.91722309232213,-73.1235600667581,24.106851009656765,37.50914233084768
1664555804000,40.91722309232213,-73.1235600667581,24.142378335844654,37.50914233084768
1664555805000,40.91722309232213,-73.1235600667581,24.054871593549088,37.50914233084768
1664555806000,40.91722309232213,-73.1235600667581,24.094236981114037,37.50914233084768
1664555807000,40.91722309232213,-73.1235600667581,24.125691282644986,37.50914233084768
1664555808000,40.91722309232213,-73.1235600667581,24.185967443863454,37.50914233084768
1664555809020,40.91722309232213,-73.1235600667581,24.218346669904484,37.50914233084768
1664555810020,40.91722309232213,-73.1235600667581,24.263619453482825,37.50914233084768
1664555811021,40.91722309232213,-73.1235600667581,24.32916965698288,37.50914233084768
1664555812021,40.91722309232213,-73.1235600667581,21.23885498585811,37.50914233084768
1664555814021,40.91722309232213,-73.1235600667581,21.24460786012892,37.50914233084768
1664555816021,40.91722309232213,-73.1235600667581,21.363599355369733,37.50914233084768
1664555818020,40.91722309232213,-73.1235600667581,21.541948379548668,37.50914233084768
1664555819021,40.91722309232213,-73.1235600667581,21.595772757529748,37.50914233084768
1664555821020,40.91722309232213,-73.1235600667581,21.711867926167564,37.50914233084768
1664555823000,40.91722309232213,-73.1235600667581,21.81934283092654,37.50914233084768
1664555824000,40.91722309232213,-73.1235600667581,21.702838152259357,37.50914233084768
1664555825000,40.91722309232213,-73.1235600667581,19.655135320873907,37.50914233084768
1664555826000,40.91722309232213,-73.1235600667581,19.68360030759071,37.50914233084768
1664555827000,40.91722309232213,-73.1235600667581,19.757074019293604,37.50914233084768
1664555828000,40.91722309232213,-73.1235600667581,19.799414667336908,37.50914233084768
1664555829000,40.91722309232213,-73.1235600667581,19.83897266458632,37.50914233084768
1664555830000,40.91722309232213,-73.1235600667581,19.868364558481257,37.50914233084768
1664555831000,40.91722309232213,-73.1235600667581,19.936002364545622,37.50914233084768
1664555832000,40.91722309232213,-73.1235600667581,19.9841254295262,37.50914233084768
1664555833000,40.91722309232213,-73.1235600667581,20.03879595589516,37.50914233084768
1664555834000,40.91722309232213,-73.1235600667581,20.097353652529833,37.50914233084768
1664555835001,40.91722309232213,-73.1235600667581,20.160160471169096,37.50914233084768
1664555836001,40.91722309232213,-73.1235600667581,20.084922246934475,37.50914233084768
1664555837001,40.91722309232213,-73.1235600667581,18.32166155218487,37.50914233084768
1664555838001,40.91722309232213,-73.1235600667581,18.397794230532476,37.50914233084768
1664555839001,40.91722309232213,-73.1235600667581,18.438891715632415,37.50914233084768
1664555840021,40.91722309232213,-73.1235600667581,18.522532539192632,37.50914233084768
1664555842020,40.91722309232213,-73.1235600667581,18.62622736324976,37.50914233084768
1664555843020,40.91722309232213,-73.1235600667581,18.691577299035448,37.50914233084768
1664555844021,40.91722309232213,-73.1235600667581,18.741705148136695,37.50914233084768
1664555845022,40.91722309232213,-73.1235600667581,18.816207926673055,37.50914233084768
1664555847020,40.91722309232213,-73.1235600667581,18.93495985732256,37.50914233084768
1664555848021,40.91722309232213,-73.1235600667581,18.877632240858002,37.50914233084768
1664555850021,40.91722309232213,-73.1235600667581,17.416253608115113,37.50914233084768
1664555852021,40.91722309232213,-73.1235600667581,17.654110205840016,37.50914233084768
1664555853021,40.91722309232213,-73.1235600667581,17.736547476630484,37.50914233084768
1664555855021,40.91722309232213,-73.1235600667581,17.85711406824977,37.50914233084768
1664555857021,40.91722309232213,-73.1235600667581,17.987209538474417,37.50914233084768
1664555858021,40.91722309232213,-73.1235600667581,18.050742369549535,37.50914233084768
1664555859021,40.91722309232213,-73.1235600667581,18.11395918752481,37.50914233084768
1664555861021,40.91722309232213,-73.1235600667581,16.660042036833193,37.50914233084768
1664555862021,40.91722309232213,-73.1235600667581,16.735018578746637,37.50914233084768
1664555864001,40.91722309232213,-73.1235600667581,16.874800461593395,37.50914233084768
1664555865001,40.91722309232213,-73.1235600667581,16.94364411542671,37.50914233084768
1664555866001,40.91722309232213,-73.1235600667581,17.033348343570108,37.50914233084768
1664555867001,40.91722309232213,-73.1235600667581,17.106084844589923,37.50914233084768
1664555868001,40.91722309232213,-73.1235600667581,17.179810490187258,37.50914233084768
1664555869001,40.91722309232213,-73.1235600667581,17.369864299681314,37.50914233084768
1664555870001,40.91722309232213,-73.1235600667581,17.409125695575984,37.50914233084768
1664555871001,40.91722309232213,-73.1235600667581,17.489273644836523,37.50914233084768
1664555872001,40.91722309232213,-73.1235600667581,17.442678795422424,37.50914233084768
1664555873001,40.91722309232213,-73.1235600667581,16.677638503652144,37.50914233084768
1664555874001,40.91722309232213,-73.1235600667581,16.771146744073295,37.50914233084768
1664555875001,40.91722309232213,-73.1235600667581,16.83251950661571,37.50914233084768
1664555876022,40.91722309232213,-73.1235600667581,16.904513774780042,37.50914233084768
1664555878021,40.91722309232213,-73.1235600667581,17.027130384348375,37.50914233084768
1664555880022,40.91722309232213,-73.1235600667581,17.185881798900432,37.50914233084768
1664555882036,40.91722309232213,-73.1235600667581,17.337841528584672,37.50914233084768
1664555884022,40.91722309232213,-73.1235600667581,17.47835618686682,37.50914233084768
1664555885022,40.91722309232213,-73.1235600667581,16.16470164207936,37.50914233084768
1664555887022,40.91722309232213,-73.1235600667581,16.320748168025226,37.50914233084768
1664555889022,40.91722309232213,-73.1235600667581,16.455862321817442,37.50914233084768
1664555891022,40.91722309232213,-73.1235600667581,16.619691124725644,37.50914233084768
1664555893001,40.91722309232213,-73.1235600667581,16.872232584828016,37.50914233084768
1664555894001,40.91722309232213,-73.1235600667581,16.95805944099786,37.50914233084768
1664555895001,40.91722309232213,-73.1235600667581,17.02192047174664,37.50914233084768
1664555896001,40.91722309232213,-73.1235600667581,16.92053721384454,37.50914233084768
1664555898001,40.91722309232213,-73.1235600667581,15.848429986120008,37.50914233084768
1664555900001,40.91722309232213,-73.1235600667581,16.028728193213517,37.50914233084768
1664555901025,40.91722309232213,-73.1235600667581,16.11040520341417,37.50914233084768
1664555903001,40.91722309232213,-73.1235600667581,16.253244263482443,37.50914233084768
1664555905001,40.91722309232213,-73.1235600667581,16.38752486758375,37.50914233084768
1664555907001,40.91722309232213,-73.1235600667581,16.550607595588815,37.50914233084768
1664555909001,40.91722309232213,-73.1235600667581,15.717126408158707,37.50914233084768
1664555911001,40.91722309232213,-73.1235600667581,15.877187853499201,37.50914233084768
1664555913001,40.91722309232213,-73.1235600667581,16.035589737213567,37.50914233084768
1664555914021,40.91722309232213,-73.1235600667581,16.109201935704363,37.50914233084768
1664555916001,40.91722309232213,-73.1235600667581,16.350158583645083,37.50914233084768
1664555918001,40.91722309232213,-73.1235600667581,16.407787207900437,37.50914233084768
1664555920001,40.91722309232213,-73.1235600667581,16.466827754236824,37.50914233084768
1664555922001,40.91722309232213,-73.1235600667581,15.622303615643206,37.50914233084768
1664555923021,40.91722309232213,-73.1235600667581,15.68683394517532,37.50914233084768
1664555925019,40.91722309232213,-73.1235600667581,15.85390793386141,37.50914233084768
1664555926021,40.91722309232213,-73.1235600667581,15.941345580953076,37.50914233084768
1664555928021,40.91722309232213,-73.1235600667581,16.093836270778667,37.50914233084768
1664555930021,40.91722309232213,-73.1235600667581,16.24814016859515,37.50914233084768
1664555931021,40.91722309232213,-73.1235600667581,16.45023458080124,37.50914233084768
1664555933021,40.91722309232213,-73.1235600667581,15.549282424340593,37.50914233084768
1664555935020,40.91722309232213,-73.1235600667581,15.6857369024513,37.50914233084768
1664555937019,40.91722309232213,-73.1235600667581,15.827046764085743,37.50914233084768
1664555938022,40.91722309232213,-73.1235600667581,15.901377163374734,37.50914233084768
1664555940021,40.91722309232213,-73.1235600667581,16.04708029484489,37.50914233084768
1664555941022,40.91722309232213,-73.1235600667581,16.140613734566916,37.50914233084768
1664555943021,40.91722309232213,-73.1235600667581,16.303841695622157,37.50914233084768
1664555944022,40.91722309232213,-73.1235600667581,16.29227166630678,37.50914233084768
1664555946021,40.91722309232213,-73.1235600667581,15.457070024869322,37.50914233084768
1664555948019,40.91722309232213,-73.1235600667581,15.735656346363978,37.50914233084768
1664555949025,40.91722309232213,-73.1235600667581,15.813992339383388,37.50914233084768
1664555951020,40.91722309232213,-73.1235600667581,15.926538072814965,37.50914233084768
1664555952020,40.91722309232213,-73.1235600667581,16.011135184392472,37.50914233084768
1664555954019,40.91722309232213,-73.1235600667581,16.138657643834282,37.50914233084768
1664555956021,40.91722309232213,-73.1235600667581,15.229715819059786,37.50914233084768
1664555957021,40.91722309232213,-73.1235600667581,15.319956345931436,37.50914233084768
1664555958022,40.91722309232213,-73.1235600667581,15.40388364268839,37.50914233084768
1664555960021,40.91722309232213,-73.1235600667581,15.562337724035368,37.50914233084768
1664555962001,40.91722309232213,-73.1235600667581,15.720302130814204,37.50914233084768
1664555963001,40.91722309232213,-73.1235600667581,15.923833207263906,37.50914233084768
1664555964001,40.91722309232213,-73.1235600667581,15.986870228087186,37.50914233084768
1664555965001,40.91722309232213,-73.1235600667581,16.074859778086402,37.50914233084768
1664555966001,40.91722309232213,-73.1235600667581,16.157349592324643,37.50914233084768
1664555967001,40.91722309232213,-73.1235600667581,16.197942923827032,37.50914233084768
1664555968001,40.91722309232213,-73.1235600667581,15.106782328385224,37.50914233084768
1664555969001,40.91722309232213,-73.1235600667581,15.168282978834112,37.50914233084768
1664555970001,40.91722309232213,-73.1235600667581,15.243500549253083,37.50914233084768
1664555971001,40.91722309232213,-73.1235600667581,15.310629174795105,37.50914233084768
1664555972001,40.91722309232213,-73.1235600667581,15.39368778907958,37.50914233084768
1664555973001,40.91722309232213,-73.1235600667581,15.486221150210165,37.50914233084768
1664555974001,40.91722309232213,-73.1235600667581,15.549332339989505,37.50914233084768
1664555975001,40.91722309232213,-73.1235600667581,15.62699164369892,37.50914233084768
1664555976001,40.91722309232213,-73.1235600667581,15.720466856215358,37.50914233084768
1664555977001,40.91722309232213,-73.1235600667581,15.792714725571328,37.50914233084768
1664555978001,40.91722309232213,-73.1235600667581,15.87211505646391,37.50914233084768
1664555979001,40.91722309232213,-73.1235600667581,15.950563406805353,37.50914233084768
1664555980001,40.91722309232213,-73.1235600667581,15.961812645149154,37.50914233084768
1664555981001,40.91722309232213,-73.1235600667581,15.194337248284183,37.50914233084768
1664555982001,40.91722309232213,-73.1235600667581,15.386288387994082,37.50914233084768
1664555983001,40.91722309232213,-73.1235600667581,15.461050318771852,37.50914233084768
1664555984001,40.91722309232213,-73.1235600667581,15.530397655466741,37.50914233084768
1664555985001,40.91722309232213,-73.1235600667581,15.58246477822298,37.50914233084768
1664555986001,40.91722309232213,-73.1235600667581,15.656053645950937,37.50914233084768
1664555987001,40.91722309232213,-73.1235600667581,15.757776720983241,37.50914233084768
1664555988001,40.91722309232213,-73.1235600667581,15.832069620711016,37.50914233084768
1664555989001,40.91722309232213,-73.1235600667581,15.883151328030989,37.50914233084768
1664555990001,40.91722309232213,-73.1235600667581,15.978880259066024,37.50914233084768
1664555991001,40.91722309232213,-73.1235600667581,16.03555953453304,37.50914233084768
1664555992001,40.91722309232213,-73.1235600667581,16.113751129292147,37.50914233084768
1664555993001,40.91722309232213,-73.1235600667581,16.189024188862657,37.50914233084768
1664555994001,40.91722309232213,-73.1235600667581,16.26779022930145,37.50914233084768
1664555995001,40.91722309232213,-73.1235600667581,16.35325662421781,37.50914233084768
1664555996001,40.91722309232213,-73.1235600667581,16.41367586174512,37.50914233084768
1664555997001,40.91722309232213,-73.1235600667581,16.4960527206432,37.50914233084768
1664555998001,40.91722309232213,-73.1235600667581,16.580626215010852,37.50914233084768
1664555999001,40.91722309232213,-73.1235600667581,16.758777734269685,37.50914233084768
1664556000001,40.91722309232213,-73.1235600667581,16.836969732376268,37.50914233084768
1664556001001,40.91722309232213,-73.1235600667581,16.80503134792206,37.50914233084768
1664556002001,40.91722309232213,-73.1235600667581,16.968290274249753,37.50914233084768
1664556003001,40.91722309232213,-73.1235600667581,17.01925745961212,37.50914233084768
1664556004001,40.91722309232213,-73.1235600667581,17.094055822156548,37.50914233084768
1664556005001,40.91722309232213,-73.1235600667581,17.1397668577773,37.50914233084768
1664556006001,40.91722309232213,-73.1235600667581,17.214132340417237,37.50914233084768
1664556007001,40.91722309232213,-73.1235600667581,17.275716715980995,37.50914233084768
1664556008001,40.91722309232213,-73.1235600667581,17.355689954560106,37.50914233084768
1664556009001,40.91722309232213,-73.1235600667581,17.43418818876702,37.50914233084768
1664556010001,40.91722309232213,-73.1235600667581,17.504105564572125,37.50914233084768
1664556011001,40.91722309232213,-73.1235600667581,17.545988287640274,37.50914233084768
1664556012001,40.91722309232213,-73.1235600667581,17.61572776991572,37.50914233084768
1664556013001,40.91722309232213,-73.1235600667581,15.441722974710759,37.50914233084768
1664556014001,40.91722309232213,-73.1235600667581,15.528242800599731,37.50914233084768
1664556015001,40.91722309232213,-73.1235600667581,15.606808837821793,37.50914233084768
1664556016001,40.91722309232213,-73.1235600667581,15.794006829981708,37.50914233084768
1664556017001,40.91722309232213,-73.1235600667581,15.845996182571104,37.50914233084768
1664556018001,40.91722309232213,-73.1235600667581,15.904137149621496,37.50914233084768
1664556019001,40.91722309232213,-73.1235600667581,15.99145706012038,37.50914233084768
1664556020001,40.91722309232213,-73.1235600667581,16.05525555317737,37.50914233084768
1664556021001,40.91722309232213,-73.1235600667581,16.128269714670548,37.50914233084768
1664556022002,40.91722309232213,-73.1235600667581,16.188506675743902,37.50914233084768
1664556024002,40.91722309232213,-73.1235600667581,16.33189965735128,37.50914233084768
1664556026002,40.91722309232213,-73.1235600667581,16.496605563862474,37.50914233084768
1664556028001,40.91722309232213,-73.1235600667581,16.64872803908361,37.50914233084768
1664556030001,40.91722309232213,-73.1235600667581,16.89806759661404,37.50914233084768
1664556032001,40.91722309232213,-73.1235600667581,17.009526525779027,37.50914233084768
1664556034001,40.91722309232213,-73.1235600667581,17.165572058204223,37.50914233084768
1664556036001,40.91722309232213,-73.1235600667581,17.302996452811982,37.50914233084768
1664556038001,40.91722309232213,-73.1235600667581,17.44166812693878,37.50914233084768
1664556040001,40.91722309232213,-73.1235600667581,17.58956013830362,37.50914233084768
1664556042001,40.91722309232213,-73.1235600667581,17.697139689239314,37.50914233084768
1664556044001,40.91722309232213,-73.1235600667581,16.003529755641875,37.50914233084768
1664556046001,40.91722309232213,-73.1235600667581,16.160380575866498,37.50914233084768
1664556048001,40.91722309232213,-73.1235600667581,16.432761606809038,37.50914233084768
1664556050001,40.91722309232213,-73.1235600667581,16.550529125818134,37.50914233084768
1664556052001,40.91722309232213,-73.1235600667581,16.6886703316631,37.50914233084768
1664556054001,40.91722309232213,-73.1235600667581,16.84226856528246,37.50914233084768
1664556056001,40.91722309232213,-73.1235600667581,16.984445523426146,37.50914233084768
1664556058001,40.91722309232213,-73.1235600667581,17.125371468552693,37.50914233084768
1664556060001,40.91722309232213,-73.1235600667581,17.273943758321256,37.50914233084768
1664556062001,40.91722309232213,-73.1235600667581,17.418080191327185,37.50914233084768
1664556064001,40.91722309232213,-73.1235600667581,17.648917289202547,37.50914233084768
1664556066001,40.91722309232213,-73.1235600667581,17.758392146221585,37.50914233084768
1664556068001,40.91722309232213,-73.1235600667581,17.913695008165327,37.50914233084768
1664556069029,40.91722309232213,-73.1235600667581,17.970596600731636,37.50914233084768
1664556071000,40.91722309232213,-73.1235600667581,16.409342059083293,37.50914233084768
1664556072029,40.91722309232213,-73.1235600667581,16.49262833898303,37.50914233084768
1664556074029,40.91722309232213,-73.1235600667581,16.628347046805807,37.50914233084768
1664556076019,40.91722309232213,-73.1235600667581,16.79122578095581,37.50914233084768
1664556077029,40.91722309232213,-73.1235600667581,16.869337529475846,37.50914233084768
1664556079029,40.91722309232213,-73.1235600667581,17.01401110951826,37.50914233084768
1664556081000,40.91722309232213,-73.1235600667581,17.28327849222926,37.50914233084768
1664556083000,40.91722309232213,-73.1235600667581,15.846774801267019,37.50914233084768
1664556085000,40.91722309232213,-73.1235600667581,15.99060404165804,37.50914233084768
1664556086030,40.91722309232213,-73.1235600667581,16.065791514725003,37.50914233084768
1664556088029,40.91722309232213,-73.1235600667581,16.21376650441779,37.50914233084768
1664556089033,40.91722309232213,-73.1235600667581,16.29968810303381,37.50914233084768
1664556091022,40.91722309232213,-73.1235600667581,16.457456153381106,37.50914233084768
1664556093021,40.91722309232213,-73.1235600667581,16.615662218869435,37.50914233084768
1664556094021,40.91722309232213,-73.1235600667581,15.52746915857357,37.50914233084768
1664556096020,40.91722309232213,-73.1235600667581,15.792986833113698,37.50914233084768
1664556098022,40.91722309232213,-73.1235600667581,15.924338219264822,37.50914233084768
1664556099022,40.91722309232213,-73.1235600667581,15.985947833814764,37.50914233084768
1664556100023,40.91722309232213,-73.1235600667581,16.085397503003517,37.50914233084768
1664556102016,40.91722309232213,-73.1235600667581,16.222176341815903,37.50914233084768
1664556103021,40.91722309232213,-73.1235600667581,16.28995980381871,37.50914233084768
1664556104022,40.91722309232213,-73.1235600667581,16.37102744753153,37.50914233084768
1664556106022,40.91722309232213,-73.1235600667581,15.394878737761463,37.50914233084768
1664556108021,40.91722309232213,-73.1235600667581,15.566444096339756,37.50914233084768
1664556109021,40.91722309232213,-73.1235600667581,15.636881274189221,37.50914233084768
1664556110022,40.91722309232213,-73.1235600667581,15.727648079233637,37.50914233084768
1664556112022,40.91722309232213,-73.1235600667581,15.894368402131983,37.50914233084768
1664556114022,40.91722309232213,-73.1235600667581,16.144267889801075,37.50914233084768
1664556116000,40.91722309232213,-73.1235600667581,16.286185205859848,37.50914233084768
1664556117000,40.91722309232213,-73.1235600667581,16.351781117744697,37.50914233084768
1664556118000,40.91722309232213,-73.1235600667581,15.24459727973521,37.50914233084768
1664556119022,40.91722309232213,-73.1235600667581,15.345323379042755,37.50914233084768
1664556121022,40.91722309232213,-73.1235600667581,15.493106841228522,37.50914233084768
1664556122022,40.91722309232213,-73.1235600667581,15.574531233858874,37.50914233084768
1664556124017,40.91722309232213,-73.1235600667581,15.72595096434263,37.50914233084768
1664556126023,40.91722309232213,-73.1235600667581,15.890442608493213,37.50914233084768
1664556128022,40.91722309232213,-73.1235600667581,16.041098465888094,37.50914233084768
1664556129024,40.91722309232213,-73.1235600667581,16.110812911892285,37.50914233084768
1664556131019,40.91722309232213,-73.1235600667581,15.297343845059817,37.50914233084768
1664556132022,40.91722309232213,-73.1235600667581,15.469194813409858,37.50914233084768
1664556133023,40.91722309232213,-73.1235600667581,15.539833966974463,37.50914233084768
1664556135020,40.91722309232213,-73.1235600667581,15.689010601713118,37.50914233084768
1664556136022,40.91722309232213,-73.1235600667581,15.746587763013977,37.50914233084768
1664556138021,40.91722309232213,-73.1235600667581,15.923171510026274,37.50914233084768
1664556140019,40.91722309232213,-73.1235600667581,16.027124775826767,37.50914233084768
1664556141021,40.91722309232213,-73.1235600667581,16.13187951141073,37.50914233084768
1664556142022,40.91722309232213,-73.1235600667581,15.229386787538576,37.50914233084768
1664556143022,40.91722309232213,-73.1235600667581,15.314684587711179,37.50914233084768
1664556145022,40.91722309232213,-73.1235600667581,15.469336698054947,37.50914233084768
1664556146022,40.91722309232213,-73.1235600667581,15.683610760673648,37.50914233084768
1664556147023,40.91722309232213,-73.1235600667581,15.7410123903137,37.50914233084768
1664556149022,40.91722309232213,-73.1235600667581,15.87440265908996,37.50914233084768
1664556151019,40.91722309232213,-73.1235600667581,16.052596674683475,37.50914233084768
1664556152021,40.91722309232213,-73.1235600667581,16.09595708128638,37.50914233084768
1664556154021,40.91722309232213,-73.1235600667581,16.18473515846171,37.50914233084768
1664556156020,40.91722309232213,-73.1235600667581,15.309536238304272,37.50914233084768
1664556157021,40.91722309232213,-73.1235600667581,15.387717106465526,37.50914233084768
1664556159022,40.91722309232213,-73.1235600667581,15.54846889983501,37.50914233084768
1664556160022,40.91722309232213,-73.1235600667581,15.646158023905311,37.50914233084768
1664556161022,40.91722309232213,-73.1235600667581,15.722163920789137,37.50914233084768
1664556163015,40.91722309232213,-73.1235600667581,15.890449642394932,37.50914233084768
1664556164022,40.91722309232213,-73.1235600667581,16.102852621467235,37.50914233084768
1664556165023,40.91722309232213,-73.1235600667581,16.135001454338884,37.50914233084768
1664556166023,40.91722309232213,-73.1235600667581,16.126180789334413,37.50914233084768
1664556168022,40.91722309232213,-73.1235600667581,15.333432543759224,37.50914233084768
1664556170022,40.91722309232213,-73.1235600667581,15.429375475308039,37.50914233084768
1664556172022,40.91722309232213,-73.1235600667581,15.464316126545768,37.50914233084768
1664556174001,40.91722309232213,-73.1235600667581,15.614068855931738,37.50914233084768
1664556175001,40.91722309232213,-73.1235600667581,15.682330092855995,37.50914233084768
1664556176001,40.91722309232213,-73.1235600667581,15.773791327439849,37.50914233084768
1664556177001,40.91722309232213,-73.1235600667581,15.833461264755865,37.50914233084768
1664556178001,40.91722309232213,-73.1235600667581,15.086773391289086,37.50914233084768
1664556179002,40.91722309232213,-73.1235600667581,15.087812711094825,37.50914233084768
1664556181002,40.91722309232213,-73.1235600667581,15.25470867966549,37.50914233084768
1664556183002,40.91722309232213,-73.1235600667581,15.52342708302651,37.50914233084768
1664556185001,40.91722309232213,-73.1235600667581,15.676662307309314,37.50914233084768
1664556187001,40.91722309232213,-73.1235600667581,15.818866367857304,37.50914233084768
1664556189001,40.91722309232213,-73.1235600667581,15.959188537969084,37.50914233084768
1664556191001,40.91722309232213,-73.1235600667581,15.068061232511115,37.50914233084768
1664556193001,40.91722309232213,-73.1235600667581,15.236418322490426,37.50914233084768
1664556195001,40.91722309232213,-73.1235600667581,15.374850469279282,37.50914233084768
1664556196001,40.9171840897256,-73.12356105191587,15.460418654933955,38.40349943283945
1664556197001,40.917183968855944,-73.12355871441858,15.76432209958491,38.0970692941919
1664556198001,40.91718421706143,-73.12355949243347,16.403371085982883,39.06515984609723
1664556199001,40.91718393528892,-73.12356222359813,17.637530219475106,38.978332567960024
1664556200001,40.91718523300614,-73.1235646888961,19.389859216507254,38.735815443098545
1664556201001,40.917189152434524,-73.12356194610098,21.916211768262784,38.506452921777964
1664556202001,40.91703674759819,-73.12340131967619,65.35137474334199,35.43313220702112
1664556203001,40.91703578367934,-73.12340207404749,70.79113375146811,35.669033084996045
1664556204001,40.91703528076515,-73.1234024093236,76.36124215884718,35.64480212610215
1664556205001,40.91703507121757,-73.12340257696167,82.36999914896178,35.66573718562722
1664556206001,40.917034945489014,-73.12340257696167,89.39568312208851,35.70791247859597
1664556207001,40.917034903579506,-73.12340257696167,96.83054823181412,35.86788562312722
1664556208001,40.91703486166998,-73.12340257696167,122.39062294711272,36.78933337703347
1664556210001,40.91703481820892,-73.12340260593564,200.0,37.340667724609375
1664556211000,40.91703473594143,-73.1234026607807,213.18361526918727,34.966854128055274
1664556212000,40.917034721733934,-73.12340266078067,213.34223615188418,34.96685791015625
1664556213000,40.91703469403191,-73.1234026607807,297.80844587297594,35.31332019157708
1664556244093,40.91789273137393,-73.12380167770763,153.3066216647,43.06260564831622
1664556244093,40.917916244971,-73.1238126123404,153.3066216647,43.03105545043945
1664556244474,40.91717424409425,-73.1234326995353,35.0,43.05622482299805
1664556250528,40.91743136789856,-73.12355952517127,81.32132856269881,43.062477111816406
1664556250926,40.91719738328553,-73.12344731545102,35.0,43.06258010864258
1664556252021,40.91722457402858,-73.12348007817324,22.640980963861068,36.85408294387162
1664556253022,40.91722457402858,-73.12348007817324,22.65603136742868,36.85408294387162
1664556271639,40.917195584230065,-73.12347646657936,35.0,37.86033248901367
1664556283020,40.91723244847155,-73.1234936607086,35.00036936208945,38.60799789428711
1664556283025,40.91726748871058,-73.12351000331961,35.00036936214326,39.16775131225586
1664556283025,40.9173007930519,-73.1235255363154,35.00036936214326,39.604862213134766
1664556283494,40.917200136745144,-73.12347139845346,35.0,39.99291229248047
1664556295019,40.917236776119736,-73.12348884396802,35.000378731931775,40.324249267578125
1664556295408,40.917184021310476,-73.12347135961313,35.0,40.61952590942383
1664556307019,40.9172214597747,-73.1234888074051,35.00038438625596,40.88751983642578
1664556307405,40.91718624944436,-73.12346959055715,35.0,41.125877380371094
1664556319020,40.917223578286254,-73.1234871263363,35.00038465594595,41.34183883666992
1664556319407,40.917192115739326,-73.12351176810662,35.00038508291666,41.53352355957031
1664556331020,40.91722915549398,-73.12352721510305,35.000769642864995,41.69736862182617
1664556331406,40.91717445223132,-73.12349699147266,35.0,41.843505859375
1664556343018,40.917212366993446,-73.12351317047701,35.00038450391907,41.97624588012695
1664556343406,40.91717858035489,-73.12346917900085,35.0,42.09441375732422
1664556355019,40.917216291366486,-73.12348673613793,35.00038455778297,42.20155715942383
1664556355413,40.91716070175118,-73.12347009119046,35.0,42.296749114990234
1664556367020,40.917199299202615,-73.1234876034797,35.00038417288088,42.378211975097656
1664556367425,40.91715587289656,-73.12348413180615,35.0,42.45093536376953
1664556379020,40.91719471031822,-73.1235009488668,35.00038329291367,42.51703643798828
1664556379421,40.9171564066612,-73.12346170423343,35.0,42.57593536376953
1664556391020,40.9171952183992,-73.1234796326679,35.00038361395413,42.6293830871582
1664556391413,40.91718111111437,-73.12344376259126,35.0,42.676910400390625
1664556403021,40.917218699764526,-73.12346258019183,35.00038420039942,42.71763229370117
1664556403410,40.91717087075627,-73.12348334038165,35.0,42.75402069091797
1664556415020,40.91720896743461,-73.1235001976801,35.000384332541444,42.78711700439453
1664556415409,40.91719631695658,-73.12346332488336,35.0,42.81663513183594
1664556427020,40.917233153775285,-73.12348117405828,35.00038439749056,42.843441009521484
1664556427448,40.917183716930616,-73.12344103676574,35.0,42.86730194091797
1664556439019,40.91722117861555,-73.12345999039984,35.00038174244255,42.88777160644531
1664556439412,40.91716621627862,-73.12345593848399,35.0,42.90607833862305
1664556451020,40.917204545671616,-73.1234741542658,35.000384174391414,42.9227409362793
1664556451411,40.91716917901362,-73.12345516846501,35.0,42.93761444091797
1664556463013,40.91720736235221,-73.12347342273054,35.000383802813026,42.951133728027344
1664556463407,40.917163284750245,-73.12345377908565,35.0,42.96317672729492
1664556475020,40.91720176081363,-73.12347210252464,35.00038458905686,42.97351837158203
1664556475426,40.91717367746536,-73.12344550682774,35.0,42.9827766418457
1664556487020,40.91727681167598,-73.1234964009293,60.46609248309005,43.06071090698242
1664556487412,40.917149822314656,-73.12346070385583,35.0,43.06222152709961
1664556499020,40.91719108802796,-73.12347973596562,35.45356170404941,43.062591552734375
1664556499411,40.91715870208789,-73.12344562211358,35.0,43.062599182128906
1664556511020,40.917197395858835,-73.12346434461159,35.000194022973005,43.06260299682617
1664556511484,40.917177659763794,-73.12344260262654,35.0,43.06260299682617
1664556523021,40.917215414767426,-73.12346147489247,35.00019381020057,43.06260299682617
1664556523407,40.91715940893424,-73.1234563878976,35.0,43.06260299682617
1664556535019,40.91719806846749,-73.12347457744842,35.00019851987572,43.06260299682617
1664556535505,40.91716623288034,-73.1234988726912,35.0,43.06260299682617
1664556547021,40.917204554735406,-73.12351495775444,35.000197385621235,43.06260299682617
1664556547400,40.917156343276126,-73.12347383037184,35.0,43.06260299682617
1664556559021,40.91719515547266,-73.12349115619028,35.00020311322702,43.06260299682617
1664556559469,40.917140100078036,-73.12347754554138,35.0,43.06260299682617
1664556571020,40.91720441761568,-73.12350537495823,45.33908111655573,43.06260681152344
1664556571401,40.91715229895759,-73.12346171441082,35.0,43.06260681152344
1664556577418,40.91735282568419,-73.12355028233478,77.96079025115651,43.06260681152344
1664556578183,40.91715885214399,-73.12344643115092,35.0,43.06260681152344
1664556584258,40.917410753154435,-73.12356166294303,70.74436002708654,43.06260681152344
1664556584933,40.917179585306826,-73.12344451797424,35.0,43.06260681152344
1664556591039,40.91745638924277,-73.1235746499856,66.05607793891845,43.06260564831622
1664556591529,40.91720884916863,-73.12347659028819,35.0,43.06260564831622
1664556597591,40.91749651600781,-73.12361227239606,62.54819009008489,43.06260564831622
1664556598135,40.91720846563222,-73.12347323079727,35.0,43.06260564831622
1664556604017,40.918030051145195,-73.12380671383036,23.07352492715005,38.91614214517176
1664556605023,40.91802607310891,-73.12381359379805,23.9252243594596,38.59311004728079
1664556606023,40.91803105504527,-73.12380614758919,21.447107548531996,38.43752646911889
1664556608022,40.91803105504527,-73.12380614758919,20.997616887912073,38.43752646911889
1664556622022,40.91802937379771,-73.1238064680032,35.0,41.745357513427734
1664556622555,40.91753348993894,-73.12361218294707,35.0,42.29461669921875
1664556633092,40.917533489653366,-73.12361218286773,35.00016093718895,42.51734161376953
1664556634022,40.91755361602102,-73.12362265375018,35.00016220134513,42.63992691040039
1664556634542,40.91730934423078,-73.12351372012233,35.0,42.71616744995117
1664556638103,40.917191929018124,-73.12346028746819,35.0,42.77015686035156
1664556638103,40.91714031155415,-73.1234367976754,35.0,42.80958938598633
1664556644167,40.91711761948488,-73.12342647110606,35.0,42.839080810546875
1664556656021,40.91715834708573,-73.12344614176133,35.000207857233946,42.862857818603516
1664556656480,40.91714228110456,-73.12343987344897,35.0,42.88349151611328
1664556668021,40.91718178742709,-73.12345888037204,35.000199217189355,42.90229797363281
1664556668412,40.91715575830442,-73.12343658356725,35.0,42.91911315917969
1664556680021,40.91719459739954,-73.12345575367279,35.00020368149782,42.93362045288086
1664556680409,40.91714423394617,-73.1234561616745,35.0,42.94664764404297
1664556692021,40.917183644369445,-73.12347436210027,35.00020589446803,42.95854568481445
1664556692413,40.91715756107144,-73.12344197925597,35.0,42.96921157836914
1664556704022,40.917196311704465,-73.12346088246557,35.000207854248934,42.978939056396484
1664556704412,40.9171411783345,-73.12346754421395,35.0,42.98764419555664
1664556716023,40.917194798613956,-73.12349144797267,41.12954007783014,43.05937194824219
1664556716410,40.91715237534794,-73.12346564951015,35.0,43.061920166015625
1664556722508,40.917197092305024,-73.12348591193275,37.06527481312235,43.062591552734375
1664556722988,40.9171587459212,-73.12345613579939,35.0,43.062599182128906
1664556734023,40.91719743779091,-73.12347433756625,35.00034727575328,43.06260299682617
1664556734419,40.9171595521334,-73.12344804096735,35.0,43.06260299682617
1664556746022,40.917198204897836,-73.12346664413936,35.00038395445528,43.06260299682617
1664556746573,40.91716413484059,-73.12345189498322,35.0,43.06260299682617
1664556758023,40.9172025612919,-73.12347030757311,35.000373862405254,43.06260299682617
1664556758478,40.91715954077267,-73.12344889218676,35.0,43.06260299682617
1664556770023,40.91719819558149,-73.1234674539023,35.00038014067448,43.06260299682617
1664556770554,40.917153657982944,-73.12344683269345,35.0,43.06260299682617
1664556782023,40.917192604929355,-73.12346549677548,35.00037508124061,43.06260299682617
1664556782508,40.91715678841349,-73.1234469178282,35.0,43.06260299682617
1664556794022,40.91719558104012,-73.12346557805677,35.00037806474621,43.06260299682617
1664556794404,40.91715665340198,-73.12345166271042,35.0,43.06260299682617
1664556806022,40.91719545351878,-73.12347008826546,35.00038495532147,43.06260299682617
1664556806539,40.91715890047303,-73.1234476632669,35.0,43.06260299682617
1664559946282,40.91342209549208,-73.13255360590632,10.476639955964595,48.19416809082031
1664559957953,40.91342209549208,-73.13255360590632,10.476639955964595,48.16166305541992
1664559969956,40.91342209549208,-73.13255360590632,10.476639955964595,48.137977600097656
1664559981961,40.91342209549208,-73.13255360590632,10.476639955964595,48.14162826538086
1664559992956,40.91342427099374,-73.13251292675048,200.0,50.434017181396484
1664559993962,40.91342209549208,-73.13255360590632,10.476639955964595,47.78712463378906
1664560003957,40.91336589310421,-73.13260867267208,233.94298228753846,44.06747058406472
1664560004957,40.91336589310421,-73.13260867267208,239.36097454615802,44.06747058406472
1664560005957,40.91336589310421,-73.13260867267208,310.78339213715054,44.06747058406472
1664560007957,40.91336589310421,-73.13260867267208,240.66856305384857,44.06747058406472
1664560009957,40.913365893104114,-73.13260867267205,240.67915254355512,44.06747055053711
1664560010956,40.91336589310408,-73.13260867267205,240.6811065601036,44.06747055053711
1664560011959,40.91336589310421,-73.13260867267208,291.6576456772362,44.06747058406472
1664560013957,40.91336589310421,-73.13260867267208,33.71159314727929,44.06747058406472
1664560014957,40.91336589310421,-73.13260867267208,78.22465307384027,44.06747058406472
1664560016956,40.91336589310403,-73.13260867267208,120.20545013050246,44.06747055053711
1664560017957,40.91336589310421,-73.13260867267208,120.20545013050244,44.06747058406472
1664560019957,40.91336589310421,-73.13260867267208,45.10805909778691,44.06747058406472
1664560024950,40.91336589310403,-73.13260867267208,94.73161115849143,44.06747055053711
1664560025958,40.91336589310421,-73.13260867267208,94.73161115849143,44.06747058406472
1664560027957,40.91336589310421,-73.13260867267208,200.7037314640576,44.06747058406472
1664560028958,40.91336589310421,-73.13260867267208,209.8833705651068,44.06747058406472
1664560030952,40.91336589310421,-73.13260867267208,29.90132245593186,44.06747058406472
1664560031957,40.91336589310421,-73.13260867267208,16.0133542003416,44.06747058406472
1664560032957,40.91336589310421,-73.13260867267208,34.885066493956344,44.06747058406472
1664560034957,40.91336589310421,-73.13260867267208,61.875426872533374,44.06747058406472
1664560035958,40.91336589310421,-73.13260867267208,41.32587283150857,44.06747058406472
1664560037958,40.91336589310421,-73.13260867267208,24.977820445139983,44.06747058406472
1664560039958,40.91336589310421,-73.13260867267208,32.34873016593356,44.06747058406472
1664560041957,40.91336589310421,-73.13260867267208,71.27380386172442,44.06747058406472
1664560043958,40.91336589310421,-73.13260867267208,81.450731224941,44.06747058406472
1664560045958,40.91336589310421,-73.13260867267208,116.36395606827507,44.06747058406472
1664560046958,40.91336589310403,-73.13260867267208,99.66854802504103,44.06747055053711
1664560047957,40.91336589310421,-73.13260867267208,99.66854802504102,44.06747058406472
1664560049956,40.91336589310421,-73.13260867267208,50.1529231733204,44.06747058406472
1664560052957,40.91336589310419,-73.13260867267205,200.0,44.06747055053711
1664560053957,40.91336589310418,-73.13260867267205,200.0,44.06747055053711
1664560054950,40.91336589310421,-73.13260867267208,385.90850841637064,44.06747058406472
1664560055958,40.91336589310421,-73.13260867267208,266.91946579718,44.06747058406472
1664560057957,40.91336589310409,-73.13260867267205,264.70844346433694,44.06747055053711
1664560058957,40.91336589310421,-73.13260867267208,264.70844346433694,44.06747058406472
1664560059957,40.91336589310421,-73.13260867267208,277.1503254101777,44.06747058406472
1664560061957,40.91336589310421,-73.13260867267208,98.05724854309122,44.06747058406472
1664560062958,40.91336589310421,-73.13260867267208,102.62597746431767,44.06747058406472
1664560064957,40.91336589310418,-73.13260867267205,200.0,44.06747055053711
1664560065957,40.91336589310421,-73.13260867267208,345.15907245365577,44.06747058406472
1664560067957,40.91336589310421,-73.13260867267208,235.06764071989497,44.06747058406472
1664560069957,40.91336589310421,-73.13260867267208,230.55486433239926,44.06747058406472
1664560070958,40.91336589310411,-73.13260867267205,230.56717590815046,44.06747055053711
1664560071957,40.91336589310421,-73.13260867267208,237.78456340665736,44.06747058406472
1664560073958,40.913365893104114,-73.13260867267205,238.62473903007648,44.06747055053711
1664560074958,40.91336589310421,-73.13260867267208,261.5744835875543,44.06747058406472
1664560075958,40.91336589310421,-73.13260867267208,88.31347629422504,44.06747058406472
1664560077957,40.91336589310421,-73.13260867267208,75.70387646366832,44.06747058406472
1664560079959,40.91336589310421,-73.13260867267208,202.6609678802858,44.06747058406472
1664560087958,40.913371075061306,-73.13260883761498,210.5045349837597,44.05596160888672
1664560088957,40.913381692991706,-73.13260917558627,301.05364623118345,43.8717918721959
1664560090948,40.913381692991706,-73.13260917558627,298.4694554099127,43.8717918721959
1664560091954,40.913381692991706,-73.13260917558627,298.98386621783874,43.8717918721959
1664560092956,40.913381692991706,-73.13260917558627,308.67928793012345,43.8717918721959
1664560093957,40.913381692991706,-73.13260917558627,323.05233832393407,43.8717918721959
1664560095957,40.913381692991706,-73.13260917558627,328.20062262587527,43.8717918721959
1664560096948,40.91338169299158,-73.13260917558624,270.6657912163301,43.87179183959961
1664560097956,40.913381692991706,-73.13260917558627,270.66579121633004,43.8717918721959
1664560099956,40.913381692991706,-73.13260917558627,280.4146179140175,43.8717918721959
1664560100956,40.913381692991706,-73.13260917558627,289.0629818371022,43.8717918721959
1664560101956,40.91338169299159,-73.13260917558624,289.0702181957873,43.87179183959961
1664560102949,40.913381692991706,-73.13260917558627,306.98174319512424,43.8717918721959
1664560103957,40.913381692991564,-73.13260917558624,221.9110041183487,43.87179183959961
1664560104954,40.913381692991706,-73.13260917558627,221.91100411834867,43.8717918721959
1664560105957,40.913381692991706,-73.13260917558627,232.17392944540788,43.8717918721959
1664560107957,40.913381692991706,-73.13260917558627,264.83834780784156,43.8717918721959
1664560109955,40.91338169299163,-73.13260917558624,264.85450539307396,43.87179183959961
1664560110957,40.913381692991706,-73.13260917558627,396.3218441111726,43.8717918721959
1664560112955,40.913381692991706,-73.13260917558627,88.57161221760437,43.8717918721959
1664560113956,40.913381692991706,-73.13260917558627,49.47893944968259,43.8717918721959
1664560115955,40.913381692991706,-73.13260917558627,89.92484513457045,43.8717918721959
1664560117954,40.913381692991706,-73.13260917558627,107.8882124868721,43.8717918721959
1664560119953,40.913381692991706,-73.13260917558627,246.92236005405542,43.8717918721959
1664560121953,40.913381692991706,-73.13260917558627,270.0867955789866,43.8717918721959
1664560122953,40.91338169299151,-73.13260917558627,42.26143992743753,43.87179183959961
1664560123952,40.913381692991706,-73.13260917558627,42.26143992743753,43.8717918721959
1664560124953,40.913381692991706,-73.13260917558627,52.40589142203669,43.8717918721959
1664560126945,40.913381692991706,-73.13260917558627,51.23224628765227,43.8717918721959
1664560127952,40.913381692991706,-73.13260917558627,50.36565833525346,43.8717918721959
1664560129951,40.913381692991706,-73.13260917558627,43.83720674282868,43.8717918721959
1664560130951,40.913381692991685,-73.13260917558624,200.0,43.87179183959961
1664560131951,40.913381692991706,-73.13260917558627,319.70235696361897,43.8717918721959
1664560133952,40.913381692991706,-73.13260917558627,399.6514202370231,43.8717918721959
1664560135951,40.913381692991706,-73.13260917558627,73.8132469678781,43.8717918721959
1664560137950,40.913381692991706,-73.13260917558627,82.75926184681975,43.8717918721959
1664560139952,40.913381692991706,-73.13260917558627,68.03525843540079,43.8717918721959
1664560141950,40.913381692991656,-73.13260917558624,200.0,43.87179183959961
1664560142949,40.913381692991706,-73.13260917558627,169.44253324323398,43.8717918721959
1664560143950,40.913461488709885,-73.13262191607909,154.58382346580802,43.832241092808545
1664560145950,40.91346148870979,-73.13262191607906,200.0,43.83224105834961
1664560146949,40.9134614887097,-73.13262191607909,78.3788527409603,43.83224105834961
1664560147948,40.913461488709885,-73.13262191607909,78.3788527409603,43.832241092808545
1664560148950,40.913461488709885,-73.13262191607909,80.76357990073544,43.832241092808545
1664560150941,40.913461488709885,-73.13262191607909,48.131806069287016,43.832241092808545
1664560151950,40.913461488709885,-73.13262191607909,155.87423161753642,43.832241092808545
1664560152948,40.91346148870984,-73.13262191607906,200.0,43.83224105834961
1664560153948,40.913461488709885,-73.13262191607909,352.65779522109193,43.832241092808545
1664560154948,40.9134614887097,-73.13262191607909,102.83898488319338,43.83224105834961
1664560155948,40.913461488709885,-73.13262191607909,102.83898488319339,43.832241092808545
1664560157949,40.913461488709885,-73.13262191607909,175.42067821609018,43.832241092808545
1664560159949,40.913461488709885,-73.13262191607909,72.6360649282929,43.832241092808545
1664560160950,40.913461488709885,-73.13262191607909,65.59444646533355,43.832241092808545
1664560162942,40.913461488709885,-73.13262191607909,69.30765938313922,43.832241092808545
1664560163950,40.913461488709885,-73.13262191607909,134.8846168576869,43.832241092808545
1664560165950,40.913461488709885,-73.13262191607909,128.24205236339998,43.832241092808545
1664560167950,40.913415044350614,-73.13251831265539,27.670974860248467,43.79204135853797
1664560169032,40.91342592077599,-73.13252933578825,18.33153741095953,43.9559293044731
1664560170031,40.91342527882731,-73.13253318164568,20.46415397856245,44.04103990085423
1664560171030,40.913424871137174,-73.13252313508306,22.46165777715408,44.079560480080545
1664560172030,40.91342688193164,-73.1325277063765,25.678350567209232,44.13490686099976
1664560173030,40.91344079962912,-73.13252837442555,28.33827288696436,44.16543196886778
1664560174030,40.91343110541246,-73.13252362199565,31.608708120241012,44.18535607215017
1664560175030,40.913443361954926,-73.13252744060081,34.574794135260056,44.199505714699626
1664560176030,40.913453504958866,-73.13252212677477,36.92075325557354,44.20933751761913
1664560177030,40.91345271493104,-73.13251702664894,40.246110857606,44.20989728812128
1664560178031,40.91345771197087,-73.13252648099659,43.52315204416957,44.22231785207987
1664560179030,40.91348902119702,-73.13250746976385,45.580160550487676,44.21081735007465
1664560180033,40.9134366612947,-73.13253693755429,21.80599456283683,44.22780254390091
1664560181031,40.913432915060305,-73.13253798377966,15.310318439334516,44.246447323821485
1664560182030,40.91344209221083,-73.13254935374881,17.04644414811811,44.20376884192228
1664560183066,40.91345017477491,-73.13255491924511,19.51332079409236,44.159921856597066
1664560184031,40.91345487478525,-73.13255473776923,22.918838862380245,44.11812427546829
1664560185030,40.913457564199376,-73.13254709994479,26.152535881356272,44.08153415285051
1664560186030,40.913467342960146,-73.13254093406165,29.031342715422685,44.064763215370476
1664560187030,40.91349412399777,-73.13257553450788,32.23563807039128,44.05283379647881
1664560188030,40.91348244653201,-73.13257251992087,34.77089031132408,44.01933732815087
1664560189030,40.913463577792065,-73.13255625596666,38.62654187446952,43.98721181228757
1664560190031,40.913470122095106,-73.13256160244852,42.49685762198429,43.98741391301155
1664560191029,40.913475171897936,-73.13256879704653,46.04485505012269,43.98039744794369
1664560192030,40.9134290812636,-73.13257648174701,21.06201518782456,43.96955054998398
1664560193030,40.913409578358525,-73.13255356422856,22.892588960265734,43.951147933490574
1664560194031,40.91339552876851,-73.1325493590748,25.465531579593705,43.96152913104743
1664560195030,40.913380977240806,-73.13253759294287,27.896129448928004,43.98524943552911
1664560196030,40.91336707730584,-73.13252813796616,31.347857488597572,44.01440558210015
1664560197038,40.91335449876918,-73.13251512762544,34.979647135235126,44.044732285663486
1664560198030,40.91333084192386,-73.13249495135253,38.05665543942269,44.089310822077096
1664560199030,40.9133335220212,-73.13250698503136,39.97231271051973,44.14656677283347
1664560200030,40.91331872064634,-73.13249179975286,43.81778785070125,44.18057963717729
1664560201030,40.91331576308877,-73.13251562778488,46.53978788612285,44.21705831121653
1664560202031,40.91329036908669,-73.1325466493533,49.34600160996095,44.22563431598246
1664560203030,40.91327677197354,-73.13255356314966,47.800225721366076,44.183418047614396
1664560204031,40.91325686067817,-73.13254156886012,49.92309384096678,44.14289169292897
1664560205031,40.91327102329427,-73.1325260153526,51.89763923021054,44.12220837548375
1664560206030,40.9132474747639,-73.13251420193417,54.02990802358272,44.12654156237841
1664560207030,40.91326515918208,-73.13252285741487,56.55198182274846,44.15127928182483
1664560208030,40.91325742568678,-73.13252791791606,58.73944789847517,44.16189158614725
1664560209030,40.91323371630727,-73.13256511864816,59.62781123935157,44.172847079113126
1664560210030,40.91325961183224,-73.13256330605827,59.37979186812967,44.12798580061644
1664560211030,40.913317468661724,-73.13257824981639,61.741224910608274,44.08775063417852
1664560212029,40.91330994607693,-73.13257248639242,62.55238140183215,44.045186035335064
1664560213031,40.913352539940234,-73.13259058083075,66.61468212747415,44.01097096223384
1664560214029,40.91343930059488,-73.13261718712509,67.79943945303948,43.96531997341663
1664560215025,40.91341708549703,-73.13261446773306,71.62646523275484,43.909449111670256
1664560216030,40.91345529937215,-73.13262642447752,72.09984320495614,43.862906257621944
1664560217031,40.91338311232422,-73.13260441955076,76.11449385919174,43.82091820053756
1664560218030,40.91337078888408,-73.13260552719964,73.6967144789721,43.809461935423315
1664560219031,40.91331682239704,-73.13260193990133,77.42543702730697,43.800753340125084
1664560220029,40.91338409292593,-73.13259273770838,76.32173058396204,43.80225483793765
1664560221030,40.91340357695844,-73.13257402532567,78.35915430044301,43.80949805025011
1664560222029,40.913434236702564,-73.1325759492056,76.17186076827511,43.83864390756935
1664560223026,40.91348022252017,-73.13259033765337,79.90648005538591,43.854979074560106
1664560224033,40.913433577362994,-73.13258863977151,16.15165994655651,43.967047232203186
1664560225030,40.91342963609961,-73.13255889625002,17.23167617721307,43.94722949434072
1664560226031,40.9134345306191,-73.13256445915144,19.87175152948778,43.96955850441009
1664560227029,40.91342691634673,-73.13256818463395,22.478438591856563,43.97041568160057
1664560228029,40.913448494960825,-73.13256756800472,25.69226775657984,43.974875061772764
1664560229030,40.913456761122745,-73.13256810817448,29.00452024660173,43.983299990184605
1664560230031,40.913466121578935,-73.13255846276478,33.62065557001532,43.98900892958045
1664560231006,40.91347875327347,-73.13256191505367,36.75548824184872,44.00315612833947
1664560232006,40.913493346871746,-73.13256663214337,40.33145429956541,44.003981036134064
1664560233006,40.913496628870334,-73.13256677117786,44.49112083275228,44.001128177158535
1664560234005,40.91350409823375,-73.1325612733843,48.461843594908714,43.99640042334795
1664560235005,40.91353323101278,-73.13254668688121,50.88937586475764,44.00406020972878
1664560236004,40.91357328821336,-73.13256439591262,56.69693623097331,44.03207683376968
1664560237004,40.913559723734046,-73.132539800012,60.535853003570615,44.02888906188309
1664560238004,40.91355800820649,-73.13252030412478,66.20312578632256,44.05011798907071
1664560239003,40.913566559216115,-73.13251826394418,71.85004968970084,44.086453904397786
1664560240003,40.91358608206228,-73.13252526767728,76.84021569994,44.10988103784621
1664560241003,40.9135340317636,-73.13252806134659,81.91014263419416,44.13275424018502
1664560242003,40.9135264827521,-73.13248923688843,87.55150297399659,44.14988133404404
1664560243002,40.91349696569411,-73.13249543108437,88.53247148355958,44.174637521617115
1664560244002,40.913520475520215,-73.13249497474621,94.07963764927676,44.18977366108447
1664560245002,40.913585448760465,-73.13247242052286,96.07079652853238,44.2165936185047
1664560246002,40.91355788408902,-73.1324474771684,93.66188596273439,44.2417873935774
1664560247002,40.91345408982933,-73.13245977744133,93.60099741926784,44.26769775245339
1664560248001,40.91336622302077,-73.13248580938759,92.42958103034944,44.26923939306289
1664560249001,40.91326688455088,-73.13249943772799,94.19194441104733,44.2771094115451
1664560250001,40.91321754578558,-73.13252094922629,92.31963578850943,44.269602958112955
1664560251001,40.91316617978351,-73.13254122105559,94.88617967277087,44.24788132682443
1664560252001,40.91315713874092,-73.13254086620962,97.10921495665984,44.18782095145434
1664560253001,40.9131345217225,-73.13253507271196,99.42546262414788,44.18916302267462
1664560254001,40.913461488709885,-73.13262191607909,18.805728287407437,43.832241092808545
1664560256000,40.91342291814075,-73.13248142735335,17.420171476182496,43.936604647897184
1664560257000,40.91342649696624,-73.13249646502244,18.301529208734618,44.011315263807774
1664560258000,40.91342497190939,-73.13249052782366,20.30953211573505,44.078130471520126
1664560259000,40.913425707632655,-73.13249255598114,23.42154253490641,44.13005277886987
1664560260000,40.91341510964962,-73.13251272004334,26.443949547743273,44.167662049643695
1664560261000,40.91341585248293,-73.1325170812625,30.20152636642803,44.183761194348335
1664560262000,40.91341183826339,-73.13252632211928,33.71562546064179,44.190742056816816
1664560263000,40.913389411283816,-73.13252641229181,37.50698826746427,44.18572067003697
1664560264000,40.91339030834097,-73.13253174653438,41.94418871312225,44.181725369766355
1664560265000,40.913379553344086,-73.13253925411155,45.66059581791565,44.16620453353971
1664560266000,40.91336942462719,-73.13253834345842,50.58857577560632,44.14530324935913
1664560267000,40.913374223090294,-73.13255193588607,54.083558767029196,44.13018956780434
1664560268000,40.91334761351445,-73.13258245647496,58.79431512522126,44.102626419626176
1664560269000,40.91335922018911,-73.13259610235133,62.082861637229726,44.04637665487826
1664560269999,40.91329507615214,-73.13258570389141,66.89671839232179,43.99772884044796
1664560270999,40.9132096459915,-73.13259754869759,69.65233372020465,43.962094221264124
1664560271999,40.9132070860077,-73.132608862376,71.76334381077811,43.91980876587331
1664560272999,40.91317718316579,-73.13260047097513,75.40533493619442,43.87532206531614
1664560273999,40.913185888287465,-73.13263446048877,75.53769745094432,43.85235076583922
1664560274999,40.913155154968734,-73.13263833917485,80.19875664030137,43.797274802811444
1664560275999,40.913194940070426,-73.13264667016865,80.7291492863653,43.74532156903297
1664560276999,40.913158608008956,-73.13263054175701,83.74157476031796,43.712746761739254
1664560277999,40.913102442641744,-73.13265673330771,83.38967931442268,43.69975368306041
1664560278999,40.91311235699419,-73.13266914662714,87.77802808471729,43.66262188460678
1664560279999,40.913132971911416,-73.13266865877408,85.7408658674386,43.62654712703079
1664560280999,40.91311276965155,-73.13267092826477,84.42158399843075,43.59673452656716
1664560281999,40.91305659759254,-73.13266552637755,86.93523976893987,43.57661301922053
1664560282999,40.912961805540974,-73.1326710968558,87.00829843309086,43.571801010519266
1664560283999,40.91295115410759,-73.13268948323888,90.70215055498517,43.520484974607825
1664560284999,40.9128967749946,-73.13268097368753,95.31433115619939,43.46821931563318
1664560285999,40.91285842645467,-73.13269400967226,98.69795078193718,43.41693105362356
1664560286999,40.913461488709885,-73.13262191607909,18.991568542398316,43.832241092808545
1664560287999,40.9127540440543,-73.1327165786534,99.57723978611857,43.33240842074156
1664560288999,40.91342007026571,-73.13255008382457,19.269625897576194,43.4305290421471
1664560289999,40.913431663323216,-73.1325390225058,22.348474680868403,43.61539355944842
1664560290999,40.91343414209451,-73.13252419746215,24.655836337388905,43.78118823003024
1664560291999,40.913440266705194,-73.13249369046171,27.677898891754747,43.93332314491272
1664560292999,40.91343696256742,-73.13254966514435,31.523416502952305,44.09453421831131
1664560293999,40.91343350364425,-73.13253605102469,33.913753119638045,44.13119410350919
1664560294999,40.913442297594685,-73.13255438141674,37.78113021400958,44.183421031571925
1664560295999,40.913430086198844,-73.13254947454467,41.19086669811782,44.18558833561838
1664560296999,40.913438789127724,-73.13253701903183,44.48418419572594,44.18252665549517
1664560297999,40.913403486577614,-73.13253415493536,48.326815280324645,44.190491979941726
1664560298999,40.91339268707591,-73.13253669684221,52.72206729578475,44.1975932456553
1664560299999,40.91339179111941,-73.13255464403741,55.766361796304324,44.19194875936955
1664560300999,40.91345182183492,-73.1325444870967,58.73488968029382,44.16724698524922
1664560301999,40.91345866955968,-73.13253229809756,62.24053159847604,44.151599215343595
1664560302999,40.91344162947547,-73.13254597049573,64.76771171163598,44.15178383421153
1664560303998,40.913451085208756,-73.13255286998167,69.68261944095227,44.13933227583766
1664560304998,40.91349775773734,-73.13253032693824,71.2521068225349,44.119141234084964
1664560305998,40.9134569968077,-73.13252059235158,75.39269303086436,44.12220643926412
1664560306998,40.91335200151043,-73.13252221021946,76.5838600917242,44.13425416313112
1664560307998,40.913334578300415,-73.13253194729164,72.8915164149069,44.14152193907648
1664560308998,40.9132885346519,-73.13252019167727,74.32318807640017,44.14255418628454
1664560309998,40.91328221793308,-73.13254887926531,73.8900944459914,44.15265912655741
1664560310998,40.913353358040816,-73.13251269543476,46.87845196682275,44.12646669242531
1664560311998,40.91335743003085,-73.13252351331445,48.06718189638337,44.15190182067454
1664560312998,40.913369508319114,-73.13251618418423,50.29457767295298,44.15502763725817
1664560313998,40.91323731523692,-73.13249114827498,51.46385100099413,44.160825601778924
1664560314998,40.913162022415555,-73.13250901890196,53.277495786911025,44.18596348259598
1664560315998,40.91317808732284,-73.1325089521609,52.88076194810815,44.197540269233286
1664560316998,40.91315689697831,-73.13251317636299,55.50240490367571,44.206040552817285
1664560317998,40.913103368053754,-73.13253245348706,56.9352325549988,44.20430038776249
1664560318998,40.913114629076205,-73.13253153658661,58.70199195031925,44.18028747662902
1664560319998,40.91340665872543,-73.13251736530754,17.626956282593586,44.20077875815332
1664560320998,40.91341027848829,-73.13252786899383,18.594359536573368,44.19296895246953
1664560321998,40.913413998626396,-73.13253181567613,21.297526098146843,44.17498378735036
1664560322998,40.91342248536632,-73.13253861860224,25.388791243757908,44.15509381517768
1664560323998,40.913411044290264,-73.13253399489281,27.17262222830861,44.12882902473211
1664560324998,40.913419509245855,-73.13252075083473,30.68567369713754,44.11588606983423
1664560325998,40.91342073250812,-73.13253261316723,35.045542168688954,44.12226771749556
1664560326998,40.913374023881765,-73.13253298579832,31.649318991356427,44.11342054884881
1664560327998,40.91339424876267,-73.13253544572302,31.03517243149112,44.10654760245234
1664560328998,40.91339305779559,-73.13254227199182,34.3651543483301,44.10037710797042
1664560329998,40.913386338958034,-73.13255344922666,34.247171004828004,44.08786471374333
1664560330998,40.913391982173486,-73.13255835693737,36.94214838224932,44.068694312125444
1664560331998,40.91341390091158,-73.13255623687496,37.82445365942236,44.042728249914944
1664560332998,40.913429592498375,-73.1326099910529,38.64899656717053,44.03375699091703
1664560333998,40.91344294448738,-73.13261392524774,42.286922532882684,43.95990119315684
1664560334998,40.913468343618035,-73.13262572346605,44.57845487130536,43.9017619760707
1664560335998,40.9134593146782,-73.13262548616473,49.434670233032016,43.8347985278815
1664560336998,40.913492446167325,-73.13260334513166,50.45834646943131,43.789588483050466
1664560337998,40.91351164738822,-73.13258825892748,51.85081860456115,43.78612063173205
1664560338998,40.91349641531779,-73.13255443192037,53.12182149172995,43.801424897275865
1664560339998,40.91343547058928,-73.13257737750044,41.876483172633115,43.86297637689859
1664560340998,40.91342735914217,-73.13257352894209,44.29836409461298,43.887517233379185
1664560341998,40.91344073396727,-73.13256532595531,43.96457456247226,43.91110732126981
1664560342998,40.91344966569626,-73.13257421043431,47.15135463977729,43.94171183835715
1664560343998,40.91344801374065,-73.13260199015556,49.09999932888459,43.95157388690859
1664560344998,40.91346989468525,-73.13259277078431,52.70261352896155,43.92466510925442
1664560345998,40.91345217304466,-73.13259088548945,55.045247846942196,43.9183672266081
1664560346998,40.91337651958004,-73.13257895467288,56.223747763003466,43.91224598605186
1664560347998,40.91336043395971,-73.13261762340909,59.92404191329401,43.92482704948634
1664560348998,40.913407756690525,-73.13262195463034,64.13408875053679,43.89850178640336
1664560349998,40.91337682594927,-73.13261620597892,64.91871553073345,43.87488644570112
1664560350998,40.91335799918249,-73.13260928108915,67.39321831334188,43.85519015137106
1664560351998,40.9133299896499,-73.13259995641856,68.71293044738339,43.84332104958594
1664560352998,40.91342058200903,-73.1325604227667,18.158552817987086,43.91224943473935
1664560353998,40.91341441195382,-73.13254487166176,20.444150920364518,43.958554782904685
1664560354998,40.91341536059406,-73.13254916869299,23.651743103508316,44.00802335143089
1664560355998,40.913420923958704,-73.13255354164937,26.116269778196532,44.03650104627013
1664560356998,40.91342114338282,-73.13255731846797,30.040890279235818,44.052678727544844
1664560357998,40.913433127818315,-73.13256185060204,32.61526132223044,44.05759309325367
1664560358998,40.91342979050073,-73.13255377402214,35.36679431253383,44.051451275125146
1664560359998,40.913439179171135,-73.13253092413986,39.047337786558124,44.056216328404844
1664560360998,40.913461275277136,-73.13252922645444,41.621246373396545,44.08575719688088
1664560361998,40.91341754317679,-73.13255200287892,33.909497079493555,44.110498528927565
1664560362998,40.913396158625766,-73.13257016165394,35.712397449178745,44.09971656277776
1664560363998,40.91338293735515,-73.13258806594284,32.54210170316311,44.06809950526804
1664560364998,40.913369077343624,-73.13258979780042,33.25617491540332,44.02287038229406
1664560365998,40.913369456004716,-73.1326060241241,30.21971007640635,43.986871948465705
1664560366998,40.91337313575072,-73.1326180661204,31.06756385397182,43.93603546079248
1664560367998,40.91339912748156,-73.13262687589773,30.626152895489934,43.8788532782346
1664560368998,40.91340037097596,-73.13263099369168,32.19077477279696,43.82490842696279
1664560369998,40.913399413535906,-73.13263502281437,31.62028217692108,43.78350206092
1664560370998,40.91340757934176,-73.1326339419506,32.50089573780769,43.753438024781644
1664560371998,40.9134133212707,-73.13264416725613,35.28899416162067,43.72265068348497
1664560372998,40.91342081748975,-73.13263998297855,37.18482817640282,43.69483835995197
1664560373998,40.91343407771403,-73.13262129762158,40.03675748773603,43.68187580537051
1664560374998,40.91349516805396,-73.13256522545032,32.67224117916679,43.697427683509886
1664560375998,40.91348390095767,-73.132569639858,34.02968654968801,43.782815178856254
1664560376998,40.91348735921886,-73.13257865916839,35.70624169082767,43.84809036459774
1664560377998,40.91346969540117,-73.13256205048927,37.73280631849586,43.89153732918203
1664560378998,40.913444891545616,-73.13256509956116,40.17947419496453,43.93928362801671
1664560379998,40.91344745624887,-73.13256134052185,43.541749182963,43.979286110028625
1664560380998,40.913443794486675,-73.13255586260168,46.74397127942694,44.00716030783951
1664560381998,40.91344539736506,-73.13256140910684,37.66399479166795,44.028850245289505
1664560382999,40.913413563028115,-73.13255122495511,32.745724669554725,44.04476176574826
1664560383999,40.91341314197702,-73.13255320498793,33.11676259712852,44.06046674121171
1664560384999,40.91342957120621,-73.13253844917995,17.447061406185004,44.11277715768665
1664560385999,40.91343394864851,-73.13254554026635,18.891036130735248,44.12694376707077
1664560386999,40.91342700402335,-73.13254189863385,20.075925847509886,44.12937430292368
1664560387999,40.913428101287025,-73.1325418912511,21.823191310142096,44.126876858994365
1664560388999,40.91343275782587,-73.13255256463047,24.578488525980816,44.12487919814885
1664560389999,40.913450964015894,-73.1325655973632,27.045401596674477,44.10732637438923
1664560390999,40.91345760002418,-73.13257831530385,29.949454446443244,44.076226791366935
1664560391999,40.91344933989162,-73.13258958865912,29.430188012707227,44.03548570070416
1664560392999,40.9134556648823,-73.13258224247706,31.772682594379702,43.989851168356836
1664560393999,40.91346049097012,-73.13258566323513,35.04507927444633,43.9618224054575
1664560394999,40.91346717397708,-73.1325689413962,37.652644790589065,43.938971657305956
1664560395999,40.913493145079634,-73.13258524174312,40.246998705763524,43.940523472614586
1664560396999,40.91349013032436,-73.13256541063555,43.872327033676456,43.92536102049053
1664560397999,40.91347426736701,-73.13253373356251,47.56625383278382,43.93887229915708
1664560398999,40.91347637198628,-73.13253527827223,51.049482428618816,43.98792353738099
1664560399999,40.91343218964639,-73.13253603834764,49.287529748667595,44.02931868005544
1664560400999,40.91345264628857,-73.13257053534909,51.959463776811,44.05733565427363
1664560401999,40.91345364496677,-73.13257012495966,48.78586105220836,44.043733711354434
1664560402999,40.91345535435159,-73.13258268933077,41.77604031430132,44.02758545894176
1664560403999,40.91344415727862,-73.13259009388909,44.19999010154507,43.998272486031055
1664560404999,40.91344540899426,-73.13259698230969,40.46957512932239,43.96561621874571
1664560405999,40.91344956713063,-73.13261029398619,42.74018546098151,43.93153913971037
1664560406999,40.913450796716994,-73.13260403253774,37.36854168851879,43.89281917363405
1664560407999,40.913455957401716,-73.13261190155345,39.939815517412505,43.86477874498814
1664560408999,40.91345094199649,-73.13261116058366,39.37935406353556,43.84025827422738
1664560409999,40.9134396376787,-73.13259110498421,42.10870311088242,43.82387388218194
1664560410999,40.91353417467594,-73.1325405217321,35.31936885329826,43.83301133289933
1664560411999,40.913535668606585,-73.13251412565933,31.030417340499312,43.90361693035811
1664560412999,40.91353664267165,-73.13251443783763,32.88849409696041,43.995509901084006
1664560413999,40.91350469690255,-73.13251611006109,32.46175521946053,44.06336819380522
1664560414999,40.91352055067202,-73.13251330974241,34.02069771096309,44.12549480423331
1664560415999,40.91343930559357,-73.13252846759252,16.58673359097855,44.223700603470206
1664560416999,40.913436640577174,-73.13253816118515,17.781198601793307,44.22009201813489
1664560417999,40.91343299699904,-73.13254436655235,20.46889606846742,44.208082171157
1664560418999,40.91343175491237,-73.13255010170609,23.472819555816233,44.184969898313284
1664560419999,40.91343475932105,-73.13257474611468,26.26638866876343,44.153791232034564
1664560420999,40.913431874567415,-73.13256878864789,30.334196307571393,44.10015545133501
1664560421999,40.913426036767376,-73.1325600655127,33.277139915392226,44.06272193510085
1664560422999,40.91341470676283,-73.13257460960372,34.98738818366907,44.042766326107085
1664560423999,40.91341459631687,-73.13258746841588,39.154183373517206,44.00946568977088
1664560424999,40.91340178780632,-73.13258135637619,41.50355559194959,43.965400519780815
1664560425999,40.91340552436741,-73.13258726596297,45.0333155770679,43.94456503074616
1664560426999,40.91341340085297,-73.1325901147166,49.5679152635426,43.91959022730589
1664560427999,40.91343261977296,-73.13260508266723,52.667728471365265,43.901601302437484
1664560428999,40.91342682101193,-73.13262498593294,57.706273496235156,43.86959445197135
1664560429999,40.9134155504129,-73.1326145168813,60.814416188958404,43.83361821155995
1664560430999,40.91333825447058,-73.13264137450217,63.939387366692166,43.808690262027085
1664560431999,40.91326495063897,-73.13265945613703,54.75641444750338,43.76353196334094
1664560432999,40.91322289305159,-73.13266705288909,56.87836574569056,43.707741039805114
1664560433999,40.91322839760374,-73.13270246110193,60.615554789532524,43.653460142202675
1664560434999,40.91327030166489,-73.13270677951496,63.623565722960905,43.58204753417522
1664560435999,40.91329262657921,-73.13272508521362,66.74630636730647,43.51662758179009
1664560436999,40.91343558131135,-73.13266213279684,63.13634038609994,43.44563254248351
1664560437999,40.913507632069134,-73.1326722999917,65.0053068961727,43.46065771393478
1664560438999,40.91351529531988,-73.13267612364254,69.25180519815238,43.458581859245896
1664560439999,40.913504415325335,-73.13267463581346,72.71670440468556,43.45403346978128
1664560440999,40.91354246693849,-73.13267650500175,75.25398898460386,43.46389940939844
1664560441999,40.913493073678886,-73.13267120001328,68.63778349571783,43.47438568249345
1664560442999,40.913498693213555,-73.13267050573559,70.84451898351972,43.50012966617942
1664560443999,40.91345717129125,-73.13265084032481,72.5702786511407,43.51931671611965
1664560444999,40.91344609877178,-73.1326570908457,73.9330920320898,43.55857934989035
1664560445999,40.91341614578993,-73.13266300734318,77.52036132043904,43.58602440357208
1664560446999,40.91339813934989,-73.13264711166586,79.43260708043265,43.60460327658802
1664560447999,40.91339933453175,-73.13264641172516,83.56713606517336,43.63483245484531
1664560448999,40.91343432248957,-73.13255622581758,18.98428530605499,43.74857992492616
1664560449999,40.91343588709111,-73.13254651117937,21.397640853509007,43.898755829781294
1664560450999,40.91343204779568,-73.13253248206811,24.540824381383633,43.99609193857759
1664560451999,40.91343666220387,-73.1325271762785,28.534530656315752,44.078668247908354
1664560452999,40.913435640237026,-73.13254364732083,31.490870255837642,44.12758270651102
1664560453999,40.91344029652667,-73.13255663488759,36.716389842190736,44.15813545603305
1664560454999,40.91343845389558,-73.13255285558793,40.81614482981974,44.15265356656164
1664560455999,40.91343363662524,-73.13254226868568,45.603819490667206,44.14616705290973
1664560456999,40.91345772320118,-73.13255740183195,50.19487671260108,44.15180003363639
1664560457999,40.91347342823101,-73.13253639547384,43.1605506212546,44.129481280222535
1664560458998,40.91347001943339,-73.13252618530115,43.213890207307934,44.134050792083144
1664560459998,40.913532125832965,-73.13256498994511,37.131259587121846,44.14619837794453
1664560460998,40.913508494467195,-73.1325611100984,40.077561075321114,44.110725900158286
1664560461998,40.91348633572223,-73.1325809835293,36.14947566504043,44.083480678498745
1664560462998,40.91348447902443,-73.13256687371276,38.78863794787764,44.0370808839798
1664560463998,40.91346700792772,-73.13255597068144,39.11999847854613,44.01739847101271
1664560464998,40.9134761790771,-73.1325772386283,41.77674359022494,44.01297636330128
1664560465998,40.91345968704542,-73.1325485834368,44.83381102105789,43.988471581600606
1664560466998,40.91345036903609,-73.13253698574614,48.31955414674727,44.001945573836565
1664560467998,40.91343250302041,-73.13251374263844,52.088869119001835,44.02863231301308
1664560468998,40.91334684176489,-73.13256647321725,54.260268589654146,44.07589306216687
1664560469998,40.91332131959513,-73.13254166481173,57.19226032575959,44.05349376052618
1664560470998,40.91332310971722,-73.13255334317533,59.49754418645339,44.06412922870368
1664560471998,40.913370764008874,-73.13258791975026,59.16520636542104,44.05834815464914
1664560472998,40.91332048556576,-73.13255315380302,59.95817397637865,44.023560140281916
1664560473998,40.91329129965978,-73.13255400206057,65.9179287105703,44.02287357393652
1664560474998,40.91327371815215,-73.13257479173495,67.99941865226869,44.023245533928275
1664560475998,40.9133317257392,-73.13252706188167,48.027344299366725,44.00399318523705
1664560476998,40.91335771369414,-73.13249629948565,39.991569258235366,44.05090559925884
1664560477998,40.913369118086656,-73.13246525815481,41.0956559346954,44.11870213504881
1664560478998,40.9133643436602,-73.13245926946556,43.22670372541884,44.166888990439475
1664560479998,40.91336673343113,-73.13246805263675,46.263721717536626,44.20500475168228
1664560480998,40.913415173496986,-73.1325042480831,17.515599332540468,44.27631928212941
1664560481998,40.91342744076226,-73.13252961401248,19.204759659338006,44.274693846702576
1664560482998,40.913438894801544,-73.13254650430905,22.093898229898247,44.24401437584311
1664560483998,40.91345092343828,-73.13256826884617,24.837807031388117,44.19507106859237
1664560484998,40.91343751970541,-73.13255014909608,27.27794748242487,44.132533081807196
1664560485998,40.91343626703907,-73.13254061940059,31.011073775049038,44.10043355450034
1664560486998,40.91345413244327,-73.13254951762869,33.922934473010514,44.08569040801376
1664560487998,40.91344963787619,-73.13254213408928,38.61556907245447,44.06538249831647
1664560488998,40.91345776263614,-73.13254834281682,42.3036960715448,44.06102135870606
1664560489998,40.91342254260186,-73.13250208980097,47.09076186784237,44.052701596170664
1664560490998,40.913392519004,-73.13252052157881,50.59237680767519,44.09940237831324
1664560491998,40.913378380920605,-73.1325461275183,51.99377494999018,44.11723834928125
1664560492998,40.913330454620365,-73.13253578458063,57.20334178660558,44.10281438566744
1664560493998,40.91331930579475,-73.13253038330649,61.59642005542863,44.10283967666328
1664560494998,40.91331844092602,-73.13247351862064,50.183539954443106,44.109499051235616
1664560495998,40.913343178544146,-73.13249082038224,54.052853310188915,44.15120473783463
1664560496998,40.91333315386188,-73.13248757889819,57.951314493870846,44.184280663728714
1664560497998,40.91335600597216,-73.132528345019,61.221915183775366,44.2067029858008
1664560498998,40.91335581269444,-73.13253392354277,66.56157595185041,44.19827965460718
1664560499999,40.913375565660964,-73.13257520286328,71.31689320475898,44.18529913853854
1664560500999,40.91331769727827,-73.13260169135262,58.953747445700934,44.139796446077526
1664560501999,40.913330840756146,-73.13262469425105,63.01332288418475,44.04965086467564
1664560502999,40.91335454639735,-73.13263514450875,51.032940712285175,43.96104257181287
1664560503999,40.9133532623455,-73.13263829394307,53.223046215036256,43.86566365417093
1664560504999,40.91338307308577,-73.13272048650852,56.165044303694245,43.792440477758646
1664560505999,40.91341161202718,-73.13267456502251,54.00295591384238,43.674320810474455
1664560506999,40.91340712632658,-73.13268530947217,57.504882688833206,43.604988609440625
1664560507999,40.913401917466196,-73.13267525266379,61.37778002448259,43.5409568566829
1664560508999,40.913488849776364,-73.13261756565392,54.136714519752076,43.512681217864156
1664560509999,40.91349155345331,-73.1326099503876,56.95898783154057,43.572121928445995
1664560510999,40.91349344614187,-73.13261995113287,60.10760892457631,43.622980256564915
1664560511999,40.913497159491826,-73.13261311486114,63.00474746001124,43.652736300602555
1664560512999,40.9134506993356,-73.13258210765387,17.830004007629707,43.74539830815047
1664560513999,40.91345850053776,-73.13259551178258,20.410054740920653,43.82465573679656
1664560514999,40.91345916667903,-73.1325927246758,23.19321233494589,43.857412584125996
1664560515999,40.913456165048125,-73.1325796041716,27.19645098240409,43.886444949544966
1664560516999,40.91345547967106,-73.13257248160147,31.44925036432587,43.92225968837738
1664560517999,40.91345816530848,-73.13257361527909,35.19276045176961,43.95247584581375
1664560518999,40.91345497071409,-73.13255962720827,41.10228029014992,43.97963766660541
1664560519999,40.91345156152804,-73.13254712114632,45.67780568856453,44.00845301523805
1664560520999,40.913439789578774,-73.13254872149173,44.52549429202075,44.04904769361019
1664560521999,40.91343073429794,-73.13253714326285,47.855067894790565,44.06782948039472
1664560522999,40.91342335528805,-73.13257495725786,44.88076541694337,44.098060393705964
1664560523999,40.91341792966694,-73.13258232727578,49.09213879052571,44.075981644913554
1664560524999,40.913403382100235,-73.1326217210893,46.53032267794656,44.04450113326311
1664560525999,40.9133933380703,-73.1326120887623,49.75862661767278,43.966680662706494
1664560526999,40.913386435267554,-73.13259631678763,52.91911885315691,43.91757223196328
1664560527999,40.913327607460744,-73.13262781441634,52.523445226232305,43.90252265613526
1664560528999,40.913272943264076,-73.1326355183686,44.420932968645594,43.852064149454236
1664560529999,40.91326663381292,-73.13265508290556,44.487976806341635,43.79739596322179
1664560530999,40.913303768866754,-73.1326383677433,42.13974643992297,43.73653841204941
1664560531999,40.91335345904873,-73.13265341450548,39.827574311991434,43.711475684307516
1664560532999,40.91335706346447,-73.13262904291416,41.1140273285215,43.67911358457059
1664560533999,40.91334830130707,-73.1326481792457,41.51513842539378,43.678496540524065
1664560534999,40.91333138107425,-73.1326477077014,43.61825585206243,43.66523521300405
1664560535999,40.913398143997085,-73.13259389328266,43.07193573190403,43.65940423961729
1664560536999,40.913436116224766,-73.132512654066,40.70514681279953,43.72182507161051
1664560537999,40.91341338316727,-73.13253959055875,42.00971794223902,43.86744344141334
1664560538999,40.91344149207295,-73.13251415218296,42.84334347577107,43.959571899846196
1664560539999,40.91342492932996,-73.13255562901743,45.21238543081029,44.05607251916081
1664560540999,40.91344767248459,-73.1325364263156,45.20238566965652,44.08646989054978
1664560541999,40.91343451348129,-73.13249760202939,47.30093337446964,44.12063509505242
1664560542999,40.913412385610656,-73.13251209000937,47.92279022196828,44.19135494809598
1664560543999,40.913405952898515,-73.13254677556368,46.398358635504984,44.22487429436296
1664560544999,40.91342257402872,-73.1325193428407,19.88670974848519,44.25178981106728
1664560545999,40.9134234294515,-73.13250705537318,22.279860662084573,44.25333234574646
1664560546999,40.91343466487296,-73.13250762470102,24.42102462956271,44.26489168591797
1664560547999,40.913443155722504,-73.13248725301423,26.35733248637787,44.27130098640919
1664560548999,40.91344860127439,-73.13249029855825,28.6948834553846,44.27578980103135
1664560549999,40.91344229376128,-73.13245989414271,31.556566148886944,44.28094871900976
1664560550999,40.91346132993277,-73.13243496653581,33.40551722988659,44.27853164076805
1664560551999,40.91347962402647,-73.13243166850705,37.099906851486324,44.277251650579274
1664560552999,40.91345616880644,-73.13240872453103,37.798319088274425,44.27005438786
1664560553999,40.913450287728985,-73.13239082015032,40.04500564008345,44.264928634278476
1664560554999,40.91341989047967,-73.13236568419096,41.313312266466745,44.25912308692932
1664560555999,40.913407741848495,-73.13234071707018,42.345510672053706,44.2549356976524
1664560556999,40.91342950031765,-73.13231024237628,45.458256544048425,44.24995512422174
1664560557999,40.91342730971379,-73.13233248945131,46.66357495301097,44.24568745214492
1664560558999,40.91340670472804,-73.13239708366127,49.17037593459043,44.240467470139265
1664560559999,40.913430080355816,-73.13246228032042,51.43169518049986,44.23745844233781
1664560560999,40.91344044310755,-73.13245464632193,54.94076262514474,44.235050653107464
1664560561999,40.913453649455334,-73.13245718376939,57.213416728958364,44.23328832164407
1664560562999,40.91350823742539,-73.13249877971188,55.6184517563512,44.2323146359995
1664560563999,40.913500439043304,-73.13262750898363,56.72664468916811,44.230603663250804
1664560564999,40.91352125039358,-73.13255619859233,56.16840132170029,44.12459986191243
1664560565999,40.91352215884132,-73.1324772179711,48.043323160769326,44.07874010223895
1664560566999,40.913523063886544,-73.13242580892017,48.14966807672972,44.11472893040627
1664560567999,40.91352702306244,-73.13242516779245,50.66880680063185,44.144813630729914
1664560568999,40.913529195699624,-73.13242293363045,51.73340168564725,44.16893607005477
1664560569999,40.91353210518552,-73.1324397398029,55.38228392657864,44.18875412084162
1664560570999,40.91352565387128,-73.13243393817379,55.10411583844437,44.20462195761502
1664560571999,40.913528616643525,-73.13242990394454,60.028520608726694,44.21846059337258
1664560572999,40.91351967182514,-73.13244615005607,59.68051607749129,44.22721505444497
1664560573999,40.91355505780408,-73.1325287033561,55.90293518249298,44.233867085538805
1664560574999,40.913580515250445,-73.13261613206012,51.32400297927239,44.20526834949851
1664560575999,40.91343983249949,-73.13253353519008,18.697265263096003,44.15511482488364
1664560576999,40.913432460127126,-73.13253650389373,20.158431921094355,44.134260857477784
1664560577999,40.91343228994358,-73.13253968273402,22.537461591827235,44.11750604305416
1664560578999,40.91343001874068,-73.13254917545818,25.64942603528953,44.09919527545571
1664560579999,40.91343439423195,-73.13254999193717,28.451048387910983,44.076231316663325
1664560580999,40.91343153643517,-73.1325423496493,31.63615075987082,44.059918065555394
1664560581999,40.913425239888426,-73.13252959377567,36.06799464237195,44.05350940581411
1664560582999,40.913442492140426,-73.13255660381513,41.339255371836344,44.06684969738126
1664560583999,40.913453621850714,-73.13260250698181,44.8653393339883,44.04869929328561
1664560584999,40.91346486512261,-73.13256819264919,46.346507974114964,43.97835470736027
1664560585999,40.91344209175886,-73.13253605680279,51.28055773398294,43.96425772551447
1664560586999,40.91344883030472,-73.13254033130193,52.80940747364582,43.995771238580346
1664560587999,40.91347460860091,-73.13260663045052,55.736615566700785,44.01840284001082
1664560588999,40.913458103194216,-73.13265258735056,57.32160809942844,43.971072311513126
1664560589999,40.913469375704025,-73.13266980703386,60.0356309199389,43.8966506998986
1664560590999,40.913439064031856,-73.13270258826007,64.17703511308476,43.809126525186
1664560591999,40.91343665624318,-73.1327030927811,68.95816613710491,43.710822872817516
1664560592999,40.913405581162515,-73.13268905383377,74.37294172981576,43.624314156360924
1664560593999,40.91340327217878,-73.13269676165723,79.60167596548858,43.57040137145668
1664560594999,40.913400504926834,-73.13270633744477,86.40873090415027,43.51253026537597
1664560595999,40.913347679897015,-73.13272750405926,89.46869881536477,43.46178100258112
1664560596999,40.91330023777863,-73.13274588716243,94.2102912321249,43.406042924150825
1664560597999,40.91332789493153,-73.13274710479344,98.56150994674962,43.34329617023468
1664560598999,40.913461488709885,-73.13262191607909,23.481499118333392,43.832241092808545
1664560600999,40.913461488709885,-73.13262191607909,22.527014264421332,43.832241092808545
1664560602999,40.913461488709885,-73.13262191607909,21.99835537504039,43.832241092808545
1664560604999,40.913461488709885,-73.13262191607909,21.575592555446732,43.832241092808545
1664560606999,40.913461488709885,-73.13262191607909,23.389077665357156,43.832241092808545
1664560607999,40.913425898221774,-73.13252243441383,20.21251545240194,43.85534275788814
1664560608998,40.91343039885163,-73.13251659907618,22.071123903257423,43.9736792948097
1664560609998,40.91343531404603,-73.13251032106704,25.69595768086478,44.0743100438267
1664560610998,40.91344407096539,-73.1325033546373,30.426122838016926,44.16205449402332
1664560611998,40.9134527589336,-73.13249867039862,33.469571533985146,44.21680623758584
1664560612998,40.913456032422104,-73.13249221661889,39.75303020030444,44.27220041491091
1664560613998,40.91344424484501,-73.13248746157073,44.826783766415936,44.304865535348654
1664560614998,40.913446019135634,-73.13248112869623,51.96034955122548,44.32778488472104
1664560615998,40.91343358466493,-73.13247759181048,56.21844696642539,44.32880243472755
1664560616998,40.91343322514969,-73.13247117528084,64.20270524917618,44.33387739956379
1664560617998,40.91343354536925,-73.13246561430194,69.25683091639038,44.33053804375231
1664560618998,40.91344954250549,-73.13246022668889,73.6984722175371,44.32202349882573
1664560619998,40.91347251147061,-73.1324508593442,80.55876852722828,44.32479681819677
1664560620998,40.91347392637345,-73.13244613582974,86.5502924485699,44.317331006750464
1664560621998,40.913497447814834,-73.13243724985927,92.88248470166361,44.31336745712906
1664560622998,40.91350124230922,-73.13243183078225,99.65352522656826,44.30508080031723
1664560623998,40.913461488709885,-73.13262191607909,22.096187623319526,43.832241092808545
1664560624998,40.913461488709885,-73.13262191607909,21.992671348587944,43.832241092808545
1664560625998,40.913461488709885,-73.13262191607909,21.37033071879721,43.832241092808545
1664560626998,40.913461488709885,-73.13262191607909,20.88147001561751,43.832241092808545
1664560627998,40.913461488709885,-73.13262191607909,20.289251504346048,43.832241092808545
1664560628998,40.913461488709885,-73.13262191607909,20.31182107986319,43.832241092808545
1664560629999,40.91361003504053,-73.13272929016217,98.91024242313641,43.73143980000168
1664560630999,40.913461488709885,-73.13262191607909,20.26859622783569,43.832241092808545
1664560631999,40.913461488709885,-73.13262191607909,20.682000594613573,43.832241092808545
1664560632999,40.913461488709885,-73.13262191607909,21.465424711973018,43.832241092808545
1664560633999,40.913461488709885,-73.13262191607909,20.675621464388577,43.832241092808545
1664560634999,40.913461488709885,-73.13262191607909,20.301407876335276,43.832241092808545
1664560635999,40.913461488709885,-73.13262191607909,20.175071871668056,43.832241092808545
1664560636999,40.913461488709885,-73.13262191607909,20.136710079522903,43.832241092808545
1664560637999,40.913461488709885,-73.13262191607909,19.880785347824496,43.832241092808545
1664560638999,40.913461488709885,-73.13262191607909,19.9946996613722,43.832241092808545
1664560639999,40.91344194482445,-73.13252240116292,20.112916542103672,43.78675018064678
1664560640999,40.91343926582097,-73.13252023233137,22.316253322125284,43.912396035157144
1664560641999,40.91343660740841,-73.1325185189164,25.65579566017108,44.011927207931876
1664560642999,40.9134340537207,-73.13251684752086,30.005477949370114,44.0882551940158
1664560643999,40.91345886242093,-73.13251209830597,34.345933392303,44.15281935501844
1664560644999,40.91346399832455,-73.1325089798465,41.29495736558959,44.20958384592086
1664560645999,40.91346815098977,-73.13250647521227,47.3898928075873,44.24281860794872
1664560646999,40.91347262684641,-73.13250376386004,54.42274156723842,44.269108198583126
1664560647999,40.91347756009002,-73.13250076078144,62.66904067425224,44.29150430019945
1664560648999,40.91348085356108,-73.13249859146674,69.16371427542275,44.302116750739515
1664560649999,40.913485761615554,-73.13249556011834,78.28298900518038,44.32066192384809
1664560650999,40.91348937455102,-73.13249323329528,85.66418546635708,44.327655675821006
1664560651999,40.91349293145342,-73.13249080369596,93.8597578278126,44.333077323623
1664560652999,40.913495639295505,-73.13248901330228,99.9648914855181,44.329418471083045
1664560653999,40.913461488709885,-73.13262191607909,23.166832653548127,43.832241092808545
1664560654999,40.913461488709885,-73.13262191607909,24.065354123533332,43.832241092808545
1664560655999,40.913461488709885,-73.13262191607909,24.782578413410715,43.832241092808545
1664560656999,40.913461488709885,-73.13262191607909,25.666629684462265,43.832241092808545
1664560657999,40.913461488709885,-73.13262191607909,24.063965512303685,43.832241092808545
1664560658999,40.913461488709885,-73.13262191607909,23.27297224539318,43.832241092808545
1664560659999,40.913461488709885,-73.13262191607909,22.251671927042725,43.832241092808545
1664560660999,40.913461488709885,-73.13262191607909,21.09919770009213,43.832241092808545
1664560661999,40.913461488709885,-73.13262191607909,20.860005928188254,43.832241092808545
1664560662999,40.913461488709885,-73.13262191607909,20.544328250845037,43.832241092808545
1664560663999,40.913461488709885,-73.13262191607909,20.12401833536017,43.832241092808545
1664560664999,40.913461488709885,-73.13262191607909,21.09804591736877,43.832241092808545
1664560665999,40.913461488709885,-73.13262191607909,20.704650702077597,43.832241092808545
1664560666999,40.913461488709885,-73.13262191607909,20.52353344926366,43.832241092808545
1664560667999,40.913461488709885,-73.13262191607909,21.0517742316865,43.832241092808545
1664560668999,40.913461488709885,-73.13262191607909,21.18817512724154,43.832241092808545
1664560669999,40.913461488709885,-73.13262191607909,20.944216856213362,43.832241092808545
1664560670999,40.913461488709885,-73.13262191607909,20.629326136305693,43.832241092808545
1664560671999,40.913461488709885,-73.13262191607909,21.088814672641615,43.832241092808545
1664560672999,40.91342923710929,-73.13253654546364,21.21242997598588,43.83217770513147
1664560673999,40.91341865509399,-73.13253434600713,24.69711677507956,43.927617862820625
1664560674999,40.913409446093,-73.13253266452564,29.470254037243905,44.005741180852056
1664560675999,40.913399716465165,-73.13253068674894,35.08232013978653,44.066860284656286
1664560676999,40.913390409861336,-73.13252882887909,41.01016032194502,44.111839327961206
1664560677999,40.91338115893666,-73.13252708737159,47.97697520776733,44.147803598083556
1664560678999,40.913371388080975,-73.13252520257022,55.519373899473955,44.174398579634726
1664560679999,40.91336313432717,-73.13252358046931,62.34854442095426,44.18823969736695
1664560680999,40.91335200185249,-73.13252140975499,71.6842065598857,44.20779808238149
1664560681999,40.91341724424427,-73.1325566965835,70.45882898568608,44.219161798246205
1664560682999,40.913408786630164,-73.13255582907604,78.53978865422678,44.200747455470264
1664560683999,40.91346592432167,-73.13258687488236,80.85996624190255,44.17776933964342
1664560684999,40.913443530558915,-73.13257912058921,85.34391042456832,44.1373348524794
1664560685999,40.91342440402951,-73.13257269961181,90.32099502275086,44.09965887200087
1664560686999,40.91344322636245,-73.13258539024349,97.06986513581465,44.06503205560148
1664560687999,40.913461488709885,-73.13262191607909,23.893866985110787,43.832241092808545
1664560688999,40.913461488709885,-73.13262191607909,23.777611329435132,43.832241092808545
1664560689999,40.913461488709885,-73.13262191607909,23.377363999125027,43.832241092808545
1664560690999,40.91343617615198,-73.13259002100465,79.52040729439437,43.79629550781101
1664560691999,40.91342954387261,-73.13257679710719,83.17098459329586,43.78660286124796
1664560692999,40.913426708926536,-73.13256422801008,86.3277319016837,43.79710848815739
1664560693999,40.9134093973687,-73.1325615739143,92.17682464868452,43.812976801767945
1664560694999,40.91345526720608,-73.13257945286841,96.77304766801836,43.84812231454998
1664560695999,40.913438299387344,-73.1325690855609,99.38851189986048,43.84320401120931
1664560696999,40.913461488709885,-73.13262191607909,18.10177041456618,43.832241092808545
1664560697999,40.913461488709885,-73.13262191607909,18.285951153807005,43.832241092808545
1664560698999,40.913461488709885,-73.13262191607909,18.415326414207723,43.832241092808545
1664560699999,40.913461488709885,-73.13262191607909,18.2438479798112,43.832241092808545
1664560700999,40.913461488709885,-73.13262191607909,18.86319208568496,43.832241092808545
1664560701999,40.913461488709885,-73.13262191607909,19.169574010546434,43.832241092808545
1664560702999,40.913461488709885,-73.13262191607909,19.314136522192953,43.832241092808545
1664560703999,40.91348511511194,-73.13231824040541,79.96651399134987,43.77552522812039
1664560704999,40.913414104183396,-73.13251988930598,19.109542139298046,43.945166253484786
1664560705999,40.913438240375264,-73.13252993820677,20.363886286610555,44.033656142652035
1664560706999,40.91343862899789,-73.13253054438384,23.427296031979388,44.091126444749534
1664560707999,40.913432740176475,-73.13252873452609,26.701023342933144,44.12769536394626
1664560708999,40.91344363184925,-73.13253275799644,29.4432850646019,44.15236657951027
1664560709999,40.913420708638206,-73.13248605157007,32.16216308056114,44.171719814650714
1664560710999,40.913427612798536,-73.13248319996961,36.29352544550897,44.216462617740035
1664560711999,40.913430609780036,-73.13247836382843,39.922981924835916,44.25014652591199
1664560712999,40.91339500388857,-73.13245813456538,45.019784709217895,44.27583892084658
1664560713999,40.91337061913723,-73.13244689756036,47.82402360338845,44.28425281122327
1664560714999,40.913377227503396,-73.13244147312595,49.24806718913967,44.28982457332313
1664560715999,40.91338524474539,-73.13240044085111,49.80305812418663,44.28878877777606
1664560716999,40.91338723535117,-73.13239096175714,53.54073248698949,44.28584127128124
1664560717999,40.91338576841556,-73.132413040925,56.20183837720794,44.28038049209863
1664560718999,40.91336667787156,-73.13242606401494,58.655236829396266,44.276971282437444
1664560719999,40.91339001174466,-73.13233038931558,58.40695713977095,44.27070607431233
1664560720999,40.913426401736714,-73.13240139300176,60.62082979035191,44.262703199870884
1664560721999,40.913422826130564,-73.13244757471854,61.96417672816782,44.25510039180517
1664560722999,40.913404193523036,-73.13251905464483,61.74620754058826,44.249072916805744
1664560723999,40.91339790961468,-73.13254061429267,65.01824064725805,44.22488876245916
1664560724999,40.913387234498884,-73.13251198691357,66.70449200906508,44.18701062258333
1664560725999,40.91339496367402,-73.13247236920901,66.37368504129734,44.17997788824141
1664560726999,40.91340582270626,-73.13245549747637,69.22715979030909,44.19096213392913
1664560727999,40.91339327167631,-73.13250782185573,57.89036788354181,44.20024401508272
1664560728999,40.91340499100108,-73.13245071933393,57.952595980715266,44.20226957742125
1664560729999,40.913409523697,-73.13245631723755,57.6306655599912,44.2113475902006
1664560730999,40.913413585780205,-73.1324448395508,57.685987953722105,44.218998881056905
1664560731999,40.91344457861496,-73.13236826003042,58.446895493473164,44.22782065998763
1664560733000,40.91343652784015,-73.13241750575861,54.30173212197588,44.23176811914891
1664560734000,40.91345767739102,-73.13239261194603,54.77949109689977,44.23407205659896
1664560734999,40.913447950017,-73.1324229334347,52.41822586860195,44.23949385341257
1664560735999,40.91348972626204,-73.1324239275817,52.480537894519934,44.23783965129405
1664560736999,40.913447054315405,-73.132523188029,18.34399045988134,44.280555623583496
1664560737999,40.91344572034273,-73.13251879897973,20.30593971392814,44.24486625101417
1664560738999,40.913461613015585,-73.13252222889123,21.434813260024796,44.2201306046918
1664560739999,40.91346743288492,-73.13252356291757,24.372347469976418,44.19515082333237
1664560740999,40.91347497926828,-73.13252854928731,27.116529803338487,44.17272859904915
1664560741999,40.91346928536514,-73.1325256107736,28.472787211417515,44.15191168524325
1664560742999,40.91347476303145,-73.13252447340824,31.325717537716823,44.137588921934366
1664560743999,40.913483784825615,-73.13252607068044,33.26029776646737,44.13115798961371
1664560744999,40.913489049951615,-73.13252461667018,37.10596989244961,44.12409089319408
1664560745999,40.913489627187,-73.13249360183413,39.36652877371106,44.121879811398685
1664560746999,40.91349641583395,-73.13250010183216,41.39948339978331,44.150166336447
1664560747999,40.91348335551524,-73.13246503229344,40.445282453492666,44.176079348661005
1664560748999,40.913486625631705,-73.13245520420466,43.558774079915146,44.196133743040264
1664560749999,40.91347915908862,-73.1324575603687,46.16633231460746,44.21322630904615
1664560750999,40.91346713436869,-73.13256231535968,47.56560210560885,44.22402637638152
1664560751999,40.91342860808388,-73.13260736299856,47.77973056325159,44.1581353591755
1664560752999,40.91343532136914,-73.1326048361133,48.3041847890622,44.047978054732084
1664560753999,40.91343466719799,-73.13262186999711,50.54111139010664,43.969017162919044
1664560754999,40.91342171755376,-73.13263448637235,49.88068806862512,43.89760424569249
1664560755999,40.913348789112696,-73.13260481007013,48.95547189091777,43.81214607413858
1664560756999,40.913337650442756,-73.1326159017121,51.67713452364542,43.79357183538377
1664560757999,40.9133999337379,-73.13259775960874,48.20668290879606,43.77344315126538
1664560758999,40.91341987466599,-73.1325377886825,49.36800315591856,43.77973337750882
1664560759999,40.913406579631406,-73.1325223128586,48.50770991565931,43.85720289219171
1664560760999,40.913422351493914,-73.13252115508341,50.500983274695976,43.94617856387049
1664560761999,40.91342050821045,-73.13252101516143,52.55772411247046,44.01776715088636
1664560762999,40.91342621412853,-73.13251481769989,53.77288558492777,44.07686766423285
1664560763999,40.91342270369578,-73.13252232397403,55.05611025921798,44.1287265047431
1664560764999,40.9134627801204,-73.13251814746741,51.82438226003325,44.15946272201836
1664560765999,40.91346601507253,-73.13255336606029,53.17420407848285,44.18643565475941
1664560766999,40.91344785808873,-73.13254778409018,54.74440651510793,44.16070030629635
1664560767999,40.913417010814584,-73.13257143594382,55.71364901324902,44.143441622145474
1664560768999,40.91341897429351,-73.13253094228925,19.481004996707096,44.14702047314495
1664560769999,40.91341584111671,-73.13253146489053,22.316320278533855,44.150044502690434
1664560770999,40.913404986106904,-73.13251836625079,25.167019668793905,44.149095750413835
1664560771999,40.91340752185588,-73.13250154229189,28.109740554145045,44.160523501224816
1664560772999,40.91340246794991,-73.13248972448883,31.59516779601347,44.18890477810055
1664560773999,40.91338955314093,-73.13248773788683,34.464243510678585,44.21290763374418
1664560774999,40.91338116978155,-73.13247312676042,39.01018214807723,44.230451453477144
1664560775999,40.91339604976058,-73.13251024602103,42.251153685861915,44.241794569417834
1664560776999,40.913395013164646,-73.1325155381773,46.10773310397263,44.235362271778286
1664560777999,40.913390318243444,-73.13251656305901,50.20480028457415,44.22400894202292
1664560778999,40.91338189671276,-73.13251006189552,56.80441911685875,44.21328720450401
1664560779999,40.91337598410326,-73.13250758503072,62.17144649777817,44.210466428659856
1664560780999,40.913387163289244,-73.13248320450535,63.0638552504284,44.21031531970948
1664560781999,40.91339874434098,-73.1325018145218,66.47392984545283,44.218258989974856
1664560782999,40.91341299127251,-73.13250438253058,70.07645511776431,44.222812140360475
1664560783999,40.91338169671432,-73.1325032263627,73.8202883135094,44.22427138313651
1664560784999,40.91332621770342,-73.13247691132014,78.27093203274015,44.22797997109592
1664560785999,40.91325635239851,-73.1324421667602,82.1103592502985,44.232523805461824
1664560786999,40.91321849140794,-73.13243104852393,85.9390152240014,44.235281843692064
1664560787999,40.913212589262656,-73.13242715124582,89.3489905818164,44.23587834555656
1664560788999,40.91320234583185,-73.13242597297244,96.10560834164232,44.237387562170625
1664560789999,40.91320764766013,-73.13243328109648,99.96619382632645,44.237034138292074
1664560790999,40.91348329027048,-73.13241361936988,68.74127944538972,44.24078653473407
1664560791999,40.91352575543879,-73.13239869182809,71.59847169256783,44.239232637919486
1664560792999,40.913557405003765,-73.13235966936145,70.57541433625255,44.23821959737688
1664560794000,40.913663071576515,-73.13245678629896,71.38117796458214,44.23282511532307
1664560795000,40.913638137137106,-73.13245867407943,70.77384557619881,44.23474828992039
1664560796000,40.91364801766121,-73.1324571392526,73.11677854738636,44.23453753255308
1664560797000,40.91364325548148,-73.13244033081583,76.33255352060077,44.23419601097703
1664560798000,40.913666103784465,-73.13244799325429,79.74357784079965,44.23374580591917
1664560799000,40.913688749445896,-73.13246144100748,82.79896801681507,44.23347959201783
1664560800000,40.913784581808834,-73.13248377859362,68.45422158091142,44.234314765781164
1664560801000,40.913449413721466,-73.13253230576629,20.56304625385918,44.32025120779872
1664560802000,40.91344860604564,-73.1325348257687,23.41369078513496,44.23200681898743
1664560803000,40.913447392358016,-73.13253643920122,27.232937652748056,44.18122771754861
1664560804000,40.91344791807044,-73.13254395275557,32.02983711385188,44.14447521325201
1664560805000,40.91344623695306,-73.13254215881855,37.264071793526725,44.11000136472285
1664560806000,40.91344340890716,-73.13253710334955,43.21503833571009,44.08489241451025
1664560807000,40.91344951612963,-73.13254781704924,48.16511401955977,44.07586381956935
1664560808000,40.91344420034911,-73.13254114024932,52.806152582847425,44.06101033743471
1664560809000,40.913439090786646,-73.1325323937749,60.293646306279854,44.0543269040063
1664560810000,40.91345066638683,-73.13257327527627,67.0601592943692,44.05732004996389
1664560811000,40.913460767698865,-73.13261989649737,72.14998081675748,44.02740936726332
1664560812000,40.9134628137829,-73.1326294830647,78.2270514761634,43.97082395013422
1664560813000,40.9134638826345,-73.13263746756417,84.44721463165654,43.91128836758435
1664560814000,40.91346314129688,-73.13263946982347,91.70878148796493,43.85015012323856
1664560815000,40.913460329780314,-73.13262942195925,96.86568744960836,43.794749330729246
1664560816000,40.913460406004745,-73.132636227504,99.63858010539452,43.7715113395825
1664560817000,40.913461488709885,-73.13262191607909,20.917859304827868,43.832241092808545
1664560818000,40.913461488709885,-73.13262191607909,21.15251954232103,43.832241092808545
1664560819000,40.913461488709885,-73.13262191607909,20.24983607325705,43.832241092808545
1664560820000,40.913461488709885,-73.13262191607909,19.603806165307603,43.832241092808545
1664560821000,40.913460402907866,-73.13255668485087,94.0190195581429,43.737451736815274
1664560822000,40.91344814711674,-73.13268026727108,94.7988079496539,43.76699106954038
1664560823000,40.91344360310195,-73.13262943675373,97.65921412885648,43.712912577204406
1664560824000,40.91343897621281,-73.1326988252952,99.53331317724631,43.71551260817796
1664560825000,40.913461488709885,-73.13262191607909,19.42018605881022,43.832241092808545
1664560826000,40.913461488709885,-73.13262191607909,19.53807328299853,43.832241092808545
1664560827000,40.91349065752897,-73.13261122558656,69.98804171305866,43.713087290525436
1664560828000,40.91349163456407,-73.132605144222,71.23388211444384,43.72955224663019
1664560829000,40.91351751923195,-73.13262427593828,72.61332007334968,43.752350103110075
1664560830000,40.91351894916466,-73.13258125946228,73.93461287707721,43.76024400442839
1664560831000,40.91350947186863,-73.13250382789867,76.47238843114981,43.80586268007755
1664560832000,40.9134290061741,-73.13252146752804,19.408440418261005,44.026616867631674
1664560833000,40.91342596021901,-73.13251966625982,21.041643939604135,44.11371233779937
1664560834000,40.913423009891076,-73.13252304033877,24.423250351435563,44.173488701693714
1664560835000,40.91342025311543,-73.13252414843097,28.17324824221837,44.1985463257879
1664560836000,40.913416420990735,-73.1325235717563,32.94554792140698,44.21644742321223
1664560837000,40.913402339675436,-73.13249279033386,38.52348400428199,44.23239505942911
1664560838000,40.91339725221083,-73.13248844564569,44.46883320024918,44.26283296290785
1664560839000,40.91339262881063,-73.1324841636311,50.15400158651222,44.27959797158837
1664560840000,40.91338058221106,-73.13245524546437,55.793978119797586,44.289451719261706
1664560841000,40.91337044441901,-73.13243378906547,61.754871249293785,44.29584620986134
1664560842000,40.913358948680724,-73.13240807710078,68.5618919888762,44.295202110894024
1664560843000,40.91334195146905,-73.13236443313146,73.87356286451627,44.28939428925514
1664560844000,40.913332489876964,-73.13234622566408,81.67203057045563,44.28580550290644
1664560845000,40.91332084194674,-73.13231897022277,87.42579297959601,44.281361748464406
1664560846000,40.91330917122377,-73.13229603025596,97.26288289276528,44.27775095123798
1664560847000,40.913461488709885,-73.13262191607909,20.739796828204103,43.832241092808545
1664560848000,40.913461488709885,-73.13262191607909,21.028959803796532,43.832241092808545
1664560849000,40.913461488709885,-73.13262191607909,21.718354154289752,43.832241092808545
1664560850000,40.913461488709885,-73.13262191607909,22.53972581188695,43.832241092808545
1664560851000,40.913461488709885,-73.13262191607909,22.97444835945916,43.832241092808545
1664560852000,40.913461488709885,-73.13262191607909,24.113901295675056,43.832241092808545
1664560853000,40.913461488709885,-73.13262191607909,24.565282306587058,43.832241092808545
1664560854000,40.913461488709885,-73.13262191607909,25.129661205863794,43.832241092808545
1664560855000,40.913461488709885,-73.13262191607909,24.37389965422045,43.832241092808545
1664560856000,40.913461488709885,-73.13262191607909,24.144004366967643,43.832241092808545
1664560857000,40.913461488709885,-73.13262191607909,24.34081825926284,43.832241092808545
1664560858000,40.913461488709885,-73.13262191607909,24.422395433625997,43.832241092808545
1664560859000,40.913461488709885,-73.13262191607909,23.49234109843271,43.832241092808545
1664560860000,40.913461488709885,-73.13262191607909,23.020873324259252,43.832241092808545
1664560861999,40.913461488709885,-73.13262191607909,21.82455283555529,43.832241092808545
1664560863999,40.91342027502335,-73.13252314836554,19.94661221580084,43.83263201918453
1664560864999,40.91342397552793,-73.13252952744914,21.731231174608528,43.94462261721492
1664560865999,40.913428231697694,-73.13253659625556,25.137516334787243,44.027496113441885
1664560866999,40.91341772863428,-73.13254969092166,29.84203558448482,44.08304016571492
1664560867999,40.913421615945644,-73.13255680354189,33.50689483848142,44.09963690023869
1664560868999,40.913423507826536,-73.13256506629327,39.556604679892395,44.105221547186375
1664560869999,40.913427146128214,-73.13256683245719,44.1286007282121,44.098490975797176
1664560870999,40.913429020195615,-73.13257426715884,50.603460269370764,44.08303343690932
1664560871999,40.91343057046077,-73.13258196175062,55.158628872313315,44.05756910238415
1664560872999,40.91343300589968,-73.13258818687093,61.550691917697584,44.030482629314065
1664560873999,40.91348447966446,-73.1325470932453,66.57576409489657,44.00815776269883
1664560874999,40.91349276057786,-73.13254908882462,74.30353078183518,44.02055863849819
1664560875999,40.91350057038208,-73.13255097655022,82.01458595946863,44.029708116315305
1664560876999,40.91350708976701,-73.13255254072611,88.60048213520766,44.03566304035485
1664560877999,40.91351487965107,-73.1325544063089,96.7283771899676,44.04021130036563
1664560878999,40.913461488709885,-73.13262191607909,22.0743212505054,43.832241092808545
1664560879999,40.913461488709885,-73.13262191607909,22.054388059859477,43.832241092808545
1664560880999,40.913461488709885,-73.13262191607909,21.568094386958315,43.832241092808545
1664560881999,40.913461488709885,-73.13262191607909,21.791732188322356,43.832241092808545
1664560882999,40.913461488709885,-73.13262191607909,21.70097481500588,43.832241092808545
1664560883999,40.913461488709885,-73.13262191607909,21.84722479038783,43.832241092808545
1664560884999,40.913461488709885,-73.13262191607909,22.606169806070053,43.832241092808545
1664560885999,40.913461488709885,-73.13262191607909,22.236015266211787,43.832241092808545
1664560886999,40.9135619785203,-73.13277670450886,96.30502586221161,43.75080434884876
1664560887999,40.91356509110462,-73.13278366767969,98.8917840637246,43.74258566368371
1664560888999,40.91352736004622,-73.13272849255273,95.17175620102138,43.492970070801675
1664560889999,40.91353050043927,-73.13273767741693,99.5811559815803,43.43539131619036
1664560890999,40.913461488709885,-73.13262191607909,21.98632117720619,43.832241092808545
1664560891999,40.913461488709885,-73.13262191607909,20.6245896246815,43.832241092808545
1664560892999,40.913461488709885,-73.13262191607909,19.631177120330793,43.832241092808545
1664560893999,40.913461488709885,-73.13262191607909,18.99753425441638,43.832241092808545
1664560894999,40.913461488709885,-73.13262191607909,18.259798831266565,43.832241092808545
1664560895999,40.913461488709885,-73.13262191607909,17.938575594097617,43.832241092808545
1664560896999,40.91342813516756,-73.1325231157523,21.12336376713041,43.81318844482303
1664560898000,40.91342621582913,-73.13252080162812,24.42272238882679,43.942167052067816
1664560899000,40.91342745518757,-73.13252675416356,27.457498131486908,44.0392684424296
1664560900000,40.91342370746057,-73.13252777124544,31.3079379693329,44.11731129325926
1664560901000,40.91342307511285,-73.13253059697854,35.76169223107555,44.16771570034325
1664560902000,40.91342413355644,-73.13249567046662,38.478312221285265,44.19479147531092
1664560903000,40.913423015271555,-73.13249080322568,44.46216538975247,44.251865602098405
1664560904000,40.91342214253421,-73.1324868972926,49.43664185155938,44.27953481208533
1664560905000,40.91347781738843,-73.13252071903864,46.49149368083722,44.30085182096809
1664560906000,40.91350373072799,-73.13254011149081,51.09975899948308,44.29243145417422
1664560907000,40.91352253791921,-73.13256363265279,54.73336048230079,44.249022032134235
1664560908000,40.913538509661365,-73.13258444532525,58.53312153387428,44.19125193078071
1664560909000,40.913539427989,-73.13257792239531,61.137802273988434,44.13315265439451
1664560910000,40.91355501669433,-73.13252691761141,52.83882133680859,44.0870089167729
1664560911000,40.913580938916795,-73.13251529299644,55.22656282547763,44.09762528166175
1664560912000,40.91359763061763,-73.1325149448501,53.83787855351869,44.121097900904715
1664560913000,40.91367030049482,-73.13255039650286,55.869983015972515,44.14022672455758
1664560914000,40.9136495875964,-73.13257116189574,55.70447838715548,44.11547451186925
1664560915000,40.913651909010625,-73.132563363492,57.94856664346564,44.07455402798951
1664560916000,40.91361673681931,-73.13252902679965,61.21174671542533,44.0466930847615
1664560917000,40.913644259570525,-73.13256503016147,63.96080074186823,44.05936599429697
1664560918000,40.91362925320911,-73.13252559768532,66.34462700865124,44.03943518269807
1664560919000,40.91366761694615,-73.13258719021388,69.31461314042325,44.05490353051573
1664560920000,40.913673779760394,-73.13258967875352,72.9198743944684,44.02302037831396
1664560921000,40.913676544977214,-73.13256708624294,78.09692071275218,43.99149658344686
1664560922000,40.913671324266026,-73.13254330097988,82.1589848391866,43.981654508039355
1664560923000,40.913680791418116,-73.13254700014927,86.83512645369477,43.98943564668298
1664560924000,40.913639221449046,-73.13257032041751,65.06635163700278,43.994370656087995
1664560925000,40.91364854907496,-73.1325708578574,68.48715354946043,43.98341741040349
1664560926000,40.91365695896616,-73.13260573788364,71.48776428768304,43.97562682535499
1664560927000,40.91366462408746,-73.13260812220264,76.12627844907512,43.93885535467416
1664560928000,40.91366497301535,-73.13260372719354,80.65991906252903,43.90898752305657
1664560929000,40.913442292921296,-73.13256779665431,20.196435877088824,43.99019562173635
1664560930000,40.91343025718456,-73.13255381493383,23.95131768929966,43.98815640620887
1664560931000,40.9134304767322,-73.13256864591847,27.40456200145243,44.00563583243638
1664560932000,40.913426718624734,-73.13256943179822,32.32797758465081,43.9977849656716
1664560933000,40.91343033213785,-73.13259727558238,35.361686075553166,43.991038653068244
1664560934000,40.91342879918858,-73.13260787816272,41.46812585066732,43.95288620330393
1664560935000,40.91342356780517,-73.13260801385883,44.96698710237382,43.91318843327463
1664560936000,40.91341083333449,-73.13259403952661,52.07656656185739,43.877962125465274
1664560937000,40.91341190775374,-73.13261375188303,56.87514679736106,43.869467962533236
1664560938000,40.91340453946988,-73.13261042047674,63.33269431286309,43.84454929176718
1664560939000,40.91339956032987,-73.13261325338823,70.13062298722913,43.82763026561588
1664560940000,40.91339014766418,-73.13260469450287,77.19163236290473,43.81246322300285
1664560941000,40.91338862402853,-73.13261757289006,85.31671327349174,43.80703937634826
1664560942000,40.913403222001904,-73.132673051823,89.08512438015659,43.79457128699869
1664560943000,40.913391630973315,-73.13265566223355,95.13342319254673,43.73063104599714
1664560944000,40.913377478709506,-73.13272116543047,91.94017649875947,43.69221437815577
1664560945000,40.913354602452905,-73.13272408875349,98.94653256944204,43.57926430180669
1664560946000,40.913461488709885,-73.13262191607909,19.68134190575661,43.832241092808545
1664560947000,40.913461488709885,-73.13262191607909,19.38769383771799,43.832241092808545
1664560948000,40.913461488709885,-73.13262191607909,19.186703327091056,43.832241092808545
1664560949000,40.913461488709885,-73.13262191607909,18.732440958166524,43.832241092808545
1664560950000,40.913461488709885,-73.13262191607909,18.85868125175927,43.832241092808545
1664560951000,40.913461488709885,-73.13262191607909,18.621919727489125,43.832241092808545
1664560952000,40.913461488709885,-73.13262191607909,18.71451220979519,43.832241092808545
1664560953000,40.913461488709885,-73.13262191607909,18.503181084290578,43.832241092808545
1664560954000,40.913461488709885,-73.13262191607909,18.74522926390483,43.832241092808545
1664560955000,40.913461488709885,-73.13262191607909,18.807471316423833,43.832241092808545
1664560956000,40.913461488709885,-73.13262191607909,18.95628033851798,43.832241092808545
1664560957000,40.913461488709885,-73.13262191607909,19.152111004804055,43.832241092808545
1664560958000,40.913461488709885,-73.13262191607909,18.623932670605992,43.832241092808545
1664560959000,40.913461488709885,-73.13262191607909,19.18763380440299,43.832241092808545
1664560960000,40.913461488709885,-73.13262191607909,19.75398876157047,43.832241092808545
1664560961000,40.91342555653335,-73.13253698648045,21.88360867176542,43.85778822097927
1664560962000,40.913423972647145,-73.13252715322825,25.19826430720167,43.94512315187603
1664560963000,40.91342478584955,-73.13252340484607,27.57137850663766,44.024536676704884
1664560964000,40.91342508222055,-73.13251692376912,32.057229342258076,44.09700687415898
1664560965000,40.91341763480281,-73.13252685231322,34.64645359390623,44.146564757451415
1664560966000,40.913427897123356,-73.1325260660408,35.82164071966682,44.18576926086098
1664560967000,40.91345720727836,-73.13254815656008,39.58526320490489,44.19763228856027
1664560968000,40.9134620464533,-73.1325550017627,42.93274789569213,44.175981723703444
1664560969000,40.913445420969055,-73.13257227319828,47.65635702549939,44.15122028347105
1664560970000,40.91343505253853,-73.13253578187798,52.95038784737453,44.108388455584645
1664560971000,40.91345652870765,-73.13261005836449,57.45600921707986,44.1120979944244
1664560972000,40.91345360391564,-73.13260027266763,62.543904422931206,44.05163581017405
1664560973000,40.91345990684246,-73.13262176675066,68.73091627519028,44.00529527943581
1664560974000,40.91346476578851,-73.13263876833796,75.30339520722826,43.948405033908784
1664560975000,40.91344940845259,-73.1326080015555,73.24431013382038,43.890181510709226
1664560976000,40.9134746891532,-73.1326085375704,79.32275238988449,43.85569865256548
1664560977000,40.91356141949199,-73.13252166378592,77.91921863146365,43.82804607413709
1664560978000,40.91357540410685,-73.13251789598246,83.51732331746513,43.885065998882055
1664560979000,40.91354914548008,-73.13249890111403,88.31005849465218,43.93548540305346
1664560980000,40.91355370917933,-73.13249278377617,94.43287934777867,43.9977325508371
1664560981000,40.913578896975906,-73.13249842874063,99.63184595657438,44.04875163175166
1664560982000,40.913461488709885,-73.13262191607909,21.712296945299798,43.832241092808545
1664560983000,40.913461488709885,-73.13262191607909,22.193087374727867,43.832241092808545
1664560984000,40.913461488709885,-73.13262191607909,22.453692213954405,43.832241092808545
1664560985000,40.913416247046655,-73.13261340052073,99.30528921281244,43.84134109783918
1664560986000,40.913264751808036,-73.13269537544573,94.79598884956363,43.82009389344603
1664560987000,40.91323956270262,-73.13270832227843,99.6942262379618,43.69891610182822
1664560988000,40.913177118037154,-73.13274551231204,98.37804920423903,43.59606116451323
1664560989000,40.913461488709885,-73.13262191607909,23.172976998344257,43.832241092808545
1664560990000,40.913217527622805,-73.1326358494519,84.80095006985465,43.53666194714606
1664560991000,40.91320037598263,-73.1326313449303,88.86653470598041,43.56033957656473
1664560992000,40.91323608805667,-73.13255981081139,83.2078807740198,43.60306828189641
1664560993000,40.91341506650463,-73.13251761879853,21.238143692863556,43.75667131692171
1664560994000,40.913414913110884,-73.13251501599783,24.64962045764029,43.922055177390575
1664560995000,40.91341022412477,-73.13250283397569,27.731607467793022,44.04226847551763
1664560996000,40.91340725844085,-73.13249440470024,32.525665258257504,44.144957764074206
1664560997000,40.91340635359158,-73.13249128930647,37.19612171863412,44.21892312541604
1664560998000,40.91340722292874,-73.13248562378136,43.68456869175408,44.27876007929444
1664560999000,40.91341475393586,-73.13247720779195,48.95668692772733,44.31190765183419
1664561000000,40.91341689353452,-73.13248745621459,48.76601127994036,44.331661014817655
1664561001000,40.91342037919123,-73.13247483791515,51.048120673758696,44.32983543537557
1664561002000,40.913419516177775,-73.1324630431671,57.75196244052583,44.33712855260819
1664561003000,40.9133895139662,-73.13249647190221,56.90900465809466,44.33070976380259
1664561004000,40.91341085770334,-73.13250185285185,62.60246944906161,44.32153183501214
1664561005000,40.913403745360256,-73.13249887684304,64.0353850070417,44.3097217977047
1664561006000,40.91342602873155,-73.13254232299488,68.04845754341784,44.30144561547786
1664561007000,40.91338866259531,-73.13254512164463,70.34400336341118,44.26180804055184
1664561008000,40.91337273615977,-73.13254387164315,74.81831338147632,44.21699431631714
1664561009000,40.91334933216052,-73.13255298485191,77.66696670669153,44.17572024650872
1664561010000,40.9133393183323,-73.13255470417276,82.31352523551433,44.1341434950009
1664561011000,40.9133201570719,-73.13262093791269,84.41576763870833,44.09230056963861
1664561012000,40.91330022307169,-73.13260631062023,90.47100410963402,43.99573574401438
1664561013000,40.91328849780964,-73.13257441233772,92.53862305973742,43.928280506283045
1664561014000,40.91328347185377,-73.13258577320421,99.91752369702063,43.90533690433949
1664561015000,40.913461488709885,-73.13262191607909,23.04472301055113,43.832241092808545
1664561016000,40.913461488709885,-73.13262191607909,23.122533305606456,43.832241092808545
1664561017000,40.913461488709885,-73.13262191607909,22.574673019157096,43.832241092808545
1664561018000,40.913461488709885,-73.13262191607909,22.344313731966526,43.832241092808545
1664561019000,40.913461488709885,-73.13262191607909,21.994873918445567,43.832241092808545
1664561020000,40.913461488709885,-73.13262191607909,22.59528803977784,43.832241092808545
1664561021000,40.913461488709885,-73.13262191607909,23.375182171499784,43.832241092808545
1664561022000,40.913461488709885,-73.13262191607909,21.88107860970414,43.832241092808545
1664561023000,40.913461488709885,-73.13262191607909,22.551331627019874,43.832241092808545
1664561024000,40.913461488709885,-73.13262191607909,23.38749941886044,43.832241092808545
1664561025000,40.913422885199566,-73.13252669725033,21.889214779813486,43.79653122276068
1664561026000,40.91342459236937,-73.1325216625502,25.467480707343164,43.908347436226904
1664561027000,40.91342609513601,-73.13251623638529,30.174070545326924,44.00298300944269
1664561028000,40.91342760125883,-73.1325105502786,35.901335603640426,44.08350932691246
1664561029000,40.9134269866769,-73.13250503586781,41.391483622306644,44.14928029384464
1664561030000,40.91342532306302,-73.13249850879907,47.684916810100894,44.21319552976638
1664561031000,40.91343007851576,-73.13249310648493,54.32042806120814,44.25656717643142
1664561032000,40.91346203382369,-73.1324881723337,59.96828387541009,44.28411802649498
1664561033000,40.91345678838381,-73.13248284760832,66.65794232135286,44.29904216248542
1664561034000,40.91347104763267,-73.13247728071023,72.90645559501644,44.31596131529659
1664561035000,40.91346521292873,-73.13250638687119,69.1326971108268,44.33008277788758
1664561036000,40.91347029966892,-73.13252250228794,63.34495503083632,44.31827504839748
1664561037000,40.913469326788814,-73.13253688784576,67.05522239371729,44.28739884402603
1664561038000,40.91347198012898,-73.13252996014722,73.87123634248638,44.25331326480955
1664561039000,40.91346246900008,-73.13256189796178,77.73092215409999,44.22764341905713
1664561040000,40.91348673471826,-73.13255647414421,74.22787599656793,44.17978716827929
1664561041000,40.913484315164645,-73.13254782498238,78.21746027525126,44.136963142082095
1664561042000,40.91349108791427,-73.1325501161675,83.92013007322407,44.108534360304475
1664561043000,40.913495008930134,-73.1325498974567,89.03743500730124,44.086098183877766
1664561044000,40.913501397769814,-73.13255175092532,95.45012642487251,44.066036687232554
1664561045000,40.91344892338232,-73.13255836564852,89.86365896073355,44.04822651203722
1664561046000,40.91346030015647,-73.1325673914068,90.76027646961697,44.030306997708976
1664561047000,40.913468365665956,-73.13256515594908,96.54989624780887,44.005595243535936
1664561048000,40.913465766164734,-73.13256429249464,99.9695579916986,43.99535706080496
1664561049000,40.913461488709885,-73.13262191607909,19.11577270850314,43.832241092808545
1664561050000,40.913461488709885,-73.13262191607909,19.467093405391946,43.832241092808545
1664561051000,40.913461488709885,-73.13262191607909,19.65179605721216,43.832241092808545
1664561052000,40.913461488709885,-73.13262191607909,19.76778487554587,43.832241092808545
1664561053000,40.913461488709885,-73.13262191607909,20.033696969270014,43.832241092808545
1664561054000,40.913461488709885,-73.13262191607909,19.109678594266054,43.832241092808545
1664561055000,40.913461488709885,-73.13262191607909,19.79374074327875,43.832241092808545
1664561056000,40.913461488709885,-73.13262191607909,20.275254011530322,43.832241092808545
1664561057000,40.91342357025644,-73.13254461987319,21.058820097876712,43.79008565377444
1664561058000,40.913422449852376,-73.13255685072151,23.429886460814288,43.87541060242802
1664561059000,40.91342068562943,-73.13256083450015,27.21974771435833,43.93384442385286
1664561060000,40.91341935330768,-73.13256399366612,31.257717478741174,43.970667007379234
1664561061000,40.91342418384092,-73.13257661721521,33.96881464527797,43.99444935657084
1664561062000,40.913423715919365,-73.13258026466197,39.78637808969886,43.99968154914677
1664561063000,40.9134186661569,-73.13257395018306,45.779225185834726,43.995549214072526
1664561064000,40.91341674156614,-73.13257398211948,51.75603800084248,43.99642120394856
1664561065000,40.913416322228215,-73.13257714197428,58.41629049485143,43.99610976781696
1664561066000,40.91341511638808,-73.1325784242602,64.64825521312432,43.9921735022217
1664561067000,40.91342012546665,-73.13264875178363,66.65015338815273,43.98963835090399
1664561068000,40.91339270057173,-73.13265124834483,71.63614687454702,43.93313711229712
1664561069000,40.91338828692538,-73.13262741318772,76.75289513048938,43.871472803875804
1664561070000,40.91335612195578,-73.13262177430848,82.39879596926914,43.83942964486778
1664561071000,40.91335229360382,-73.1326234114747,89.31100304228973,43.81295881420374
1664561072000,40.913346557115915,-73.13262294018305,95.61071660622058,43.79215438477695
1664561073000,40.91334228938837,-73.132650238416,98.8526513498066,43.7811044761911
1664561074000,40.913461488709885,-73.13262191607909,22.46891853824127,43.832241092808545
1664561075000,40.913461488709885,-73.13262191607909,22.416401428221114,43.832241092808545
1664561076000,40.913461488709885,-73.13262191607909,21.60288031820436,43.832241092808545
1664561077000,40.913461488709885,-73.13262191607909,21.876703923327323,43.832241092808545
1664561078000,40.913461488709885,-73.13262191607909,21.22833435245976,43.832241092808545
1664561079000,40.913461488709885,-73.13262191607909,21.140544828799,43.832241092808545
1664561080000,40.913461488709885,-73.13262191607909,21.429392243832343,43.832241092808545
1664561081000,40.913461488709885,-73.13262191607909,21.70735460363824,43.832241092808545
1664561082000,40.913461488709885,-73.13262191607909,20.903699299917175,43.832241092808545
1664561083000,40.913461488709885,-73.13262191607909,21.480628772818722,43.832241092808545
1664561084000,40.913461488709885,-73.13262191607909,22.05098374974184,43.832241092808545
1664561085000,40.913461488709885,-73.13262191607909,22.78581538211411,43.832241092808545
1664561086000,40.913461488709885,-73.13262191607909,23.475615989573686,43.832241092808545
1664561087000,40.913461488709885,-73.13262191607909,20.646469627504924,43.832241092808545
1664561088000,40.913432123651944,-73.13256907686406,16.70190531777327,43.852737362496555
1664561089000,40.913431283859225,-73.13257076235003,17.535998109534624,43.91426691506058
1664561090000,40.91343541648747,-73.13259093409798,19.773543033624392,43.9535754667595
1664561091000,40.91342101197779,-73.13258120860858,22.54882561483593,43.96809046063572
1664561092000,40.91343131468269,-73.13261367695009,25.80099264583739,43.97208091430366
1664561093000,40.91342414242081,-73.13261108744372,30.242164189053383,43.94233009684831
1664561094000,40.91342411997261,-73.1326077633991,35.39196828503765,43.91403739992529
1664561095000,40.91342728536045,-73.1326116297976,40.32871456231067,43.893834395334125
1664561096000,40.91343345041624,-73.13261425615839,44.6477821377744,43.8682066090405
1664561097000,40.91343477156285,-73.13262063417565,50.94535993797674,43.84818319417536
1664561098000,40.91341870573935,-73.13260812738538,56.08120883642223,43.82788782194257
1664561099000,40.91340276692579,-73.13261547016866,61.03775925127029,43.823669312521815
1664561100000,40.91338913875263,-73.13264067869923,64.76804018361912,43.80711256060749
1664561101000,40.91338612956703,-73.13264814518372,71.2318675765912,43.777241649106145
1664561102000,40.9133897709385,-73.13262742591792,76.13257255519295,43.74974770192057
1664561103000,40.91335335729239,-73.13262712000288,81.37713196456784,43.7458558017388
1664561104000,40.91332540356126,-73.13264476887001,84.65834238566497,43.747120902873576
1664561105000,40.91321742118883,-73.13267450433848,86.55144802458962,43.72927598468959
1664561106000,40.91325012459118,-73.132671562233,89.7963043459856,43.66462940257043
1664561107000,40.91325195113936,-73.13268257449201,92.42769864944262,43.628419660031796
1664561108000,40.913221712070595,-73.13269874462678,97.68569607791157,43.588917271234095
1664561109000,40.913145649600956,-73.13270629747247,99.48773742964028,43.55100414901972
1664561110000,40.913461488709885,-73.13262191607909,26.2103677183941,43.832241092808545
1664561111000,40.913461488709885,-73.13262191607909,28.54814227390539,43.832241092808545
1664561112000,40.913461488709885,-73.13262191607909,28.028711374535668,43.832241092808545
1664561113999,40.913461488709885,-73.13262191607909,27.410347099459102,43.832241092808545
1664561115999,40.913461488709885,-73.13262191607909,24.16149971170163,43.832241092808545
1664561117999,40.913461488709885,-73.13262191607909,24.247557681835715,43.832241092808545
1664561119999,40.913461488709885,-73.13262191607909,25.79681467040039,43.832241092808545
1664561120999,40.91342093178166,-73.1325830550742,17.4901985763037,43.88908785954118
1664561121999,40.91342764951904,-73.13258567174859,20.389010756304945,43.92439652234316
1664561122999,40.913429279629206,-73.13257826197582,23.606350410717685,43.94164187088609
1664561123999,40.91343063169142,-73.13257347913255,28.088251155563754,43.967168719507754
1664561124999,40.913431405277,-73.13255353515312,31.849781666203974,43.984970717690885
1664561125999,40.9134059888414,-73.13254482266669,34.676611131577765,44.017772066406906
1664561126999,40.91339411895763,-73.13254955101819,37.79148214657859,44.05798845831305
1664561127999,40.91344944664973,-73.13255849181256,40.76476807642761,44.07025610841811
1664561128999,40.91342054480605,-73.13258662981106,44.369529781400445,44.088296179659665
1664561129999,40.913426905553834,-73.132585254038,46.11484154445416,44.058340014889836
1664561130999,40.913430149130335,-73.13256827189288,48.494856001245616,44.02481686230749
1664561131999,40.91347839688948,-73.13256173239272,53.31616336776165,44.01248533092439
1664561132999,40.91340954842466,-73.13256941045275,55.355777704641184,44.02453339472413
1664561133999,40.91338693470777,-73.13256698757449,59.550393108576564,44.01787010580301
1664561134999,40.91337841410334,-73.1325740060322,62.2490495465598,44.016545166261494
1664561135999,40.91340507606182,-73.1325731407469,66.7090061324793,44.00330987107009
1664561136999,40.91340774932833,-73.13258239586314,70.93805501514794,43.99380987882614
1664561137999,40.913442754333026,-73.13257621680812,75.5348403395267,43.977321710437536
1664561138999,40.91339508606378,-73.13257951964242,79.8953615807375,43.97285531461239
1664561139999,40.91332801047629,-73.13258095253657,84.2518992788098,43.966198682785034
1664561140999,40.91339798227113,-73.13258340605196,88.42949212567535,43.950632092542946
1664561141999,40.91338862684523,-73.1325885807233,93.7123160549106,43.9403349943459
1664561143000,40.91337298625983,-73.13258843073889,99.30981004872508,43.92728990968317
1664561144000,40.913461488709885,-73.13262191607909,23.93532996183936,43.832241092808545
1664561145000,40.913461488709885,-73.13262191607909,24.649725501772863,43.832241092808545
1664561146000,40.913461488709885,-73.13262191607909,25.690321632152454,43.832241092808545
1664561147000,40.913461488709885,-73.13262191607909,26.253988819859533,43.832241092808545
1664561148000,40.913461488709885,-73.13262191607909,26.337350380169408,43.832241092808545
1664561149000,40.913461488709885,-73.13262191607909,28.494570197728795,43.832241092808545
1664561150000,40.913461488709885,-73.13262191607909,29.53087868740211,43.832241092808545
1664561151000,40.913461488709885,-73.13262191607909,31.575784714971764,43.832241092808545
1664561152000,40.913461488709885,-73.13262191607909,31.809155393652418,43.832241092808545
1664561153000,40.913461488709885,-73.13262191607909,28.727263634291177,43.832241092808545
1664561154000,40.913461488709885,-73.13262191607909,28.47125807654827,43.832241092808545
1664561155000,40.913461488709885,-73.13262191607909,28.897613972203256,43.832241092808545
1664561156000,40.913461488709885,-73.13262191607909,30.615247629001942,43.832241092808545
1664561157000,40.913461488709885,-73.13262191607909,31.818737189639556,43.832241092808545
1664561158000,40.913461488709885,-73.13262191607909,32.92658354358862,43.832241092808545
1664561159000,40.913461488709885,-73.13262191607909,34.96011603376748,43.832241092808545
1664561160000,40.913461488709885,-73.13262191607909,37.89491572098212,43.832241092808545
1664561161000,40.913461488709885,-73.13262191607909,39.46530196009003,43.832241092808545
1664561162000,40.913461488709885,-73.13262191607909,35.19646023434225,43.832241092808545
1664561163000,40.913461488709885,-73.13262191607909,33.882895351954076,43.832241092808545
1664561164000,40.913461488709885,-73.13262191607909,33.090866853324464,43.832241092808545
1664561165000,40.913461488709885,-73.13262191607909,29.867430553296376,43.832241092808545
1664561166000,40.913461488709885,-73.13262191607909,29.86009345300082,43.832241092808545
1664561167000,40.913461488709885,-73.13262191607909,28.74457817602313,43.832241092808545
1664561168000,40.913461488709885,-73.13262191607909,27.255108366980537,43.832241092808545
1664561169000,40.913461488709885,-73.13262191607909,29.504987465672805,43.832241092808545
1664561170000,40.913461488709885,-73.13262191607909,31.58086932914541,43.832241092808545
1664561171000,40.913461488709885,-73.13262191607909,32.049249923050276,43.832241092808545
1664561172000,40.913461488709885,-73.13262191607909,33.82941735922978,43.832241092808545
1664561173000,40.913461488709885,-73.13262191607909,37.10311470574097,43.832241092808545
1664561174000,40.913461488709885,-73.13262191607909,33.96231657607625,43.832241092808545
1664561175000,40.913461488709885,-73.13262191607909,34.43199732850408,43.832241092808545
1664561176000,40.913461488709885,-73.13262191607909,34.38160083100185,43.832241092808545
1664561177000,40.913461488709885,-73.13262191607909,31.637123069386703,43.832241092808545
1664561178000,40.913461488709885,-73.13262191607909,29.568450618017202,43.832241092808545
1664561179000,40.913461488709885,-73.13262191607909,31.940638751831585,43.832241092808545
1664561180000,40.913461488709885,-73.13262191607909,31.33022145853627,43.832241092808545
1664561181000,40.913461488709885,-73.13262191607909,34.64687075719809,43.832241092808545
1664561182000,40.913461488709885,-73.13262191607909,37.4159869305352,43.832241092808545
1664561183000,40.913461488709885,-73.13262191607909,33.99389545066792,43.832241092808545
1664561184000,40.913461488709885,-73.13262191607909,35.18767700624602,43.832241092808545
1664561185000,40.91345136325955,-73.13253403616308,21.267988069906455,43.79252301901579
1664561186000,40.91345502607837,-73.13253198139928,24.497726786897534,43.89469050616026
1664561187000,40.91345350433424,-73.13251459352321,29.768616780332408,43.985482855699956
1664561188000,40.913453131647636,-73.13250196896242,34.80679111724484,44.07090344186872
1664561189000,40.91345752637359,-73.13249931264721,40.779836531169,44.15346325468272
1664561190000,40.913453109427806,-73.13247575991967,46.665907323853304,44.214713473804295
1664561191000,40.913440148526846,-73.13242937803973,53.539071553023604,44.26222871989012
1664561192000,40.91345164267945,-73.13244319551728,61.3990754430084,44.296557761728764
1664561193000,40.91345154074791,-73.13243313791814,66.34840923565415,44.30159185733646
1664561194000,40.9134490114732,-73.13241328178225,73.77616145269256,44.312322930432856
1664561195000,40.9134545616669,-73.13241542781034,80.50173945043498,44.31781170051545
1664561196000,40.913476454004126,-73.13245719800253,89.00629603414536,44.3247627876699
1664561197000,40.913494424506716,-73.13248918713028,97.54143499598999,44.329990171827376
1664561198000,40.913461488709885,-73.13262191607909,36.196091627170325,43.832241092808545
1664561199000,40.913461488709885,-73.13262191607909,37.02139673640208,43.832241092808545
1664561200000,40.913461488709885,-73.13262191607909,41.33760366821917,43.832241092808545
1664561201000,40.913461488709885,-73.13262191607909,43.48164683776493,43.832241092808545
1664561202000,40.913461488709885,-73.13262191607909,45.71756100292863,43.832241092808545
1664561203000,40.913461488709885,-73.13262191607909,47.81789942370329,43.832241092808545
1664561204000,40.913461488709885,-73.13262191607909,51.595539013123386,43.832241092808545
1664561205000,40.913461488709885,-73.13262191607909,55.52381763569509,43.832241092808545
1664561206000,40.913461488709885,-73.13262191607909,60.08144714144414,43.832241092808545
1664561207000,40.913461488709885,-73.13262191607909,64.80816019949238,43.832241092808545
1664561208000,40.913461488709885,-73.13262191607909,61.03045298992374,43.832241092808545
1664561209000,40.913461488709885,-73.13262191607909,67.52267775421248,43.832241092808545
1664561210000,40.913461488709885,-73.13262191607909,68.90161567908774,43.832241092808545
1664561211000,40.913461488709885,-73.13262191607909,70.8586482599966,43.832241092808545
1664561212000,40.913461488709885,-73.13262191607909,65.45325299982659,43.832241092808545
1664561213000,40.913461488709885,-73.13262191607909,63.78413815225088,43.832241092808545
1664561214000,40.913461488709885,-73.13262191607909,63.38616272737564,43.832241092808545
1664561215000,40.913461488709885,-73.13262191607909,68.36708247184067,43.832241092808545
1664561216000,40.913451429249164,-73.13260109803313,18.576041816660698,43.823436168953776
1664561217000,40.91345049878219,-73.13260314803875,20.28502619273185,43.84550542104989
1664561218000,40.9134496986112,-73.13260536614418,23.264267838987994,43.857268954627216
1664561219000,40.91346291061381,-73.13264557584891,27.38783206046304,43.85608117841184
1664561220000,40.913454590531266,-73.13262782489214,31.751455689369475,43.81457849871367
1664561221000,40.913454824074606,-73.13263310583675,36.97864958806247,43.80002598557621
1664561222000,40.913452093013426,-73.13262942636227,40.937944106794475,43.784187307581306
1664561223000,40.91342979682397,-73.13257520372038,47.267235205581116,43.777609321288764
1664561224000,40.91341993950624,-73.1325536258914,52.96688913562181,43.83517860341817
1664561225000,40.9133916441156,-73.13248248213304,58.21689224104924,43.906903740018606
1664561226000,40.913391408909085,-73.13248697722173,64.93501770534122,44.029110374860466
1664561227000,40.9133778716333,-73.13245605297395,71.96316266104284,44.12081613577902
1664561228000,40.91336773148846,-73.13243342350499,77.77460719426757,44.18308346346021
1664561229000,40.91336897160671,-73.13244116905234,84.49837948073831,44.235352005809546
1664561230000,40.913373744504234,-73.13245802240388,91.33946437142788,44.27431333716959
1664561231000,40.913374773636534,-73.13246487471041,97.67586075170887,44.30009285360575
1664561232000,40.913461488709885,-73.13262191607909,45.05092451980561,43.832241092808545
1664561233000,40.913461488709885,-73.13262191607909,44.26273142932723,43.832241092808545
1664561234000,40.913461488709885,-73.13262191607909,41.321518612186146,43.832241092808545
1664561235000,40.913461488709885,-73.13262191607909,42.89733764142127,43.832241092808545
1664561236000,40.913461488709885,-73.13262191607909,49.9356180685334,43.832241092808545
1664561237000,40.913461488709885,-73.13262191607909,49.363004022157405,43.832241092808545
1664561238000,40.913461488709885,-73.13262191607909,49.90588986532488,43.832241092808545
1664561240000,40.913461488709885,-73.13262191607909,60.099965223245555,43.832241092808545
1664561242000,40.913461488709885,-73.13262191607909,98.45645050732713,43.832241092808545
1664561244000,40.913461488709885,-73.13262191607909,86.59449467017654,43.832241092808545
1664561246000,40.913461488709885,-73.13262191607909,64.85987452298319,43.832241092808545
1664561248000,40.913461488709885,-73.13262191607909,52.51315583631113,43.832241092808545
1664561249000,40.913402911066306,-73.13248324091501,20.558740201637235,43.85566122177988
1664561250000,40.91340057703053,-73.13247516032624,22.841307104785095,44.01282606832683
1664561251000,40.91342146509125,-73.13253039213971,26.91295509637135,44.11529087740928
1664561252000,40.913433865697584,-73.13256081432148,30.807269745108567,44.14614945277572
1664561253000,40.913416954715714,-73.13251910445526,35.25193088707686,44.14242523070425
1664561254000,40.9134214645322,-73.13252958501052,40.30928267724052,44.175717474892735
1664561255000,40.91341139880171,-73.13250812870669,44.47369080406225,44.18670551571995
1664561256000,40.91340428119983,-73.1325085141916,50.862855125258214,44.221014527603984
1664561257000,40.9133969342156,-73.1324842858846,53.64087099768099,44.23728631995618
1664561258000,40.91339164929023,-73.13245403675884,59.30416822963262,44.25875637959689
1664561259000,40.91339689901189,-73.13252182948335,60.750148360150696,44.27160600479692
1664561260000,40.913373755711596,-73.13249467160189,65.26898774620011,44.25367777887732
1664561261000,40.913355590392875,-73.13245468740932,70.1543539002763,44.265967573970556
1664561262000,40.91334994774213,-73.13244687850349,73.56473394984877,44.267527701333165
1664561263000,40.91336180217389,-73.13246182271662,71.26313187440797,44.27366138249636
1664561264000,40.91343190713115,-73.13244998994546,74.71461629825292,44.270809632726014
1664561265000,40.91346173666193,-73.132467487243,78.86450589342827,44.269163213670254
1664561266000,40.91347972017989,-73.13254645320443,81.50263648315615,44.26095543336123
1664561267000,40.913483793319095,-73.13253178841482,86.24062077584973,44.22718482092023
1664561268000,40.91343992335544,-73.13251671563121,83.69435378668464,44.21112775243819
1664561269000,40.91347050207473,-73.13251846120406,84.45972339989416,44.19897690229118
1664561270000,40.913518435980656,-73.13250564387633,85.437444534332,44.188589566387236
1664561271000,40.913491628729886,-73.13251873669824,88.60434289857639,44.19019659142941
1664561272000,40.9134613810212,-73.13253392100994,90.97771266456607,44.1816980689764
1664561273000,40.91356789762876,-73.1324823273022,91.78341196320983,44.16015123948455
1664561274000,40.91361274787589,-73.13250283980462,96.41549224186353,44.16512050200254
1664561275000,40.913690055817646,-73.13254830737955,95.43711855623687,44.16731566935778
1664561276000,40.91388103827404,-73.13257200461177,85.85607691239261,44.13465268723667
1664561277000,40.913796208661346,-73.13254942512589,86.02119189618632,44.104052072390914
1664561278000,40.91382869919996,-73.13257126828685,78.81980504598147,44.07169438712299
1664561279000,40.91380824703232,-73.13257631734245,80.36304811491942,44.04191876016557
1664561280000,40.913808499084574,-73.13259730082093,82.12823300374686,44.00633372273296
1664561281000,40.91345020264229,-73.13259929732206,19.619820106615744,44.061510698869824
1664561282000,40.91344014067935,-73.13259040785871,22.722747150448157,43.94466307386756
1664561283000,40.91343562580223,-73.13259290629138,26.86641252060342,43.90860836207867
1664561284000,40.913435027476275,-73.13258683007155,30.95630618052189,43.885541460476816
1664561285000,40.91345795375992,-73.1326344690181,33.64559731258344,43.87870616931468
1664561286000,40.91345682853133,-73.13260757267585,38.15864713561496,43.8206343781203
1664561287000,40.9134507997787,-73.13259699054647,43.13378193944499,43.809128758497536
1664561288000,40.91341106119644,-73.13252142235868,47.08372903525866,43.822214528918266
1664561289000,40.913440472338635,-73.13249391557031,51.138860226310875,43.91755377035588
1664561290000,40.91344157409845,-73.13248189162282,53.542296637233136,44.02722607925534
1664561291000,40.913478537316,-73.13245123361519,54.719577145160194,44.11366450693458
1664561292000,40.913486209092746,-73.13245566643614,58.66151255665102,44.17730859667063
1664561293000,40.91356273679461,-73.13245408450724,62.318420112411836,44.22796256374568
1664561294000,40.91355223778526,-73.13246161820037,65.9619752339349,44.26552733872086
1664561295000,40.9135726405823,-73.13250278555682,68.33274985648754,44.28949441201985
1664561296000,40.91357381320951,-73.13250626630636,70.20214315526178,44.300144522450864
1664561297000,40.91360180370133,-73.13252046919256,72.01566060402213,44.29650498740375
1664561298000,40.91368575617848,-73.13249054844435,74.19050557511878,44.290870802477
1664561299000,40.913672284873314,-73.13247813713562,78.06938340286786,44.29504900891334
1664561300000,40.9137270019279,-73.13247488586741,80.08275235107243,44.29296873509884
1664561301000,40.91356463595167,-73.13253586566104,81.132455295473,44.29548942390829
1664561302000,40.913564435655786,-73.13252833606865,82.39411024285332,44.26904042810202
1664561303000,40.91353677179891,-73.1325394647796,80.74389460457586,44.23944965749979
1664561304000,40.913460723339895,-73.13250045687813,81.94475193168728,44.222408891655505
1664561305000,40.91348601612477,-73.13250321275767,82.45862772642617,44.224079250358045
1664561306000,40.913524460550434,-73.13246872871419,82.76680099801551,44.22936253063381
1664561307000,40.91355763926521,-73.1324710246549,79.0680738980403,44.21668483503163
1664561308000,40.913564437481554,-73.13249662489521,78.69816084587205,44.220789382234216
1664561309000,40.91371020887935,-73.13240779593134,79.91139239393821,44.21882414538413
1664561310000,40.91366148423754,-73.13244015354286,80.06027448228805,44.230796177871525
1664561311000,40.91376181459571,-73.13240002579968,79.45028223457827,44.22833317890763
1664561312000,40.91371565616402,-73.13239965967968,81.97736092439416,44.23123601358384
1664561313000,40.913430901308566,-73.13253184329619,18.087629683526778,44.322617683559656
1664561314000,40.91342340913133,-73.13254140232736,21.23576910412492,44.23143229819834
1664561315000,40.91341737484788,-73.13255642972263,23.94071166348055,44.17057483270764
1664561316000,40.913402384332514,-73.13256361218126,27.260900957382983,44.11171354353428
1664561317000,40.91341163197796,-73.13256121508317,31.936801687627906,44.05915683507919
1664561318000,40.913424485317435,-73.13255113752277,35.57962957151825,44.02892307844013
1664561319000,40.91341550041529,-73.13253553434706,39.24098467635298,44.02050170581788
1664561320000,40.91347705329509,-73.13251098443618,42.65628405195626,44.03610036056489
1664561321000,40.91351057804314,-73.13248529303246,45.79040107649763,44.077137837186456
1664561322000,40.9134895701555,-73.13246647696214,48.98581359365887,44.12426046654582
1664561323000,40.91354890019836,-73.13244608579464,52.93766538044301,44.16418120265007
1664561324000,40.91353433539261,-73.13244525435563,55.494833096836786,44.191109232604504
1664561325000,40.913555813651705,-73.13247345338748,58.805947868851824,44.21618308406323
1664561326000,40.913557888630365,-73.1324699898712,62.29814695694889,44.235103238373995
1664561327000,40.91357630044499,-73.13245504538624,66.91102384774416,44.247352288104594
1664561328000,40.91355548709391,-73.1324256255218,69.88403886704322,44.25755334366113
1664561329000,40.91362588059143,-73.13242023982157,71.66949231021513,44.26042554527521
1664561330000,40.91370193873021,-73.13238689794362,72.32306308439507,44.26422306522727
1664561331000,40.91381596861333,-73.13241736549047,71.38379973155801,44.26497349422425
1664561332000,40.91379457112389,-73.13243841922575,73.38503059487103,44.264427468180656
1664561333000,40.91385885648005,-73.13241845704077,72.84269909726534,44.26376239024103
1664561334000,40.91395837190974,-73.13237840517063,74.8180260940131,44.26348278578371
1664561335000,40.913835485886715,-73.13240462335267,75.43328750519503,44.226100395433605
1664561336000,40.91379149372515,-73.13239442313704,79.63012726936611,44.226917383261025
1664561337000,40.91376931347846,-73.13241281504341,74.93077284652472,44.229118200019
1664561338000,40.913753825976656,-73.13240913914206,76.5220738914995,44.231919195502996
1664561339000,40.913819406988104,-73.13239435282426,76.78078690867568,44.23179994523525
1664561340000,40.91394975193417,-73.13230129103276,76.20399701556853,44.23597002774477
1664561341000,40.91412418581064,-73.13224712827439,76.5263778852275,44.176553189754486
1664561342000,40.91404816987765,-73.13230210600447,77.10916361807897,43.86162670515478
1664561343000,40.914102904404146,-73.13227785672123,78.74329741452283,43.803533530794084
1664561344000,40.914063114160435,-73.13229470200106,81.06821278774704,43.7198231369257
1664561345000,40.913432255146866,-73.13255600891141,18.878636721105902,43.739086096175015
1664561346000,40.913413665965976,-73.13254460979259,21.223998387115564,43.8251647381112
1664561347000,40.91340067692717,-73.13254664060288,23.83597726580821,43.898381111212075
1664561348000,40.91339700886561,-73.13256085745142,27.419888124660055,43.949202194809914
1664561349000,40.913396101411635,-73.13258315617254,32.13734160210941,43.97174161672592
1664561350000,40.91341198891965,-73.13258985901331,35.456250415681986,43.963867706246674
1664561351000,40.91343561007256,-73.13257505828835,40.0293360679006,43.94989584758878
1664561352000,40.91341824514692,-73.1325891502418,43.83530935374067,43.95286509208381
1664561353000,40.913403701082615,-73.13257852654924,48.25655271298169,43.9396737748757
1664561354000,40.91342866495279,-73.13261956392383,51.007088685436514,43.941563468426466
1664561355000,40.913416892393926,-73.13262908971357,54.17257891183147,43.89831021986902
1664561356000,40.91338381855104,-73.13265246907079,58.629290552216965,43.85304698254913
1664561357000,40.9134593513035,-73.13265046453077,61.536584216487434,43.800839049741626
1664561358000,40.913489105186876,-73.13263511874713,65.15376884138341,43.7576364595443
1664561359000,40.91351355333367,-73.13262095038856,68.55049297397163,43.73255385551602
1664561360000,40.913543955358094,-73.13261088870037,72.17351838120756,43.72734840773046
1664561361000,40.913510186906414,-73.1326013475005,72.93124454873669,43.735109305009246
1664561362000,40.91349589281067,-73.1325720334847,77.19738475199294,43.7526817554608
1664561363000,40.91347641000899,-73.13253882341252,80.00220066048736,43.797754486091435
1664561364000,40.913423353475885,-73.13255376910853,81.36418481135964,43.87062726728618
1664561365000,40.91340036538836,-73.13252370945922,82.06466148107673,43.92349896393716
1664561366000,40.91344141789548,-73.13254254921544,76.86997180338649,44.00106216967106
1664561367000,40.913424739310564,-73.13254436615502,77.97254490893076,44.038223922252655
1664561368000,40.91364540371962,-73.13257945871771,76.18709475765566,44.07362150307745
1664561369000,40.91365570308418,-73.13256784229318,77.14797891978898,44.072953566908836
1664561370000,40.91368440272993,-73.13250845381964,75.1962923199747,44.07284839358181
1664561371000,40.913710067309445,-73.13247629856525,76.1511397016606,44.123470451682806
1664561372000,40.91374123938214,-73.13249793096251,76.41718784725381,44.17188051249832
1664561373000,40.9137941895322,-73.13248438129114,77.14598071398471,44.20986335258931
1664561374000,40.91378330887708,-73.13248083341215,81.25698348348213,44.24183947965503
1664561375000,40.9137598156647,-73.13250303288082,82.61145565599097,44.26185213215649
1664561376000,40.91372553222179,-73.13252035398972,83.82142411268252,44.27721209451556
1664561377000,40.913432705852166,-73.1325564857166,19.56672861187026,44.386935777030885
1664561378000,40.9134256852495,-73.13254839248643,22.943295574020834,44.21001905947924
1664561379000,40.91340894871324,-73.13251853415063,25.977921320344045,44.15081153996289
1664561380000,40.91341104615382,-73.13252390235048,29.444884671876256,44.15633272472769
1664561381000,40.91340714902944,-73.13254396119358,32.93585939152145,44.15136391296983
1664561382000,40.913428794523746,-73.13252113680907,37.49989033496765,44.12718639802188
1664561383000,40.913418260397854,-73.1325246016849,42.57463900539846,44.13251480087638
1664561384000,40.913414536358694,-73.13252211304577,46.98379069489188,44.13367089442909
1664561385000,40.91340210753217,-73.13252709582493,50.79097600143448,44.137396324425936
1664561386000,40.913408845122866,-73.13252012498819,56.96098591623724,44.13568623922765
1664561387000,40.91342025829731,-73.13257714391577,59.27416886582832,44.14208190795034
1664561388000,40.91346825642183,-73.13255689587608,62.33474477771345,44.09539112448692
1664561389000,40.91343453071977,-73.13252028977324,68.02142139988801,44.07020524144173
1664561390000,40.913475858212955,-73.13251657413609,71.15156240901732,44.08637476526201
1664561391000,40.91350024751347,-73.13254316667805,77.20048983927607,44.101384280249476
1664561392000,40.91353674003761,-73.13251721042248,80.54617051869342,44.09453234449029
1664561393000,40.91354463095937,-73.13253569482775,86.31262901723156,44.10738276783377
1664561394000,40.913592559956484,-73.1325580749414,89.02120519130376,44.1059227026999
1664561395000,40.91358334447388,-73.1325599350398,90.01551210242913,44.08917965460569
1664561396000,40.91364830883814,-73.13255678056414,90.35011957091848,44.072531048208475
1664561397000,40.91369891726118,-73.13259152868577,95.4364528275106,44.059471619315445
1664561398000,40.91370078694739,-73.13258670426139,97.28089375167576,44.024904686026275
1664561399000,40.913461488709885,-73.13262191607909,23.429709474989888,43.832241092808545
1664561400000,40.913461488709885,-73.13262191607909,23.11311915584781,43.832241092808545
1664561401000,40.913461488709885,-73.13262191607909,23.149179721759467,43.832241092808545
1664561402000,40.913461488709885,-73.13262191607909,23.44699832931891,43.832241092808545
1664561403000,40.913461488709885,-73.13262191607909,25.733678185026843,43.832241092808545
1664561404000,40.913461488709885,-73.13262191607909,27.036244147104256,43.832241092808545
1664561405000,40.913461488709885,-73.13262191607909,28.24202160101296,43.832241092808545
1664561406000,40.913461488709885,-73.13262191607909,25.275764957030866,43.832241092808545
1664561407000,40.913461488709885,-73.13262191607909,26.979329757987635,43.832241092808545
1664561408000,40.913461488709885,-73.13262191607909,27.003654253920388,43.832241092808545
1664561409000,40.91342282994335,-73.1325413705451,21.610639108078203,43.7995271589607
1664561410000,40.91341501658872,-73.13253089785965,25.415791341013133,43.89384182728827
1664561411000,40.9134074370261,-73.13252077565689,30.321156764664117,43.98270032554865
1664561412000,40.91339990738743,-73.1325107834458,36.05787494695095,44.06417561043054
1664561413000,40.913392369909,-73.13250080000388,42.41377561362698,44.137717737816274
1664561414000,40.91338593586598,-73.13249224977072,48.55382777806886,44.199670780450106
1664561415000,40.91337869220016,-73.13248262040712,55.76549417637838,44.24797772336751
1664561416000,40.913371369073644,-73.13247288474065,63.41783604840667,44.28096903394908
1664561417000,40.91336474432329,-73.13246407503544,70.41311855061383,44.29670050740242
1664561418000,40.91335700068424,-73.13245376972361,79.02970908832096,44.315636546351016
1664561419000,40.9133496637401,-73.13244401193798,87.5498808833494,44.32724387012422
1664561420000,40.91334217012736,-73.13243404612052,96.52590336181649,44.333024095743895
1664561421000,40.913461488709885,-73.13262191607909,76.69103544005583,43.832241092808545
1664561422000,40.913461488709885,-73.13262191607909,83.57614019336329,43.832241092808545
1664561423000,40.913461488709885,-73.13262191607909,87.52944017681268,43.832241092808545
1664561424000,40.913461488709885,-73.13262191607909,96.19192229393404,43.832241092808545
1664561425000,40.913461488709885,-73.13262191607909,123.33947240061293,43.832241092808545
1664561426000,40.913461488709885,-73.13262191607909,153.13737644233316,43.832241092808545
1664561427000,40.9134614887097,-73.13262191607909,125.26521211478239,43.83224105834961
1664561428000,40.913461488709885,-73.13262191607909,125.26521211478239,43.832241092808545
1664561429000,40.913461488709885,-73.13262191607909,106.23870535919993,43.832241092808545
1664561430000,40.913461488709885,-73.13262191607909,80.04081784570566,43.832241092808545
1664561431000,40.913461488709885,-73.13262191607909,75.02617106091017,43.832241092808545
1664561432000,40.913461488709885,-73.13262191607909,70.63560873117582,43.832241092808545
1664561433000,40.913461488709885,-73.13262191607909,67.63226535843495,43.832241092808545
1664561434000,40.913461488709885,-73.13262191607909,71.33879753741363,43.832241092808545
1664561435000,40.913461488709885,-73.13262191607909,64.73254738298454,43.832241092808545
1664561436000,40.913461488709885,-73.13262191607909,76.84736352254015,43.832241092808545
1664561437000,40.913461488709885,-73.13262191607909,99.69611983888599,43.832241092808545
1664561438000,40.913461488709885,-73.13262191607909,125.00106779637825,43.832241092808545
1664561439000,40.913461488709885,-73.13262191607909,99.57293504404332,43.832241092808545
1664561440000,40.913461488709885,-73.13262191607909,91.95571030468253,43.832241092808545
1664561441000,40.913424032698146,-73.13251761450694,21.739202900579897,43.836851593106985
1664561442000,40.91342587124013,-73.13251939596918,25.77274812235824,43.9851482482627
1664561443000,40.913427476704356,-73.13252095147121,30.56822943107283,44.071254380978644
1664561444000,40.91342966207328,-73.13252306873889,38.346982835321285,44.13955677021295
1664561445000,40.91343132179219,-73.13252467674899,44.92054073882488,44.17463960684836
1664561446000,40.91343321349477,-73.13252650952073,52.92555245672016,44.199575735256076
1664561447000,40.91343477279562,-73.1325280202545,59.85651475248205,44.205476785078645
1664561448000,40.91343661464319,-73.13252980473719,68.37133352112545,44.21166305523366
1664561449000,40.91343760176877,-73.13253076111225,73.06600484889988,44.22750414069742
1664561450000,40.913461488709885,-73.13262191607909,107.0412108288659,43.832241092808545
1664561451000,40.913461488709885,-73.13262191607909,107.54600202470976,43.832241092808545
1664561452000,40.913461488709885,-73.13262191607909,111.9092630691359,43.832241092808545
1664561453000,40.913461488709885,-73.13262191607909,104.2720121037074,43.832241092808545
1664561454000,40.913461488709885,-73.13262191607909,89.68572965338333,43.832241092808545
1664561455000,40.913461488709885,-73.13262191607909,92.62059906071077,43.832241092808545
1664561456000,40.913461488709885,-73.13262191607909,97.5068033743388,43.832241092808545
1664561457000,40.913461488709885,-73.13262191607909,109.15508134100345,43.832241092808545
1664561458000,40.913461488709885,-73.13262191607909,133.75220138117436,43.832241092808545
1664561459000,40.913461488709885,-73.13262191607909,125.75713164178659,43.832241092808545
1664561460000,40.913461488709885,-73.13262191607909,127.68122459161985,43.832241092808545
1664561461000,40.913461488709885,-73.13262191607909,155.72420653268344,43.832241092808545
1664561462000,40.913461488709885,-73.13262191607909,185.8778815921631,43.832241092808545
1664561463000,40.913461488709885,-73.13262191607909,143.19388754752617,43.832241092808545
1664561464000,40.913461488709885,-73.13262191607909,122.58347975863204,43.832241092808545
1664561465000,40.913461488709885,-73.13262191607909,95.37947391793375,43.832241092808545
1664561466000,40.913461488709885,-73.13262191607909,83.13434981489972,43.832241092808545
1664561467000,40.913461488709885,-73.13262191607909,78.98876058467091,43.832241092808545
1664561468000,40.913461488709885,-73.13262191607909,75.89648867640827,43.832241092808545
1664561469000,40.913461488709885,-73.13262191607909,73.65339274368641,43.832241092808545
1664561470000,40.913461488709885,-73.13262191607909,91.21762034242634,43.832241092808545
1664561471000,40.913461488709885,-73.13262191607909,94.73916321700752,43.832241092808545
1664561472000,40.913461488709885,-73.13262191607909,115.75208224208218,43.832241092808545
1664561473000,40.913461488709885,-73.13262191607909,136.87733920759408,43.832241092808545
1664561474000,40.91346148870981,-73.13262191607906,200.0,43.83224105834961
1664561475000,40.913461488709885,-73.13262191607909,183.81023362323822,43.832241092808545
1664561476000,40.913461488709764,-73.13262191607906,200.0,43.83224105834961
1664561477000,40.913461488709885,-73.13262191607909,157.05425041953472,43.832241092808545
1664561478000,40.9134614887098,-73.13262191607906,200.0,43.83224105834961
1664561479000,40.91346148870974,-73.13262191607906,200.0,43.83224105834961
1664561480000,40.913461488709885,-73.13262191607909,156.99443210877988,43.832241092808545
1664561481000,40.913461488709885,-73.13262191607909,147.0903330197222,43.832241092808545
1664561482000,40.913461488709885,-73.13262191607909,136.11433282886242,43.832241092808545
1664561483000,40.913461488709885,-73.13262191607909,131.18831426085066,43.832241092808545
1664561484000,40.913461488709885,-73.13262191607909,129.32655386496717,43.832241092808545
1664561485000,40.913461488709885,-73.13262191607909,129.7707646967043,43.832241092808545
1664561486000,40.913461488709885,-73.13262191607909,129.34346180284527,43.832241092808545
1664561487000,40.913461488709885,-73.13262191607909,130.26581718220677,43.832241092808545
1664561488000,40.913461488709885,-73.13262191607909,117.63461924760362,43.832241092808545
1664561489000,40.913461488709885,-73.13262191607909,87.63263489995626,43.832241092808545
1664561490000,40.913461488709885,-73.13262191607909,91.88707533615447,43.832241092808545
1664561492000,40.913461488709885,-73.13262191607909,92.75441853898276,43.832241092808545
1664561494000,40.913461488709885,-73.13262191607909,62.7335396416183,43.832241092808545
1664561496000,40.913461488709885,-73.13262191607909,44.87459868407688,43.832241092808545
1664561498000,40.913461488709885,-73.13262191607909,36.68634270812086,43.832241092808545
1664561500000,40.913461488709885,-73.13262191607909,32.91565011055072,43.832241092808545
1664561502000,40.913461488709885,-73.13262191607909,34.13972806283265,43.832241092808545
1664561504000,40.913461488709885,-73.13262191607909,43.97961898084575,43.832241092808545
1664561505000,40.91342237564852,-73.13252147846568,21.60883893954308,43.836143407039344
1664561506000,40.913422478193255,-73.13252140859557,25.529222161876785,43.94595506507903
1664561507000,40.9134225808835,-73.13252132372459,31.428544712134595,44.03678550384939
1664561508000,40.91342266765444,-73.13252124292107,37.61588956845204,44.10325328912586
1664561509000,40.91343083008879,-73.13256669622089,43.012174027400405,44.1517445910722
1664561510000,40.91343550528541,-73.1325929746318,48.80348717327467,44.128912119194865
1664561511000,40.91343819041593,-73.13260772998821,55.21107412798186,44.079381603747606
1664561512000,40.9134423828772,-73.13263036137738,62.052149448955845,44.030776337720454
1664561513000,40.91343387302399,-73.13258176648137,65.48517446063671,43.97903478424996
1664561514000,40.91343650662239,-73.13259562941502,70.50575600593166,43.9664260558784
1664561515000,40.91344025789214,-73.13261614420553,76.90230851996954,43.944027468562126
1664561516000,40.91344819277264,-73.13266000219272,81.31382659982692,43.91054954659194
1664561517000,40.91344968618818,-73.13266797437407,87.63211823806058,43.84392329119146
1664561518000,40.91344605029606,-73.13264686377457,94.0355699562116,43.7718557221815
1664561519000,40.91345041981661,-73.13267087809878,99.46300934106196,43.732753206044436
1664561520000,40.913461488709885,-73.13262191607909,26.30823218458999,43.832241092808545
1664561521000,40.913461488709885,-73.13262191607909,27.5884383821603,43.832241092808545
1664561522000,40.913461488709885,-73.13262191607909,28.042784062000297,43.832241092808545
1664561523000,40.913461488709885,-73.13262191607909,26.464457461697577,43.832241092808545
1664561524000,40.913461488709885,-73.13262191607909,26.507086468802612,43.832241092808545
1664561525000,40.913461488709885,-73.13262191607909,24.776682959412657,43.832241092808545
1664561526000,40.913461488709885,-73.13262191607909,25.527338270681923,43.832241092808545
1664561527000,40.913461488709885,-73.13262191607909,26.578229764419838,43.832241092808545
1664561528000,40.913461488709885,-73.13262191607909,28.497406458484683,43.832241092808545
1664561529000,40.913461488709885,-73.13262191607909,30.315898460532924,43.832241092808545
1664561530000,40.913461488709885,-73.13262191607909,28.223217556627848,43.832241092808545
1664561531000,40.913461488709885,-73.13262191607909,27.93959018241912,43.832241092808545
1664561532000,40.913461488709885,-73.13262191607909,26.10045532960506,43.832241092808545
1664561533000,40.913461488709885,-73.13262191607909,24.961183418967046,43.832241092808545
1664561534000,40.913461488709885,-73.13262191607909,24.715762647823478,43.832241092808545
1664561535000,40.913461488709885,-73.13262191607909,23.900381204519945,43.832241092808545
1664561536000,40.913461488709885,-73.13262191607909,24.810171555861015,43.832241092808545
1664561537000,40.913428961741594,-73.13252084197782,21.17794357919618,43.8430656241253
1664561538000,40.9134278016404,-73.1325133190838,25.146081031342117,43.954909328371286
1664561539000,40.9134268480511,-73.13250645018397,29.270846398019298,44.04971987660974
1664561540000,40.913426166386934,-73.13250113043293,34.909494384030296,44.13209513016045
1664561541000,40.91342554732556,-73.13249630081918,40.597839254948184,44.19502571877092
1664561542000,40.91342459540471,-73.1324895652213,48.99942504926615,44.25577159970999
1664561543000,40.91342391879782,-73.13248477634782,55.41331088877993,44.283140467479825
1664561544000,40.913423204100404,-73.13247936535883,63.06014429521196,44.303485030308366
1664561545000,40.91341013366278,-73.13249814353834,70.5071924452604,44.31476910226047
1664561546000,40.91342330147178,-73.13259327549149,73.53765688803635,44.3283343790099
1664561547000,40.913419450968725,-73.13259199810508,80.56849254074085,44.26757464464754
1664561548000,40.913434686725,-73.13270384352278,84.7259798460449,44.20562472380698
1664561549000,40.91342386270144,-73.13265675602887,87.67262712713242,44.03456984460354
1664561550000,40.91344279149635,-73.13273611184,92.36552970628979,43.92180805839598
1664561551000,40.91344307804017,-73.13274620055097,99.52940451662676,43.70726310927421
1664561552000,40.913461488709885,-73.13262191607909,21.260015443622066,43.832241092808545
1664561553000,40.913461488709885,-73.13262191607909,21.28420693474838,43.832241092808545
1664561554000,40.913461488709885,-73.13262191607909,21.860600649960972,43.832241092808545
1664561555000,40.913461488709885,-73.13262191607909,23.7154719334309,43.832241092808545
1664561556000,40.913461488709885,-73.13262191607909,24.238923413215005,43.832241092808545
1664561557000,40.913461488709885,-73.13262191607909,25.0408381429168,43.832241092808545
1664561558000,40.913461488709885,-73.13262191607909,23.740823202805114,43.832241092808545
1664561559000,40.913461488709885,-73.13262191607909,24.49079401330728,43.832241092808545
1664561560000,40.913461488709885,-73.13262191607909,25.172394952007853,43.832241092808545
1664561561000,40.913461488709885,-73.13262191607909,24.72089022234223,43.832241092808545
1664561562000,40.913461488709885,-73.13262191607909,22.858805428216318,43.832241092808545
1664561563000,40.913461488709885,-73.13262191607909,25.569989846151707,43.832241092808545
1664561564000,40.913461488709885,-73.13262191607909,26.088353553900657,43.832241092808545
1664561565000,40.913461488709885,-73.13262191607909,27.319909346395132,43.832241092808545
1664561566000,40.913461488709885,-73.13262191607909,28.19784974737788,43.832241092808545
1664561567000,40.913461488709885,-73.13262191607909,30.626239495174325,43.832241092808545
1664561568000,40.913454462198025,-73.13262798098205,18.698164227539774,43.85212998185307
1664561569000,40.913449427282906,-73.13260837370498,19.995622239910457,43.83585827704519
1664561570000,40.9134449299417,-73.1326008042389,23.00382748615481,43.84393000975251
1664561571000,40.91344251065768,-73.13261122626706,26.211921443998975,43.855686145834625
1664561572000,40.91343997557316,-73.13259028817357,30.279014466373305,43.85596147365868
1664561573000,40.91344487098046,-73.13261226132073,35.06354884638196,43.87671942636371
1664561574000,40.91344273986838,-73.13261021011746,40.2031660400733,43.86802225001156
1664561575000,40.91343908460049,-73.13261130627357,45.660214916274214,43.86191559582949
1664561576000,40.91343317469813,-73.13260087076416,52.683272627978944,43.8555594868958
1664561577000,40.91343468645406,-73.1326156412883,57.78261471363621,43.86108625680208
1664561578000,40.91345247329443,-73.132692492178,63.64306755803899,43.85086650401354
1664561579000,40.91344953599093,-73.13269300632005,70.62840646403833,43.78963560704142
1664561580000,40.913456851916315,-73.13272995489241,76.66247402530641,43.731626216322184
1664561581000,40.913458236286935,-73.13274469012339,83.91184374945593,43.64688070863485
1664561582000,40.91345818205839,-73.13274548340186,89.50479177833189,43.549634396098554
1664561583000,40.91346963113347,-73.13277265536334,95.32499839204081,43.449825963936746
1664561584000,40.9135261048645,-73.13275328560664,99.26781289041844,43.34675775002688
1664561585000,40.913461488709885,-73.13262191607909,64.71726049217017,43.832241092808545
1664561586000,40.913461488709885,-73.13262191607909,48.2408281020776,43.832241092808545
1664561587000,40.913461488709885,-73.13262191607909,43.86599124510795,43.832241092808545
1664561588000,40.913461488709885,-73.13262191607909,41.52696270886429,43.832241092808545
1664561589000,40.913461488709885,-73.13262191607909,38.04562051273605,43.832241092808545
1664561590000,40.913461488709885,-73.13262191607909,34.49296774215699,43.832241092808545
1664561591000,40.913461488709885,-73.13262191607909,32.09216384950328,43.832241092808545
1664561592000,40.913461488709885,-73.13262191607909,29.93119406154205,43.832241092808545
1664561593000,40.913461488709885,-73.13262191607909,28.66210925254925,43.832241092808545
1664561594000,40.913461488709885,-73.13262191607909,29.42067032341576,43.832241092808545
1664561595000,40.913461488709885,-73.13262191607909,28.04512089670457,43.832241092808545
1664561596000,40.913461488709885,-73.13262191607909,30.360205199907135,43.832241092808545
1664561597000,40.913461488709885,-73.13262191607909,31.00374844299061,43.832241092808545
1664561598000,40.913461488709885,-73.13262191607909,25.683153988401543,43.832241092808545
1664561599000,40.913461488709885,-73.13262191607909,25.53682168909844,43.832241092808545
1664561600000,40.913461488709885,-73.13262191607909,24.972171922609164,43.832241092808545
1664561601000,40.913421939912574,-73.1325370461644,21.216741693175273,43.85659130755812
1664561602000,40.91341494776388,-73.13250974616956,24.792257796665393,43.94585891906172
1664561603000,40.913409700874126,-73.13249063622237,29.778550018394274,44.04946927446872
1664561604000,40.913405371902606,-73.13247442447565,34.29900415277467,44.13185344170779
1664561605000,40.91339617195838,-73.13245727305834,41.649762837166094,44.20811618398875
1664561606000,40.91339110105551,-73.13244104908416,47.45007858438326,44.25012002233416
1664561607000,40.91338453147567,-73.13242765517926,53.75897737641424,44.277219684794545
1664561608000,40.91337794134995,-73.13240588588131,62.35821966402958,44.303919090889394
1664561609000,40.91338012851987,-73.13237547466174,68.20063381337668,44.30893623549491
1664561610000,40.91336008490467,-73.13238071676818,76.4650502568699,44.31519603077322
1664561611000,40.91335095335207,-73.13236580458425,85.21835724752086,44.3204954136163
1664561612000,40.91334995374728,-73.13234044162824,92.30554210909389,44.31887051742524
1664561613000,40.91333997917438,-73.13233441774078,99.0534238650359,44.31008452735841
1664561614000,40.913461488709885,-73.13262191607909,32.2437681421491,43.832241092808545
1664561615000,40.913461488709885,-73.13262191607909,32.93728742880678,43.832241092808545
1664561616000,40.913461488709885,-73.13262191607909,30.968211759939173,43.832241092808545
1664561618000,40.913461488709885,-73.13262191607909,34.515332409602806,43.832241092808545
1664561620000,40.913461488709885,-73.13262191607909,39.7360477488455,43.832241092808545
1664561622000,40.913461488709885,-73.13262191607909,37.25994620253505,43.832241092808545
1664561624000,40.913461488709885,-73.13262191607909,40.42230721417275,43.832241092808545
1664561626000,40.913461488709885,-73.13262191607909,37.699721158353334,43.832241092808545
1664561628000,40.913461488709885,-73.13262191607909,36.127543401197734,43.832241092808545
1664561630000,40.913461488709885,-73.13262191607909,42.22736979021924,43.832241092808545
1664561632000,40.913461488709885,-73.13262191607909,42.33874587927518,43.832241092808545
1664561633000,40.913422121055014,-73.13252554071732,21.64211493789096,43.83506963774562
1664561634000,40.91342412107146,-73.13253044495919,24.62680028805406,43.93859169725329
1664561635000,40.913429992531285,-73.13254464624123,29.867271480200454,44.01929499488324
1664561636000,40.913431335445004,-73.13254827992344,36.515069364578174,44.06830192543566
1664561637000,40.91343361404096,-73.13255401221723,43.58261641190138,44.0966132087633
1664561638000,40.913435553776914,-73.1325588910382,50.05066241703094,44.10261337086558
1664561639000,40.91343785831924,-73.13256468737247,58.16504609618894,44.10143939591944
1664561640000,40.913439899303306,-73.13256982091627,65.68311733813063,44.09284467063844
1664561641000,40.91344096065591,-73.13257249093277,69.6962820344714,44.10234772413969
1664561642000,40.913461488709885,-73.13262191607909,30.609060984441633,43.832241092808545
1664561643000,40.913475115888005,-73.13252018192942,85.98001255889125,43.97017685137689
1664561644000,40.913492385290795,-73.13248945303616,91.63358120186095,43.9962253998965
1664561645000,40.913508720128796,-73.13246447080456,99.628291203733,44.03595731407404
1664561646000,40.913525283918396,-73.13249852243575,99.92332121655777,44.078741441480815
1664561647000,40.913461488709885,-73.13262191607909,48.542603668925,43.832241092808545
1664561648000,40.913461488709885,-73.13262191607909,47.8347867053005,43.832241092808545
1664561649000,40.913461488709885,-73.13262191607909,41.50092971150505,43.832241092808545
1664561650000,40.913461488709885,-73.13262191607909,40.567271771088436,43.832241092808545
1664561651000,40.913461488709885,-73.13262191607909,37.53465421630487,43.832241092808545
1664561652000,40.913461488709885,-73.13262191607909,36.04628076003233,43.832241092808545
1664561653000,40.913461488709885,-73.13262191607909,33.092580424210574,43.832241092808545
1664561654000,40.913461488709885,-73.13262191607909,31.47398437557353,43.832241092808545
1664561655000,40.913461488709885,-73.13262191607909,32.03539735759505,43.832241092808545
1664561656000,40.913461488709885,-73.13262191607909,34.11516902747973,43.832241092808545
1664561657000,40.913461488709885,-73.13262191607909,37.083731302972666,43.832241092808545
1664561658000,40.913461488709885,-73.13262191607909,40.859010964268,43.832241092808545
1664561659000,40.913461488709885,-73.13262191607909,35.77563644562126,43.832241092808545
1664561660000,40.913461488709885,-73.13262191607909,38.290944799895236,43.832241092808545
1664561661000,40.913461488709885,-73.13262191607909,41.86371646691503,43.832241092808545
1664561662000,40.913461488709885,-73.13262191607909,45.67769395772683,43.832241092808545
1664561663000,40.913461488709885,-73.13262191607909,42.22958810632919,43.832241092808545
1664561664000,40.913461488709885,-73.13262191607909,42.44078840331112,43.832241092808545
1664561665000,40.91342508493619,-73.13251126598138,20.609008281899058,43.83430574648082
1664561666000,40.913419536244426,-73.13251487964173,24.18165486184175,43.96006729081273
1664561667000,40.91341566951897,-73.13252606228214,27.575460356912266,44.05229502916336
1664561668000,40.91340914681252,-73.13252714784149,33.40113344259063,44.116470160894096
1664561669000,40.91340479769875,-73.13252964587967,38.1837506309055,44.149840421043336
1664561670000,40.91339665143882,-73.13253661161978,44.832373653475834,44.17982296831906
1664561671000,40.91339139727182,-73.13253962552483,51.29381733162394,44.184146492742
1664561672000,40.9133955064781,-73.1324988030911,53.3244540007675,44.18203215766698
1664561673000,40.91339949236898,-73.13250080275067,59.16439351702256,44.219112776219845
1664561674000,40.913405339634195,-73.13247701412666,65.43436439534372,44.247704482637346
1664561675000,40.913404446777854,-73.13246499414022,72.0612380585273,44.26735190860927
1664561676000,40.91340125807009,-73.13246262249737,80.09018783387837,44.28558340109885
1664561677000,40.913438067990064,-73.13242350854864,83.69255781255953,44.299097491428256
1664561678000,40.91343968027727,-73.1324149287324,91.12129259981458,44.304513229988515
1664561679000,40.91344116729592,-73.13240699267004,98.22302189071115,44.30459367018193
1664561680000,40.913461488709885,-73.13262191607909,27.201707027071084,43.832241092808545
1664561681000,40.913461488709885,-73.13262191607909,29.676099007434875,43.832241092808545
1664561682000,40.913461488709885,-73.13262191607909,35.099623758268024,43.832241092808545
1664561683000,40.913461488709885,-73.13262191607909,47.36590026470343,43.832241092808545
1664561684000,40.913461488709885,-73.13262191607909,61.65245848863952,43.832241092808545
1664561685000,40.913461488709885,-73.13262191607909,77.89927548886718,43.832241092808545
1664561686000,40.913461488709885,-73.13262191607909,66.24338631860282,43.832241092808545
1664561687000,40.913461488709885,-73.13262191607909,61.24704624618782,43.832241092808545
1664561688000,40.913461488709885,-73.13262191607909,47.35559905197715,43.832241092808545
1664561689000,40.913461488709885,-73.13262191607909,43.89890807798981,43.832241092808545
1664561690000,40.913461488709885,-73.13262191607909,41.17186146671162,43.832241092808545
1664561691000,40.913461488709885,-73.13262191607909,37.27177218876362,43.832241092808545
1664561692000,40.913461488709885,-73.13262191607909,35.79009245180499,43.832241092808545
1664561693000,40.913461488709885,-73.13262191607909,44.42285506682093,43.832241092808545
1664561694000,40.913461488709885,-73.13262191607909,42.492035481558354,43.832241092808545
1664561695000,40.913461488709885,-73.13262191607909,46.21811457870564,43.832241092808545
1664561696000,40.913461488709885,-73.13262191607909,52.09115489121853,43.832241092808545
1664561697000,40.913421027953,-73.13252999841012,21.425820687292518,43.81945344340056
1664561698000,40.91342003173084,-73.13253079624899,25.615137416665334,43.930936478078365
1664561699000,40.913419056303596,-73.13253197326223,29.62225356201161,44.00878942478448
1664561700000,40.91341771638177,-73.13253358699598,36.08043401739769,44.07391125615686
1664561701000,40.913416676608506,-73.13253483538713,41.6811491906499,44.11126567423344
1664561702000,40.91341529996274,-73.13253649174561,49.700290409689615,44.14454290829599
1664561703000,40.91341426021302,-73.13253774134276,56.12563465897369,44.15505832247436
1664561704000,40.91342402892702,-73.13251164652806,63.42154282658065,44.16885442100465
1664561705000,40.91344463765471,-73.1324596417482,69.82219779434843,44.2003717161715
1664561706000,40.91343340787662,-73.13248688235451,73.89962901042189,44.228171170689166
1664561707000,40.91343703674141,-73.13247580851616,82.48049808288222,44.25715752225369
1664561708000,40.91343351118766,-73.13248253875415,87.98359719924703,44.277977540157735
1664561709000,40.913434485097675,-73.13247829853658,96.05065089656772,44.2920629940927
1664561710000,40.913413607013055,-73.13252868533404,99.24548328764547,44.29009309131652
1664561711000,40.913440234808824,-73.13257510444944,93.26678550667434,44.2670909082517
1664561712000,40.913398833649644,-73.132560685458,97.66234418584202,44.198156227357686
1664561713000,40.91341217999441,-73.13259588983212,98.99592578662882,44.14478257764131
1664561714000,40.913461488709885,-73.13262191607909,56.341667705591945,43.832241092808545
1664561715000,40.913461488709885,-73.13262191607909,49.92946501905857,43.832241092808545
1664561716000,40.913461488709885,-73.13262191607909,45.946960141685665,43.832241092808545
1664561717000,40.913461488709885,-73.13262191607909,50.92051761251604,43.832241092808545
1664561718000,40.913461488709885,-73.13262191607909,55.07961301515051,43.832241092808545
1664561719000,40.913461488709885,-73.13262191607909,57.00702768521551,43.832241092808545
1664561720000,40.913461488709885,-73.13262191607909,61.676577575150084,43.832241092808545
1664561721000,40.913461488709885,-73.13262191607909,60.14254022950127,43.832241092808545
1664561722000,40.913461488709885,-73.13262191607909,65.86054543763343,43.832241092808545
1664561723000,40.913461488709885,-73.13262191607909,66.44152630993457,43.832241092808545
1664561724000,40.913461488709885,-73.13262191607909,71.4874751358802,43.832241092808545
1664561725000,40.913461488709885,-73.13262191607909,75.53531838151733,43.832241092808545
1664561726000,40.913461488709885,-73.13262191607909,76.85543432028591,43.832241092808545
1664561727000,40.913461488709885,-73.13262191607909,77.64320808768917,43.832241092808545
1664561728000,40.913461488709885,-73.13262191607909,79.28790645739619,43.832241092808545
1664561729000,40.913421036302736,-73.13253503421153,21.37497212879193,43.84780996013433
1664561730000,40.91342029377914,-73.13253216435939,24.709036975448075,43.97815077379346
1664561731000,40.91341940520335,-73.13252873011017,30.072249532879596,44.055392457172275
1664561732000,40.913418489049,-73.1325251897375,36.698627642342814,44.11250481568277
1664561733000,40.91341779063749,-73.1325224902294,42.29574842286621,44.147511650808156
1664561734000,40.913417165372,-73.13252082290532,46.33294136395571,44.176668520085514
1664561735000,40.91340850675873,-73.13254757967843,46.88758895288417,44.195747615769506
1664561736000,40.91340662657218,-73.13254825359921,53.93237713730632,44.180766651406884
1664561737000,40.9134053289464,-73.1325486817571,59.096478206401144,44.15603328961879
1664561738000,40.9134035329722,-73.1325493360159,66.53638555392942,44.141810746863484
1664561739000,40.91340207344552,-73.13254987381575,72.8537610328648,44.12998698372394
1664561740000,40.91340002054707,-73.13255064880794,82.11846287941785,44.11923109181225
1664561741000,40.91339866825695,-73.1325511556635,88.465628674807,44.10676378943026
1664561742000,40.913397630496995,-73.13255155982428,93.44679920206222,44.107522365637124
1664561743000,40.913461488709885,-73.13262191607909,114.15081163030735,43.832241092808545
1664561744000,40.913461488709885,-73.13262191607909,99.77242442519226,43.832241092808545
1664561745000,40.913461488709885,-73.13262191607909,101.93436001720707,43.832241092808545
1664561746000,40.913461488709885,-73.13262191607909,59.339918912641856,43.832241092808545
1664561748000,40.913461488709885,-73.13262191607909,48.24861879821197,43.832241092808545
1664561750000,40.913461488709885,-73.13262191607909,43.282277641730616,43.832241092808545
1664561752000,40.913461488709885,-73.13262191607909,40.81648493123973,43.832241092808545
1664561754000,40.913461488709885,-73.13262191607909,38.81583430694337,43.832241092808545
1664561756000,40.913461488709885,-73.13262191607909,32.222857220900536,43.832241092808545
1664561758000,40.913461488709885,-73.13262191607909,24.989489935645725,43.832241092808545
1664561760000,40.913461488709885,-73.13262191607909,23.343650454882702,43.832241092808545
1664561761000,40.913419606949226,-73.13254141602197,20.64491279158151,43.83409952931106
1664561762000,40.913418282021674,-73.13253565656834,23.48159594068534,43.92245788872242
1664561763000,40.91341621584551,-73.13253848774448,28.38637058370784,44.00245071481913
1664561764000,40.91341462139498,-73.1325363309014,33.76982601190257,44.05870219040662
1664561765000,40.913411354601074,-73.13252454384889,38.017417012063234,44.09851544070989
1664561766000,40.91340754812214,-73.13253013843338,42.852331692924416,44.14609441999346
1664561767000,40.91340557793571,-73.13252900638653,48.543038884358516,44.16598949022591
1664561768000,40.91340332996275,-73.13252770967435,55.416496639192125,44.182092459872365
1664561769000,40.913401116243854,-73.13252643213343,62.554729173291,44.19139058608562
1664561770000,40.91340099127891,-73.13253609334056,67.60291087567377,44.20237386971712
1664561771000,40.91338218712673,-73.1325460759981,70.67335036393568,44.19523801840842
1664561772000,40.91338678515841,-73.1325552653337,72.36343555145002,44.17873941361904
1664561773000,40.91336109165691,-73.13254116833879,77.25841809618692,44.15079817827791
1664561774000,40.913357529045776,-73.13253248785693,80.4145530508405,44.13948860485107
1664561775000,40.91332095354565,-73.1324650422411,80.67984089946866,44.13193166907877
1664561776000,40.913266556289344,-73.13244525559463,78.45973074983938,44.168448029085994
1664561777000,40.91324012963651,-73.13244177783587,81.73303421399038,44.20188962388784
1664561778000,40.91320688384832,-73.13242234020397,83.92097319539525,44.21739449352026
1664561779000,40.91313583525715,-73.13239372894348,83.44111048503571,44.226510100997984
1664561780000,40.913092200874665,-73.13240641145298,83.00152206794185,44.23183729220182
1664561781000,40.913021037098815,-73.13241435297337,81.27094493304361,44.24361011106521
1664561782000,40.91301206488184,-73.13243633431358,83.43431390109026,44.216897626407444
1664561783000,40.91305781534104,-73.13245832031748,84.64620052737189,44.181070897728205
1664561784000,40.91305318809019,-73.13245976503603,86.35568553848532,44.19885317143053
1664561785000,40.913202476983265,-73.132507511982,81.1652377985618,44.212384309619665
1664561786000,40.91316393942967,-73.13252671173832,82.78616719066295,44.21022584941238
1664561787000,40.91314129128547,-73.132527786186,83.30936223278762,44.18887537252158
1664561788000,40.91305195582233,-73.13249679318564,87.0377782612098,44.17439145222306
1664561789000,40.91304518021297,-73.13248815845573,85.05103693188897,44.18692219257355
1664561790000,40.913068131680554,-73.13246367444543,87.64791958537006,44.18820571620017
1664561791000,40.913095135210646,-73.132486283746,87.946252942027,44.20312181953341
1664561792000,40.91307853095447,-73.13249049472259,90.44787468692253,44.21341205108911
1664561793000,40.9134178998698,-73.13252973971706,18.152334117732355,44.26913932338357
1664561794000,40.913419120142166,-73.13252637011946,20.097102775403947,44.233663618564606
1664561795000,40.9134215256507,-73.13252274355303,22.79887763046963,44.206020819954574
1664561796000,40.91342597781679,-73.13252600276437,26.849195839406164,44.184983189217746
1664561797000,40.91343218685078,-73.13251963524007,30.798453534870504,44.164968399330974
1664561798000,40.913415915950935,-73.13251824392547,34.7244544363174,44.15920525882393
1664561799000,40.913399884428344,-73.13251793891621,38.52986407906213,44.15965503267944
1664561800000,40.91341963617901,-73.13252500618646,42.184870780479876,44.160906224511564
1664561801000,40.91340538361476,-73.1325186670853,45.02143433910854,44.155802574940026
1664561802000,40.91339253854389,-73.1325228302572,50.184026490812926,44.15510861668736
1664561803000,40.91339606007519,-73.13251909971969,54.64390837830541,44.15162755548954
1664561804000,40.91340614203107,-73.13252142796786,58.50458804261161,44.150149767287076
1664561805000,40.91334011588996,-73.13249678438619,59.449805029607866,44.15480225067586
1664561806000,40.913304214541384,-73.13247906471219,64.75297400543502,44.1819202946499
1664561807000,40.91350666644283,-73.1325525576374,63.89601319184201,44.197866211645305
1664561808000,40.91350207738573,-73.13256069953881,65.16368184680952,44.17017698660493
1664561809000,40.91350297476755,-73.13255594722322,66.6713868398387,44.13917848281562
1664561810000,40.91335810910493,-73.13253184591488,66.42930973811654,44.109315601177514
1664561811000,40.91326542738086,-73.13252992756442,64.31280590726028,44.10444274637848
1664561812000,40.91330833578741,-73.13254867010728,62.35322782108827,44.1163326324895
1664561813000,40.913283812934644,-73.13254062155775,61.92127789220852,44.0930960662663
1664561814000,40.913274618356574,-73.1325356208906,59.49134868277101,44.09052278008312
1664561815000,40.91337565288376,-73.13255295215865,58.81863133991153,44.08470263518393
1664561816000,40.913331791301246,-73.13255433987875,58.05098038435505,44.06574631668627
1664561817000,40.913366017908906,-73.13255589517149,57.906388708525974,44.0467771589756
1664561818000,40.91338965570886,-73.13254644205378,58.57616986307152,44.03279479127377
1664561819000,40.913477779394285,-73.13255762514953,57.038883312336246,44.035235513933
1664561820000,40.91349811606547,-73.13255177159016,59.15780847860496,44.022296292707324
1664561821000,40.913449319922705,-73.13253167753034,59.694155037407974,44.02584261260927
1664561822000,40.91346099351522,-73.13253197800289,60.377441570448674,44.045258486643434
1664561823000,40.91342700534124,-73.13251470929781,61.97684930405613,44.06774546764791
1664561824000,40.91342512190684,-73.13253263441466,16.603257126431537,44.167523545213044
1664561825000,40.9134215022613,-73.1325275466213,17.452203757616303,44.16802183818072
1664561826000,40.913425036472056,-73.1325271253142,19.94736658474632,44.17023078259081
1664561827000,40.91342829487851,-73.13253582123731,22.710615980624485,44.16220534872264
1664561828000,40.91343222339303,-73.13253736692904,25.80987458263936,44.1457003923133
1664561829000,40.91343320501724,-73.1325366005793,29.815990547764184,44.13575855921954
1664561830000,40.913431316478466,-73.13253610158422,34.130810673228964,44.12860774341971
1664561831000,40.913431021896784,-73.13251880104437,39.58484220702612,44.124806113541126
1664561832000,40.91342138970084,-73.1325148672445,42.82859682743152,44.13701321464032
1664561833000,40.913425871635525,-73.13253282042162,48.42828785438358,44.15044913627207
1664561834000,40.91339733546563,-73.13254220538109,51.11971098055068,44.14975475333631
1664561835000,40.913368122654155,-73.13253608295248,53.17757570464992,44.13588607404381
1664561836000,40.913369641066744,-73.1325488556568,57.30407295331725,44.1275947233662
1664561837000,40.91338609961919,-73.13255059669288,58.87608877079314,44.10604670457542
1664561838000,40.91342644257012,-73.13257247222948,58.57342431341281,44.076166396960616
1664561839000,40.91333518753226,-73.13257679193401,48.15866484562954,44.04238881915808
1664561840000,40.91331910251061,-73.13257640238463,51.139885556646654,44.012291703373194
1664561841000,40.91331218312941,-73.13258246143248,53.058670078449005,43.98027947731316
1664561842000,40.91330860237983,-73.13258499473092,52.92251166833494,43.9500295817852
1664561843000,40.91328779445481,-73.13259238808658,54.426689968738266,43.9268415318802
1664561844000,40.913299433627216,-73.13259281392843,55.51723371936788,43.91074566170573
1664561845000,40.913301030726664,-73.1325784843151,53.841379630234044,43.915226969867945
1664561846000,40.91332980056088,-73.13258903299477,53.40088970949726,43.91543289553374
1664561847000,40.913379445105896,-73.13256868219,52.906797928195225,43.9108549375087
1664561848000,40.91329934625166,-73.13255921204279,53.62013546747247,43.94260598253459
1664561849000,40.91325106493146,-73.13256288627667,53.020451754360884,43.97464004531503
1664561850000,40.913260115229534,-73.13255874757854,53.74808513735838,43.9845748655498
1664561851000,40.91339958059771,-73.13261574690776,53.75452928774131,44.02287673391402
1664561852000,40.91340298488491,-73.13263005147378,53.578696707407396,43.974234520457685
1664561853000,40.9133950301554,-73.1326343159172,56.92548238027013,43.91626176703721
1664561854000,40.913399292446876,-73.13263389586898,59.30189181102189,43.865281662903726
1664561855000,40.91337301946814,-73.13263490569771,60.54576448512421,43.82191476970911
1664561856000,40.91332320627116,-73.13264310965423,62.761959874633284,43.78340056352317
1664561857000,40.91341638607995,-73.13255629048491,18.519321793901465,43.80561591871083
1664561858000,40.91341502769626,-73.13254967959864,20.988387756410283,43.885934406891465
1664561859000,40.913421125556155,-73.13254895192307,23.524804060687593,43.94248025864363
1664561860000,40.913427476648884,-73.13251355908722,27.430181545851823,43.998316639102995
1664561861000,40.91343640728079,-73.13250610610437,29.775921152341194,44.061975525692105
1664561862000,40.91344171285799,-73.13249129928322,35.13150246112695,44.148178812116385
1664561863000,40.91341155544255,-73.13250212393474,37.78436814736796,44.20444195345044
1664561864000,40.91340493227222,-73.13249641733027,34.47494121361024,44.23634578101337
1664561865000,40.913407392665306,-73.13250530876823,37.51433119183897,44.262790649197996
1664561866000,40.91342378064542,-73.13251157342543,39.44725473806362,44.27630023472011
1664561867000,40.91340072274291,-73.13252118887429,41.235881885825954,44.27365415729582
1664561868000,40.9133996104973,-73.13253748288264,42.71512338488447,44.25594286900014
1664561869000,40.91340569870766,-73.13252284259002,37.13730530339005,44.232776494696736
1664561870000,40.91333191187648,-73.13253593881775,32.608817155239024,44.210107646882534
1664561871000,40.913322088244605,-73.1325401207948,33.55560763360248,44.1786904335022
1664561872000,40.91333662985216,-73.13254721807506,34.45718957653661,44.149153525941074
1664561873000,40.91332697577267,-73.13255296223595,36.1025800966361,44.11639663670212
1664561874000,40.913324886005945,-73.13255210905297,38.33206023203887,44.08260511793196
1664561875000,40.91333341291011,-73.13256207698622,39.69949888488339,44.063384702429175
1664561876000,40.91332987368238,-73.13256514037667,40.94325143985904,44.028506117872894
1664561877000,40.91331274339712,-73.1325790099371,42.322901671200434,44.006010768935084
1664561878000,40.91340925493754,-73.13257655572883,37.44423365501427,43.97575488034636
1664561879000,40.91334086225163,-73.1325582212914,38.17345991434308,43.96367334853858
1664561880000,40.91333344605503,-73.13257189510794,39.519969989645176,43.96507838834077
1664561881000,40.9133518887449,-73.13258508863073,40.85541524352732,43.94652601983398
1664561882000,40.91331950353622,-73.13259604075526,42.22688780387515,43.928932967595756
1664561883000,40.913303609479236,-73.13261354721102,43.321855709754864,43.89966192282736
1664561884000,40.913253754548954,-73.13263199695801,44.4066530542692,43.86644073482603
1664561885000,40.9132972018618,-73.13264797632736,46.497760256710094,43.80544653721154
1664561886000,40.91325873897064,-73.13265173853532,47.15093464830133,43.76153884641826
1664561887000,40.913299890793525,-73.13262723596786,48.380156150593564,43.71558352559805
1664561888000,40.91330911955109,-73.13263805807397,50.89384984219727,43.71096172463149
1664561889000,40.91342026121979,-73.13255989671413,18.059363588107203,43.74217333178967
1664561890000,40.91342330465851,-73.13255463069801,20.776184928925357,43.8292905241251
1664561891000,40.91343092706075,-73.13254276347737,24.37964366863444,43.89610374998301
1664561892000,40.91343719298581,-73.13254177390964,28.072315966341247,43.965327501297
1664561893000,40.91343925791838,-73.13252781059539,32.40773273145962,44.022960796020925
1664561894000,40.913448611066265,-73.13253405996444,37.435721524907954,44.081013665534556
1664561895000,40.91345985205127,-73.13253142310613,42.79246227379317,44.11845748964697
1664561896000,40.913475051967424,-73.13254527601723,47.06442498917937,44.14422607142478
1664561897000,40.91348061411853,-73.13254135938703,52.80218896531729,44.14593732636422
1664561898000,40.9134838846983,-73.13253346115677,55.02826619594626,44.14574761688709
1664561899000,40.91349295361167,-73.13253554476893,59.725117187843026,44.15096097346395
1664561900000,40.91347017271716,-73.13254760166608,62.53881686057759,44.15363347530365
1664561901000,40.91346480115662,-73.13251942416167,66.92462011601854,44.14287322200835
1664561902000,40.913478104008824,-73.13251911402892,73.83372882860054,44.159087280742824
1664561903000,40.91348693011287,-73.13251177544899,79.53085758384753,44.16972978506237
1664561904000,40.91349766161384,-73.13251144953107,86.72619627738864,44.186079828068614
1664561905000,40.91351175908517,-73.13254911639844,91.65477227201451,44.19764326233417
1664561906000,40.91352777617135,-73.13254911805248,99.36732610451067,44.180575610138476
1664561907000,40.91350595205405,-73.13256664785237,96.49711195319713,44.157704814337194
1664561908000,40.913461488709885,-73.13262191607909,19.861854291887013,43.832241092808545
1664561909000,40.913461488709885,-73.13262191607909,20.638076154257863,43.832241092808545
1664561910000,40.913461488709885,-73.13262191607909,21.70916406832178,43.832241092808545
1664561911000,40.913461488709885,-73.13262191607909,21.26914331008569,43.832241092808545
1664561912000,40.913461488709885,-73.13262191607909,21.299848864003533,43.832241092808545
1664561913000,40.913461488709885,-73.13262191607909,21.47560467635629,43.832241092808545
1664561914000,40.913461488709885,-73.13262191607909,23.08146655251361,43.832241092808545
1664561915000,40.913461488709885,-73.13262191607909,24.333701476794705,43.832241092808545
1664561916000,40.913461488709885,-73.13262191607909,26.28157331616586,43.832241092808545
1664561917000,40.913461488709885,-73.13262191607909,28.95691231821204,43.832241092808545
1664561918000,40.913461488709885,-73.13262191607909,24.75954143532763,43.832241092808545
1664561919000,40.913461488709885,-73.13262191607909,24.917951420265414,43.832241092808545
1664561920000,40.913461488709885,-73.13262191607909,25.38613578241961,43.832241092808545
1664561921000,40.913461488709885,-73.13262191607909,26.30532441342566,43.832241092808545
1664561922000,40.913461488709885,-73.13262191607909,27.43833951343386,43.832241092808545
1664561923000,40.913461488709885,-73.13262191607909,24.980698314045444,43.832241092808545
1664561924000,40.913461488709885,-73.13262191607909,26.708716732601662,43.832241092808545
1664561925000,40.913461488709885,-73.13262191607909,27.66512944461832,43.832241092808545
1664561926000,40.913461488709885,-73.13262191607909,28.019953835650007,43.832241092808545
1664561927000,40.913461488709885,-73.13262191607909,25.080877621776942,43.832241092808545
1664561928000,40.91318558370828,-73.13266229965686,94.54063898804647,43.80024115368724
1664561929000,40.913098177341894,-73.13262895398928,95.00383888421202,43.75256969500333
1664561930000,40.91313690992908,-73.13257978600784,92.53485404213836,43.751294682733715
1664561931000,40.91312965975042,-73.13257519034465,95.97964676831778,43.81124697625637
1664561932000,40.91329596781863,-73.13264616460721,92.07261691175502,43.86992310825735
1664561933000,40.9132876968134,-73.13265146663784,95.56539446441869,43.83560040406883
1664561934000,40.91327402007546,-73.13267552818388,97.32036214923674,43.78913392033428
1664561935000,40.91325169130323,-73.13265104366917,99.37140322826347,43.72381664253771
1664561936000,40.913461488709885,-73.13262191607909,25.548874961533336,43.832241092808545
1664561937000,40.913461488709885,-73.13262191607909,25.132907825823665,43.832241092808545
1664561938000,40.913461488709885,-73.13262191607909,26.387275311732672,43.832241092808545
1664561939000,40.913461488709885,-73.13262191607909,27.51009444057062,43.832241092808545
1664561940000,40.913314077540285,-73.13259111121675,83.8199688502266,43.761219766922295
1664561941000,40.91333374096253,-73.13259708839789,87.33525782892217,43.79025991540402
1664561942000,40.91333653831461,-73.1325937544212,90.49578527024066,43.814636735245585
1664561943000,40.913354377284726,-73.13260913254491,94.86072177618703,43.84396326355636
1664561944000,40.91335780773176,-73.13261061050937,99.01887258497464,43.851875866763294
1664561945000,40.913461488709885,-73.13262191607909,22.4211330841472,43.832241092808545
1664561946000,40.913461488709885,-73.13262191607909,22.46880955586395,43.832241092808545
1664561947000,40.913461488709885,-73.13262191607909,22.884027666171505,43.832241092808545
1664561948000,40.913461488709885,-73.13262191607909,23.849557468426468,43.832241092808545
1664561949000,40.913461488709885,-73.13262191607909,24.22089736901858,43.832241092808545
1664561950000,40.913461488709885,-73.13262191607909,24.32289080471886,43.832241092808545
1664561951000,40.913461488709885,-73.13262191607909,23.055992225493736,43.832241092808545
1664561952000,40.913461488709885,-73.13262191607909,23.82717823273137,43.832241092808545
1664561953000,40.913429910966094,-73.13251261012294,21.58324804704139,43.83375489618629
1664561954000,40.9134356217266,-73.13250646238937,25.239969602198567,43.95268349535763
1664561955000,40.91344160868022,-73.13250066119349,30.355535891194116,44.056494667194784
1664561956000,40.913447433825525,-73.13249500029895,36.21524157594957,44.14325150754303
1664561957000,40.91345137380653,-73.13248072699243,41.82500612915463,44.20954705774784
1664561958000,40.91345431691726,-73.13246202332539,48.35885133875897,44.256613365374506
1664561959000,40.91345970835181,-73.1324528580242,55.92227247474283,44.28977791778743
1664561960000,40.91346414478971,-73.1324453098741,62.444251677369316,44.30219075828791
1664561961000,40.913469723491936,-73.1324359610021,70.94642196776074,44.31405512057245
1664561962000,40.913474824555664,-73.1324272834606,78.99179376816285,44.32325645163655
1664561963000,40.91349862274441,-73.13250206237124,83.52415442961409,44.33001066651195
1664561964000,40.913507841852564,-73.13250849051173,91.55840926814068,44.3365557808429
1664561965000,40.91352432269145,-73.13255212400308,97.18970215393526,44.332273746840656
1664561966000,40.913530886124946,-73.13255514014479,99.76739333566755,44.28515477664769
1664561967000,40.913461488709885,-73.13262191607909,32.70981230196634,43.832241092808545
1664561968000,40.913461488709885,-73.13262191607909,32.51163360594461,43.832241092808545
1664561969000,40.913461488709885,-73.13262191607909,32.98536510812129,43.832241092808545
1664561970000,40.913461488709885,-73.13262191607909,36.40260126815449,43.832241092808545
1664561971000,40.913461488709885,-73.13262191607909,39.295357720627756,43.832241092808545
1664561972000,40.913461488709885,-73.13262191607909,39.06865456890677,43.832241092808545
1664561973000,40.913461488709885,-73.13262191607909,38.827425593221136,43.832241092808545
1664561974000,40.913461488709885,-73.13262191607909,39.67715993185701,43.832241092808545
1664561975000,40.913461488709885,-73.13262191607909,32.43387306128,43.832241092808545
1664561976000,40.913461488709885,-73.13262191607909,35.96231211080983,43.832241092808545
1664561977000,40.913461488709885,-73.13262191607909,40.39152948967264,43.832241092808545
1664561978000,40.913461488709885,-73.13262191607909,45.943270625398114,43.832241092808545
1664561979000,40.913461488709885,-73.13262191607909,47.93020408891845,43.832241092808545
1664561980000,40.913461488709885,-73.13262191607909,50.667622515196484,43.832241092808545
1664561981000,40.913461488709885,-73.13262191607909,53.37748342293411,43.832241092808545
1664561982000,40.913461488709885,-73.13262191607909,52.88182061319765,43.832241092808545
1664561983000,40.913461488709885,-73.13262191607909,58.371196380464674,43.832241092808545
1664561984000,40.913461488709885,-73.13262191607909,63.96961266662198,43.832241092808545
1664561985000,40.913461488709885,-73.13262191607909,64.65907087732633,43.832241092808545
1664561986000,40.913461488709885,-73.13262191607909,69.91273676247242,43.832241092808545
1664561987000,40.913461488709885,-73.13262191607909,74.26302573603722,43.832241092808545
1664561988000,40.913461488709885,-73.13262191607909,78.14048627515227,43.832241092808545
1664561989000,40.913461488709885,-73.13262191607909,83.3161363361601,43.832241092808545
1664561990000,40.913461488709885,-73.13262191607909,81.6045979548447,43.832241092808545
1664561991000,40.913461488709885,-73.13262191607909,72.98658108468916,43.832241092808545
1664561992000,40.913461488709885,-73.13262191607909,70.93364592357719,43.832241092808545
1664561993000,40.913461488709885,-73.13262191607909,74.42230989823301,43.832241092808545
1664561994000,40.913461488709885,-73.13262191607909,81.32657255536668,43.832241092808545
1664561996000,40.913461488709885,-73.13262191607909,79.46043491149773,43.832241092808545
1664561997000,40.913461488709885,-73.13262191607909,44.68950707742753,43.832241092808545
1664561998000,40.913461488709885,-73.13262191607909,47.72777389077219,43.832241092808545
1664562000000,40.913461488709885,-73.13262191607909,51.718951159073946,43.832241092808545
1664562002000,40.913461488709885,-73.13262191607909,50.4996441304207,43.832241092808545
1664562004000,40.913461488709885,-73.13262191607909,56.25610549859374,43.832241092808545
1664562006000,40.913461488709885,-73.13262191607909,61.92718321672375,43.832241092808545
1664562008000,40.913461488709885,-73.13262191607909,69.02597525061245,43.832241092808545
1664562010000,40.913461488709885,-73.13262191607909,51.47372854569327,43.832241092808545
1664562012000,40.913461488709885,-73.13262191607909,65.97044551597462,43.832241092808545
1664562014000,40.913461488709885,-73.13262191607909,65.65824057631389,43.832241092808545
1664562016000,40.913461488709885,-73.13262191607909,62.74250078344914,43.832241092808545
1664562018000,40.913461488709885,-73.13262191607909,70.37230961521213,43.832241092808545
1664562020000,40.913461488709885,-73.13262191607909,79.93330753087041,43.832241092808545
1664562022000,40.913461488709885,-73.13262191607909,89.03500778314753,43.832241092808545
1664562024000,40.913461488709885,-73.13262191607909,99.0210446214702,43.832241092808545
1664562026000,40.913461488709885,-73.13262191607909,123.77304091081099,43.832241092808545
1664562028000,40.913461488709885,-73.13262191607909,118.86815114222749,43.832241092808545
1664562030000,40.913461488709885,-73.13262191607909,105.67429037073155,43.832241092808545
1664562032000,40.913461488709885,-73.13262191607909,113.67577501385283,43.832241092808545
1664562034000,40.913461488709885,-73.13262191607909,134.0215767564681,43.832241092808545
1664562035000,40.913461488709885,-73.13262191607909,133.67436771594348,43.832241092808545
1664562037000,40.913461488709885,-73.13262191607909,143.3303186424635,43.832241092808545
1664562039000,40.913461488709885,-73.13262191607909,129.073334614164,43.832241092808545
1664562040000,40.913461488709885,-73.13262191607909,123.32586109986407,43.832241092808545
1664562041000,40.913461488709885,-73.13262191607909,75.00508407939175,43.832241092808545
1664562042000,40.913461488709885,-73.13262191607909,89.24688351683425,43.832241092808545
1664562043000,40.913461488709885,-73.13262191607909,84.14797200833749,43.832241092808545
1664562044000,40.913461488709885,-73.13262191607909,85.93762303730863,43.832241092808545
1664562045000,40.913461488709885,-73.13262191607909,95.28154064966698,43.832241092808545
1664562046000,40.913461488709885,-73.13262191607909,110.24721741774908,43.832241092808545
1664562047000,40.913461488709885,-73.13262191607909,99.80852396199488,43.832241092808545
1664562048000,40.913461488709885,-73.13262191607909,98.33892810354918,43.832241092808545
1664562049000,40.913416894445085,-73.1325232300922,20.673111985973318,43.878817609511316
1664562050000,40.91341318018809,-73.13253677329392,26.55723878410959,44.00426137261093
1664562051000,40.91341078861148,-73.13254853521477,32.64260677268475,44.058825694955885
1664562052000,40.91340621729324,-73.13255222880143,40.4736928229634,44.083880385383964
1664562053000,40.91340177217511,-73.13255637765762,48.94239852731711,44.09522582497448
1664562054000,40.91339688322633,-73.13255978835058,58.332214341214815,44.09673268161714
1664562055000,40.91339561080419,-73.1325766948658,65.13228940134357,44.091763843782246
1664562056000,40.913390530526804,-73.13258063393333,75.34223445650258,44.07846104353666
1664562057000,40.91338723206605,-73.13258348556643,80.59308548381395,44.05758048873395
1664562058000,40.9133813702682,-73.13258082746098,89.53059886810881,44.036588720977306
1664562059000,40.91337551259935,-73.13258049795658,98.2500381118288,44.01612682361156
1664562060000,40.913461488709885,-73.13262191607909,57.8094239681333,43.832241092808545
1664562061000,40.913461488709885,-73.13262191607909,55.46038985965899,43.832241092808545
1664562062000,40.913461488709885,-73.13262191607909,54.63938064504673,43.832241092808545
1664562063000,40.913461488709885,-73.13262191607909,52.31569635645894,43.832241092808545
1664562064000,40.913461488709885,-73.13262191607909,62.01371447579848,43.832241092808545
1664562065000,40.913461488709885,-73.13262191607909,65.7961477377637,43.832241092808545
1664562066000,40.913461488709885,-73.13262191607909,64.15495632340973,43.832241092808545
1664562067000,40.913461488709885,-73.13262191607909,56.17522365285744,43.832241092808545
1664562068000,40.913461488709885,-73.13262191607909,59.89710469105219,43.832241092808545
1664562069000,40.913461488709885,-73.13262191607909,61.550785405114986,43.832241092808545
1664562070000,40.913461488709885,-73.13262191607909,63.520997691522574,43.832241092808545
1664562071000,40.913461488709885,-73.13262191607909,68.51245448889682,43.832241092808545
1664562072000,40.913461488709885,-73.13262191607909,76.62793132652735,43.832241092808545
1664562073000,40.913461488709885,-73.13262191607909,82.00695543347481,43.832241092808545
1664562074000,40.913461488709885,-73.13262191607909,87.85640607768225,43.832241092808545
1664562075000,40.913461488709885,-73.13262191607909,87.6176163533739,43.832241092808545
1664562076000,40.913461488709885,-73.13262191607909,97.57937900969051,43.832241092808545
1664562077000,40.913461488709885,-73.13262191607909,104.30021773302386,43.832241092808545
1664562078000,40.913461488709885,-73.13262191607909,109.91675780841963,43.832241092808545
1664562079000,40.913461488709885,-73.13262191607909,95.83186204757604,43.832241092808545
1664562080000,40.913461488709885,-73.13262191607909,103.2119234293264,43.832241092808545
1664562081000,40.91342635686465,-73.1325501826169,20.33252228359345,43.859738206490874
1664562082000,40.91342712409016,-73.13255062399715,23.291256884098157,43.94668787159026
1664562083000,40.91342668431989,-73.13254538431366,26.933142572400943,43.998977333307266
1664562084000,40.91342772894156,-73.13254654102124,32.406826001423426,44.048515546135604
1664562085000,40.913427441300776,-73.13254209571342,36.8309051940354,44.07334414497018
1664562086000,40.91342794453993,-73.13254099479987,42.58356571105204,44.098559794947505
1664562087000,40.913427356097245,-73.13253397015002,48.72780500923699,44.11882185190916
1664562088000,40.91341995079792,-73.13249155507981,53.880784456999464,44.138633666560054
1664562089000,40.91341786928208,-73.13247697825193,60.38426780055807,44.190831707790494
1664562090000,40.913421588527434,-73.13249225012433,66.82293797356974,44.22935473639518
1664562091000,40.91341749221389,-73.1324683090286,71.8038582105451,44.251329470425844
1664562092000,40.913416580996994,-73.13245973108137,79.23709582706897,44.273768255487084
1664562093000,40.913421807835014,-73.1324843224242,84.53726364172715,44.28306991234422
1664562094000,40.91342227301837,-73.13248261327793,93.04160916479249,44.297366195358336
1664562095000,40.91342248489808,-73.1324807645992,99.0825574338637,44.30015945620835
1664562096000,40.913461488709885,-73.13262191607909,49.5702193881801,43.832241092808545
1664562097000,40.913461488709885,-73.13262191607909,47.43773780110445,43.832241092808545
1664562098000,40.913461488709885,-73.13262191607909,46.075272074924484,43.832241092808545
1664562099000,40.913461488709885,-73.13262191607909,48.443480788250575,43.832241092808545
1664562100000,40.913461488709885,-73.13262191607909,49.39222028160565,43.832241092808545
1664562101000,40.913461488709885,-73.13262191607909,49.52377895502822,43.832241092808545
1664562102000,40.913461488709885,-73.13262191607909,43.7460222184948,43.832241092808545
1664562103000,40.913461488709885,-73.13262191607909,45.09249707355137,43.832241092808545
1664562104000,40.913461488709885,-73.13262191607909,40.0606714310189,43.832241092808545
1664562105000,40.913461488709885,-73.13262191607909,40.65616719532239,43.832241092808545
1664562106000,40.913461488709885,-73.13262191607909,41.14930589324873,43.832241092808545
1664562107000,40.913461488709885,-73.13262191607909,42.55306671473142,43.832241092808545
1664562108000,40.913461488709885,-73.13262191607909,42.81701340632614,43.832241092808545
1664562109000,40.913461488709885,-73.13262191607909,45.50127524313064,43.832241092808545
1664562110000,40.913461488709885,-73.13262191607909,43.38970907450409,43.832241092808545
1664562111000,40.913461488709885,-73.13262191607909,45.38909117544353,43.832241092808545
1664562112000,40.913461488709885,-73.13262191607909,47.64798891081943,43.832241092808545
1664562113000,40.913461488709885,-73.13262191607909,50.438539236107935,43.832241092808545
1664562114000,40.91342252080093,-73.13253621224494,25.374812908990087,43.823159732855856
1664562115000,40.91342359183593,-73.13254216245441,30.445359900724217,43.921175827272236
1664562116000,40.91342450967084,-73.13254726534485,35.54463194671319,43.98705334495753
1664562117000,40.913425518408665,-73.13255287035378,41.72824311238794,44.03185332659632
1664562118000,40.913426803514945,-73.13256000927322,50.27499674538635,44.06554719991982
1664562119000,40.913427767344814,-73.13256536278737,57.07986809794488,44.071723306551576
1664562120000,40.913428947287265,-73.13257191684028,65.79482258755388,44.07486780360341
1664562121000,40.91343001686599,-73.13257785810289,74.02332728676603,44.07253085076809
1664562122000,40.913431087497344,-73.1325838053141,82.54109185156928,44.06363272294402
1664562123000,40.91343212497598,-73.13258957554001,91.17475497045942,44.04912695940584
1664562124000,40.913433147399154,-73.13259525584809,99.79647967973854,44.024361772462726
1664562125000,40.913461488709885,-73.13262191607909,54.90232926381358,43.832241092808545
1664562127000,40.913461488709885,-73.13262191607909,55.472838046387054,43.832241092808545
1664562129000,40.913461488709885,-73.13262191607909,47.01489599245171,43.832241092808545
1664562131000,40.913461488709885,-73.13262191607909,47.33267542434458,43.832241092808545
1664562133000,40.913461488709885,-73.13262191607909,43.36967438589316,43.832241092808545
1664562135000,40.913461488709885,-73.13262191607909,48.59663574171216,43.832241092808545
1664562137000,40.913461488709885,-73.13262191607909,61.95857213507422,43.832241092808545
1664562139000,40.913461488709885,-73.13262191607909,66.63510261217101,43.832241092808545
1664562141000,40.913461488709885,-73.13262191607909,60.271465719852614,43.832241092808545
1664562143000,40.913461488709885,-73.13262191607909,66.23240654470946,43.832241092808545
1664562145000,40.913461488709885,-73.13262191607909,47.234239226592486,43.832241092808545
1664562147000,40.913461488709885,-73.13262191607909,43.57600340489683,43.832241092808545
1664562149000,40.913461488709885,-73.13262191607909,42.64791373423219,43.832241092808545
1664562150000,40.913419627670876,-73.13247772480405,51.948049471461864,43.80397756956518
1664562151000,40.91341884153197,-73.13247250966698,58.264722620949634,43.94064718298614
1664562152000,40.91341766261083,-73.13246468808953,68.1522329927621,44.05869298893958
1664562153000,40.91341674610687,-73.13245860783246,76.14028297768527,44.13400707766414
1664562154000,40.91341566176619,-73.1324514144315,85.8971272359145,44.19945434760302
1664562155000,40.91341471478369,-73.13244513218677,94.66991760609567,44.24679854884744
1664562156000,40.913461488709885,-73.13262191607909,48.64242238431457,43.832241092808545
1664562158000,40.913461488709885,-73.13262191607909,52.96480786247324,43.832241092808545
1664562160000,40.913461488709885,-73.13262191607909,71.82949208065669,43.832241092808545
1664562162000,40.913461488709885,-73.13262191607909,103.8349825050948,43.832241092808545
1664562164000,40.913461488709885,-73.13262191607909,129.2301477179298,43.832241092808545
1664562166000,40.913461488709885,-73.13262191607909,97.22605390623595,43.832241092808545
1664562167000,40.913461488709885,-73.13262191607909,87.41473757400459,43.832241092808545
1664562169000,40.913461488709885,-73.13262191607909,82.16128775661592,43.832241092808545
1664562170000,40.913461488709885,-73.13262191607909,79.17659132321286,43.832241092808545
1664562172000,40.913461488709885,-73.13262191607909,95.5545617834724,43.832241092808545
1664562173000,40.913461488709885,-73.13262191607909,114.10381700129956,43.832241092808545
1664562174000,40.913461488709885,-73.13262191607909,136.41895817181458,43.832241092808545
1664562175000,40.913461488709885,-73.13262191607909,109.42902203095281,43.832241092808545
1664562176000,40.913461488709885,-73.13262191607909,112.81471181339718,43.832241092808545
1664562177000,40.91342227335373,-73.13253125479507,21.707968041965902,43.84005224145949
1664562178000,40.91342244681727,-73.13253377265679,26.211804948498443,43.94434060063213
1664562179000,40.91342238724301,-73.13253521455026,30.58369616025617,44.01368791796267
1664562180000,40.913422337978865,-73.13253725656757,37.62460365096328,44.07168092858046
1664562181000,40.91342230221813,-73.13253874099307,43.27995676471346,44.10169438738376
1664562182000,40.91342224499051,-73.13254115453837,53.16556873042702,44.13555436395109
1664562183000,40.91342219329892,-73.1325429956371,61.23308907940213,44.14603323396295
1664562184000,40.91336853239086,-73.13254465537796,63.19842347953231,44.15233761072159
1664562185000,40.91337490251627,-73.13254656534602,72.12863859074723,44.15299124736339
1664562186000,40.9133825185521,-73.13254837085253,80.80336347537384,44.150257704779506
1664562187000,40.91338659960542,-73.1325501126385,89.37189695602034,44.14399593137205
1664562188000,40.913285023950195,-73.1325526914103,89.7493006959059,44.136887018568814
1664562189000,40.91325823435552,-73.13255474260978,97.48648652721621,44.11651405226439
1664562190000,40.91332393097756,-73.13255587213392,99.33265999317535,44.11079760175198
1664562191000,40.913461488709885,-73.13262191607909,77.46874996766527,43.832241092808545
1664562192000,40.913461488709885,-73.13262191607909,98.13598582734708,43.832241092808545
1664562193000,40.913461488709885,-73.13262191607909,116.25238189582281,43.832241092808545
1664562194000,40.913461488709885,-73.13262191607909,133.66658221127796,43.832241092808545
1664562195000,40.913461488709885,-73.13262191607909,131.72104329245386,43.832241092808545
1664562196000,40.913461488709885,-73.13262191607909,134.02185512786758,43.832241092808545
1664562197000,40.913461488709885,-73.13262191607909,135.0329354604115,43.832241092808545
1664562198000,40.913461488709885,-73.13262191607909,133.20756064219034,43.832241092808545
1664562199000,40.913461488709885,-73.13262191607909,98.81565368317747,43.832241092808545
1664562200000,40.913461488709885,-73.13262191607909,103.97994672813844,43.832241092808545
1664562201000,40.913461488709885,-73.13262191607909,112.53053642092817,43.832241092808545
1664562202000,40.913461488709885,-73.13262191607909,123.32172575149679,43.832241092808545
1664562203000,40.913461488709885,-73.13262191607909,134.10739708400945,43.832241092808545
1664562204000,40.91346148870981,-73.13262191607906,200.0,43.83224105834961
1664562205000,40.913461488709885,-73.13262191607909,186.18036179698646,43.832241092808545
1664562206000,40.913461488709885,-73.13262191607909,214.94920199665972,43.832241092808545
1664562207021,40.91282668527319,-73.13285862102465,247.34780382157672,43.8177147237584
1664562209016,40.91342414868699,-73.13253000907038,21.29504653923549,43.54641137178987
1664562210015,40.91343226101077,-73.13252972388321,24.676247507243794,43.81955651845783
1664562211016,40.91343687262582,-73.13252942325322,29.63384295650638,43.95857269503176
1664562212016,40.913441906535766,-73.13252909334648,36.231945606093205,44.049556855112314
1664562213017,40.91344607254378,-73.13252894369292,42.25842775342791,44.10547901690006
1664562214016,40.91344970749197,-73.1325287090977,47.97702688096855,44.13845442049205
1664562215017,40.9134544265202,-73.13252842084947,55.816620631122056,44.16843745019287
1664562216016,40.91345878381025,-73.13252815529468,63.417448293485435,44.18473455961794
1664562217016,40.913463628424445,-73.13252786246863,72.20551966377731,44.20300429966301
1664562218015,40.913459524052335,-73.13252731809426,78.12269474466805,44.22355364635587
1664562219015,40.91346498700092,-73.1325270820591,86.3613300618711,44.231108728796244
1664562220018,40.913425465602835,-73.13252251550145,16.329696347354982,44.375290401279926
1664562221016,40.91342480299775,-73.13252189895033,18.496378614256944,44.308866237290204
1664562222016,40.91342417526698,-73.13252126469038,21.570131122603225,44.268992183730006
1664562223016,40.91342343474265,-73.13252048407395,26.363329776418425,44.24429071974009
1664562224015,40.91342283251429,-73.13251985177884,30.879467617964618,44.22343035042286
1664562225016,40.91342206377062,-73.13251903880833,37.14304627510044,44.20819861255586
1664562226000,40.913421377546584,-73.1325183196897,43.277226958740684,44.19579930230975
1664562227000,40.913423680517575,-73.13253686725803,45.714243838274925,44.18598193861544
1664562228000,40.913431815222985,-73.13249716545752,47.997754800885176,44.157240614295006
1664562229000,40.91343417245519,-73.13249887036358,52.07450520561258,44.1770751895383
1664562230000,40.91343539725139,-73.13249254141243,57.776558194006995,44.194167730398476
1664562231000,40.91343625294257,-73.1324833735211,63.836616019498386,44.208184585906565
1664562232000,40.91341924246284,-73.13251618231757,26.858908304536076,44.22002393566072
1664562233000,40.913424989646764,-73.13252488330744,18.122424659176506,44.28567485883832
1664562234000,40.91342519483477,-73.13252411819487,21.51748670406317,44.2489696405828
1664562235000,40.91342320624798,-73.13252441592407,24.417010174366727,44.21894266549498
1664562236000,40.91342323008917,-73.13252579662806,28.18615266684106,44.19379825890064
1664562237000,40.91342325393474,-73.13252759309445,33.73114026566409,44.17093937844038
1664562238000,40.913423212083494,-73.1325288624988,38.46454214634362,44.152817495167255
1664562239000,40.91342314576723,-73.13253032879061,44.4366628685292,44.13666852097958
1664562240000,40.91342321738213,-73.13253198107033,50.47751246017877,44.12402262724936
1664562241000,40.91342319608062,-73.13253354526113,57.23829978881192,44.11261287890375
1664562242000,40.91342313013486,-73.1325348104613,63.38959470730879,44.1044144667685
1664562243000,40.913423117880285,-73.13253650926906,71.36533911691403,44.0950574381277
1664562244000,40.91341822423506,-73.13253158419806,27.82951311316188,44.08933482505381
1664562245000,40.913424973925885,-73.13253378501939,18.47290938129283,44.18438349664211
1664562246000,40.913425267091434,-73.13253488793444,21.6825525746972,44.16279317159206
1664562247000,40.91342564124559,-73.13253616199668,25.700945611463315,44.14519342314452
1664562248000,40.91342606837704,-73.13253770725241,31.745431366837217,44.12910668179393
1664562249000,40.9134263287502,-73.1325387520041,36.80289678115658,44.11546189524233
1664562250000,40.913427131569584,-73.13254348814858,37.71152378223193,44.10312765929848
1664562251000,40.91342267962552,-73.13251407132107,40.98913618466029,44.08888975344598
1664562252000,40.91342132672759,-73.13250557644221,45.50300612880402,44.11186279542744
1664562253000,40.91342219819081,-73.13251070341175,50.04626563990976,44.142812050879
1664562254000,40.913421363057004,-73.1325043078901,56.061213454295455,44.16283049341291
1664562255000,40.91342127891689,-73.13250417259823,60.76566661342565,44.18419415317476
1664562256000,40.91342482912595,-73.13252687667392,66.13515016706798,44.20023638382554
1664562257000,40.91342485305001,-73.13252679542863,71.86184365307128,44.19334372319281
1664562258000,40.91342508435339,-73.13252795763265,78.44810583373781,44.186687875539064
1664562259000,40.91342241251975,-73.13251014922191,84.01409032867568,44.1783206705004
1664562260000,40.9134208642437,-73.13250003629392,90.32712808042955,44.18447916954756
1664562261000,40.913388254293366,-73.13252889721736,95.24091845254001,44.19878854881972
1664562262000,40.91338501399195,-73.132536980234,99.06487985868243,44.182650215923786
1664562263000,40.91343018230154,-73.13257908455388,50.98557172941079,43.4771385518834
1664562265000,40.91343018230154,-73.13257908455388,45.240042591352825,43.4771385518834
1664562267000,40.91343018230154,-73.13257908455388,41.0329180900529,43.4771385518834
1664562269000,40.91343018230154,-73.13257908455388,42.53582194927982,43.4771385518834
1664562271000,40.91343018230154,-73.13257908455388,49.93235221463207,43.4771385518834
1664562273000,40.91343018230154,-73.13257908455388,73.05716051886525,43.4771385518834
1664562275000,40.91343018230154,-73.13257908455388,71.12621591235212,43.4771385518834
1664562277000,40.91342569352192,-73.13254167736952,20.653626867863576,43.987539366818964
1664562278000,40.91342612705536,-73.13254127865498,24.362607745994723,44.03524553589523
1664562279000,40.913426615030225,-73.13254187934801,27.57301580670807,44.06392662972212
1664562280000,40.91342745442554,-73.13254485921186,32.44468093357285,44.08242159895599
1664562281000,40.913428391224876,-73.13254804886031,37.154318913533835,44.09117256104946
1664562282000,40.91342884176566,-73.13254852976466,42.357411908207695,44.09108585584909
1664562283000,40.913433290862066,-73.13257520561574,47.09349879020471,44.08868553303182
1664562284000,40.91343244355488,-73.13256698380503,52.72932821843804,44.0550019396469
1664562285000,40.91342954979577,-73.13254506653847,58.3368227213695,44.036474434658885
1664562286000,40.913429950115045,-73.1325446768472,65.69210832417974,44.04536585044116
1664562287000,40.913436915148544,-73.13258727017308,71.84936317653526,44.05160845350474
1664562288000,40.913437484517424,-73.13258777603582,79.45806662769672,44.02466376964003
1664562289000,40.91343655561637,-73.13257855274891,86.04388491520211,44.00017211586237
1664562290000,40.913439242865934,-73.13259402032655,92.42570768979972,43.98496911302209
1664562291000,40.91344007342381,-73.1325968620828,98.81742144692714,43.9575837822631
1664562292000,40.91343018230154,-73.13257908455388,29.62504986481193,43.4771385518834
1664562294000,40.91343018230154,-73.13257908455388,28.955639906605025,43.4771385518834
1664562296000,40.91343018230154,-73.13257908455388,32.04394219850357,43.4771385518834
1664562297000,40.91343018230154,-73.13257908455388,34.60969582049658,43.4771385518834
1664562299000,40.91343018230154,-73.13257908455388,39.30994042981204,43.4771385518834
1664562301000,40.91343018230154,-73.13257908455388,45.37254720749052,43.4771385518834
1664562302000,40.91343018230154,-73.13257908455388,46.58793891878191,43.4771385518834
1664562304000,40.91343018230154,-73.13257908455388,51.311841645684865,43.4771385518834
1664562305000,40.91343018230154,-73.13257908455388,53.44367156322358,43.4771385518834
1664562306000,40.91343018230154,-73.13257908455388,37.867988936427444,43.4771385518834
1664562308000,40.91342299237573,-73.13252833681162,19.35640552867519,44.00629963539541
1664562309000,40.913422004748384,-73.13252259138667,20.7665344391283,44.05587506387383
1664562310000,40.91342275527765,-73.1325284054266,23.804765158793693,44.09918085858226
1664562311000,40.91342188678116,-73.13252352621221,28.736482942996552,44.12875392101705
1664562312000,40.913421269740326,-73.1325206551648,35.06156914642581,44.156860603019595
1664562313000,40.91342109037358,-73.13252080586432,37.203097999603145,44.17419293895364
1664562314000,40.91342068637884,-73.13251901142253,42.811381000719315,44.186490134336054
1664562315000,40.91341977477035,-73.13251382235708,49.08502620190397,44.19606120418757
1664562316000,40.913417681341556,-73.13250041937357,55.774408570830325,44.20721887983382
1664562317000,40.91341690617883,-73.13249612766062,62.76206178972814,44.229109674692154
1664562318000,40.913412226588555,-73.13246652175471,66.7398662453347,44.245644364506006
1664562319000,40.91340927172833,-73.1324472423553,73.79343197393258,44.257121871225536
1664562320000,40.91340570349141,-73.13242420964934,81.0482834347857,44.265426649712026
1664562321000,40.91340766287541,-73.1324383233113,87.81288047170071,44.26922546047717
1664562322000,40.91340660723716,-73.1324322459534,97.1287998611256,44.274855013005435
1664562323000,40.91343018230154,-73.13257908455388,23.25944610770564,43.4771385518834
1664562324000,40.91343018230154,-73.13257908455388,23.305386297810866,43.4771385518834
1664562326000,40.91343018230154,-73.13257908455388,24.35048976227623,43.4771385518834
1664562327000,40.91343018230154,-73.13257908455388,25.99187177774314,43.4771385518834
1664562328000,40.91343018230154,-73.13257908455388,26.48482125806315,43.4771385518834
1664562329000,40.91343018230154,-73.13257908455388,28.796695065628967,43.4771385518834
1664562330000,40.91343018230154,-73.13257908455388,31.536294399249336,43.4771385518834
1664562331000,40.91343018230154,-73.13257908455388,35.23758063889901,43.4771385518834
1664562332000,40.91343018230154,-73.13257908455388,29.407983071435556,43.4771385518834
1664562333000,40.91343018230154,-73.13257908455388,28.58777348244778,43.4771385518834
1664562334000,40.91343018230154,-73.13257908455388,28.26661051886725,43.4771385518834
1664562335000,40.91343018230154,-73.13257908455388,29.816165488805773,43.4771385518834
1664562336000,40.91343018230154,-73.13257908455388,30.863182995729858,43.4771385518834
1664562337000,40.91343018230154,-73.13257908455388,29.426043576042083,43.4771385518834
1664562338000,40.91343018230154,-73.13257908455388,27.761689218617803,43.4771385518834
1664562339000,40.91343018230154,-73.13257908455388,26.118073708486904,43.4771385518834
1664562340000,40.91343018230154,-73.13257908455388,25.91133626106381,43.4771385518834
1664562341000,40.91343018230154,-73.13257908455388,27.926846427657807,43.4771385518834
1664562342000,40.91343018230154,-73.13257908455388,30.007801842111757,43.4771385518834
1664562343000,40.91343018230154,-73.13257908455388,32.71846465167839,43.4771385518834
1664562344000,40.91343018230154,-73.13257908455388,27.333831213068628,43.4771385518834
1664562345000,40.91343018230154,-73.13257908455388,30.65763876215851,43.4771385518834
1664562346000,40.91343018230154,-73.13257908455388,34.79263440336877,43.4771385518834
1664562347000,40.91343018230154,-73.13257908455388,37.56901322509608,43.4771385518834
1664562348000,40.91343018230154,-73.13257908455388,38.27601451812184,43.4771385518834
1664562349000,40.91343018230154,-73.13257908455388,36.349131358552484,43.4771385518834
1664562350000,40.91343018230154,-73.13257908455388,33.658763326626385,43.4771385518834
1664562351000,40.91343018230154,-73.13257908455388,34.10799567161528,43.4771385518834
1664562352000,40.91343018230154,-73.13257908455388,34.30231843389543,43.4771385518834
1664562353000,40.91343018230154,-73.13257908455388,36.071289840377084,43.4771385518834
1664562354000,40.91343018230154,-73.13257908455388,37.52377071848932,43.4771385518834
1664562355000,40.91343018230154,-73.13257908455388,39.08502443008596,43.4771385518834
1664562357000,40.91343018230154,-73.13257908455388,30.65499419952488,43.4771385518834
1664562358000,40.91343018230154,-73.13257908455388,30.594262563489316,43.4771385518834
1664562359000,40.91343018230154,-73.13257908455388,32.01387627313569,43.4771385518834
1664562360000,40.91343018230154,-73.13257908455388,33.01940934529096,43.4771385518834
1664562361000,40.91343018230154,-73.13257908455388,32.75491799390181,43.4771385518834
1664562362000,40.91343018230154,-73.13257908455388,34.07623304530793,43.4771385518834
1664562363000,40.91343018230154,-73.13257908455388,27.252549528840625,43.4771385518834
1664562364000,40.91343018230154,-73.13257908455388,28.3212412756968,43.4771385518834
1664562365000,40.91343018230154,-73.13257908455388,29.76498704277439,43.4771385518834
1664562366000,40.91343018230154,-73.13257908455388,31.37860899761309,43.4771385518834
1664562367000,40.91343018230154,-73.13257908455388,30.576971610527888,43.4771385518834
1664562368000,40.91343018230154,-73.13257908455388,32.6753700253691,43.4771385518834
1664562369000,40.91343018230154,-73.13257908455388,28.98527683569069,43.4771385518834
1664562370000,40.91343018230154,-73.13257908455388,27.78468580650278,43.4771385518834
1664562371000,40.91343018230154,-73.13257908455388,27.926724749526866,43.4771385518834
1664562372000,40.913421521165084,-73.13252579568613,19.966187090822327,44.00709133129567
1664562373000,40.91342343284406,-73.13253074330957,22.09106209719716,44.058921677060425
1664562374000,40.91342531754316,-73.13253537455958,26.54385908837701,44.092088313773274
1664562375000,40.913427484211645,-73.13254082229592,33.56763514950383,44.1135247386992
1664562376000,40.91342959722834,-73.13254658698425,41.8537453648744,44.12160438951105
1664562377000,40.91343160701468,-73.13255187786899,50.27484124787863,44.117405612021685
1664562378000,40.91343363640935,-73.13255740938897,59.38784093478527,44.10543921217322
1664562379000,40.91343565363849,-73.13256281754661,68.74778423898029,44.092268358916044
1664562380000,40.91343747645472,-73.13256746140526,77.26839754961722,44.07899678591639
1664562381000,40.91343942610142,-73.1325727398635,86.88614516689053,44.06346384435892
1664562382000,40.91344190323249,-73.1325795627632,99.5010906093402,44.04482232220471
1664562383000,40.91343018230154,-73.13257908455388,33.857301751490944,43.4771385518834
1664562385000,40.91343018230154,-73.13257908455388,28.967431131014557,43.4771385518834
1664562387000,40.91343018230154,-73.13257908455388,24.6936742849369,43.4771385518834
1664562389000,40.91343018230154,-73.13257908455388,24.977362767756613,43.4771385518834
1664562391000,40.91343018230154,-73.13257908455388,29.263685720388256,43.4771385518834
1664562393000,40.91343018230154,-73.13257908455388,28.778892352413212,43.4771385518834
1664562395000,40.91343018230154,-73.13257908455388,31.061342363781144,43.4771385518834
1664562397000,40.91343018230154,-73.13257908455388,35.54857124626682,43.4771385518834
1664562399000,40.91343018230154,-73.13257908455388,24.219508665531905,43.4771385518834
1664562401000,40.91343018230154,-73.13257908455388,24.05519783217929,43.4771385518834
1664562403000,40.91343018230154,-73.13257908455388,24.210138670489187,43.4771385518834
1664562405000,40.91342136788671,-73.13253018673124,21.10443381591803,43.996224137954414
1664562406000,40.91342068817858,-73.13253709825483,24.273185451737056,44.04259619861841
1664562407000,40.91341989517376,-73.1325450199418,29.43078371785866,44.07278971374035
1664562408000,40.91341922081828,-73.13255177775224,34.75310382064521,44.08379334304482
1664562409000,40.91341829529638,-73.13256105418725,43.00862264614901,44.087357378564775
1664562410000,40.91341761459171,-73.13256789984771,49.6392124519853,44.072868273593485
1664562411000,40.91341700415931,-73.1325740289268,55.873562963902394,44.05140488874167
1664562412000,40.91341612348077,-73.13258314147953,65.7241798852342,44.02973558567464
1664562413000,40.91341543711505,-73.13259018131296,73.65003667975542,44.00824532844126
1664562414000,40.91341479254011,-73.13259679456543,81.3328602015318,43.984217003919184
1664562415000,40.913413905661905,-73.13260589177307,92.24544654131836,43.954763944260776
1664562416000,40.91341339746695,-73.13261110658453,98.67251672633869,43.92228548694402
1664562417000,40.91343018230154,-73.13257908455388,33.83170251917143,43.4771385518834
1664562419000,40.91343018230154,-73.13257908455388,37.705864772652305,43.4771385518834
1664562421000,40.91343018230154,-73.13257908455388,37.85798486498043,43.4771385518834
1664562423000,40.91343018230154,-73.13257908455388,25.41639994001747,43.4771385518834
1664562425000,40.91343018230154,-73.13257908455388,32.57770425470055,43.4771385518834
1664562427000,40.91343018230154,-73.13257908455388,42.31375151743578,43.4771385518834
1664562429000,40.91343018230154,-73.13257908455388,48.476714044231535,43.4771385518834
1664562431000,40.91343018230154,-73.13257908455388,45.37769563983007,43.4771385518834
1664562433000,40.91343018230154,-73.13257908455388,44.80887128607869,43.4771385518834
1664562435000,40.91343018230154,-73.13257908455388,47.84948689198581,43.4771385518834
1664562437000,40.91342399160446,-73.1325179755691,21.839089404189426,43.98904105741531
1664562438000,40.91342428443584,-73.13251938371266,25.686505927377983,44.052623816765845
1664562439000,40.913424434437275,-73.13252010472556,28.225549353979908,44.06068634893745
1664562440000,40.91343018230154,-73.13257908455388,36.43183091944387,43.4771385518834
1664562442000,40.91343018230154,-73.13257908455388,35.40675879436842,43.4771385518834
1664562443000,40.91343018230154,-73.13257908455388,36.08332088061739,43.4771385518834
1664562445000,40.91343018230154,-73.13257908455388,34.841736714878785,43.4771385518834
1664562447000,40.91343018230154,-73.13257908455388,36.66586748689969,43.4771385518834
1664562448000,40.91343018230154,-73.13257908455388,36.489356623775194,43.4771385518834
1664562450000,40.91343018230154,-73.13257908455388,35.93892634284127,43.4771385518834
1664562452000,40.91343018230154,-73.13257908455388,28.20327396264366,43.4771385518834
1664562453000,40.91343018230154,-73.13257908455388,27.171059513404213,43.4771385518834
1664562455000,40.91343018230154,-73.13257908455388,25.381379017485767,43.4771385518834
1664562457000,40.91343018230154,-73.13257908455388,25.076205257746054,43.4771385518834
1664562459000,40.91343018230154,-73.13257908455388,26.87019850191316,43.4771385518834
1664562460000,40.91343018230154,-73.13257908455388,26.45265859785328,43.4771385518834
1664562462000,40.91343018230154,-73.13257908455388,23.49425974476747,43.4771385518834
1664562463000,40.91343018230154,-73.13257908455388,23.317041380226563,43.4771385518834
1664562464000,40.91343018230154,-73.13257908455388,23.81178900947083,43.4771385518834
1664562466000,40.91343018230154,-73.13257908455388,24.437541840706594,43.4771385518834
1664562468000,40.91343018230154,-73.13257908455388,24.863031452253335,43.4771385518834
1664562469000,40.913425164762806,-73.13251354801923,21.37283176113014,43.9827924920246
1664562470000,40.91342519163754,-73.13251314426921,25.234989884094215,44.05211065802723
1664562471000,40.913425232115344,-73.13251269193442,31.750107753555966,44.112616633065045
1664562472000,40.913425262061274,-73.13251235438345,37.52294928931001,44.15391868725419
1664562473000,40.913425293410256,-73.13251200908681,44.00102138675323,44.18410080391914
1664562474000,40.91342171668883,-73.13250716085965,51.65970258190537,44.20900304336101
1664562475000,40.91342131463365,-73.13250626122107,59.305394447057395,44.22845733445138
1664562476000,40.91342090834616,-73.13250534486858,67.50311454693245,44.24235500767827
1664562477000,40.913420448955456,-73.13250431656262,76.96514975111626,44.2576281838119
1664562478000,40.91341997721822,-73.1325032606621,87.02411334405512,44.270691987127066
1664562479000,40.91341959325957,-73.13250240152624,95.44121607629792,44.27691930346191
1664562480000,40.91343018230154,-73.13257908455388,22.45280417788309,43.4771385518834
1664562482000,40.91343018230154,-73.13257908455388,21.269052601050273,43.4771385518834
1664562483000,40.91343018230154,-73.13257908455388,21.027140888825823,43.4771385518834
1664562485000,40.91343018230154,-73.13257908455388,21.847463131668665,43.4771385518834
1664562486000,40.91343018230154,-73.13257908455388,22.45828967204395,43.4771385518834
1664562488000,40.91343018230154,-73.13257908455388,22.589622827568913,43.4771385518834
1664562489000,40.91343018230154,-73.13257908455388,23.59683466687731,43.4771385518834
1664562491000,40.91343018230154,-73.13257908455388,23.75441115251563,43.4771385518834
1664562493000,40.91343018230154,-73.13257908455388,25.58965658679077,43.4771385518834
1664562494000,40.91343018230154,-73.13257908455388,24.7751738853788,43.4771385518834
1664562495000,40.91343018230154,-73.13257908455388,24.84177315520772,43.4771385518834
1664562497000,40.91343018230154,-73.13257908455388,24.358874843518496,43.4771385518834
1664562499000,40.91343018230154,-73.13257908455388,27.08084164235862,43.4771385518834
1664562501000,40.913424191303875,-73.13251869005491,21.142126149703227,43.992547892965376
1664562502000,40.91342107096234,-73.13250953892991,24.171222001609554,44.05690685287118
1664562503000,40.91341876087442,-73.13250240442156,28.947634637909545,44.119758998043835
1664562504000,40.91341660779827,-73.1324957470126,33.20556578491319,44.170418141409755
1664562505000,40.91342470180241,-73.1325176821208,39.3797751524492,44.216852015815675
1664562506000,40.91342254655221,-73.13251057407126,43.15044929246725,44.22209234442562
1664562507000,40.91342165868154,-73.13251224743144,49.64954003518439,44.23567086271942
1664562508000,40.913436725778915,-73.13255691895827,56.60892591836261,44.242021205835044
1664562509000,40.91343240193893,-73.13255797581677,61.96584602285669,44.19289835356176
1664562510000,40.91343492390265,-73.13256907984236,69.04573412948776,44.15876887086779
1664562511000,40.91344600966757,-73.13259394681029,76.18757811762784,44.1214061062783
1664562512000,40.9134390664453,-73.1325704869901,83.50608669257024,44.07144075538963
1664562513000,40.91344187730618,-73.13257725066667,89.66385072049522,44.043395234271884
1664562514000,40.91344072905617,-73.13257349543524,98.09958859831245,44.00878778658807
1664562515000,40.91341982981134,-73.1325144884086,99.53607239335122,44.00425274670124
1664562516000,40.91343018230154,-73.13257908455388,65.35435012383903,43.4771385518834
1664562518000,40.91343018230154,-73.13257908455388,86.44682613592192,43.4771385518834
1664562520000,40.91343018230154,-73.13257908455388,136.69778229193813,43.4771385518834
1664562522000,40.91343018230154,-73.13257908455388,123.80699498805782,43.4771385518834
1664562524000,40.91343018230154,-73.13257908455388,134.23533750330515,43.4771385518834
1664562526000,40.91343018230154,-73.13257908455388,141.97869557217092,43.4771385518834
1664562528000,40.91343018230154,-73.13257908455388,129.0256943205715,43.4771385518834
1664562530000,40.91343018230154,-73.13257908455388,189.2313693935545,43.4771385518834
1664562532000,40.91343018230154,-73.13257908455388,161.24518270966226,43.4771385518834
1664562533000,40.913423172263656,-73.13251878856993,21.654897422041387,44.018639718182385
1664562534000,40.91342389925188,-73.132521445077,24.751957775397177,44.090348141267896
1664562535000,40.913424728595835,-73.13252447689301,29.46029599296497,44.13038815557957
1664562536000,40.913425611159205,-73.13252770158962,35.494879854994124,44.15444953367114
1664562537000,40.91342645237597,-73.1325307750467,41.94658080151686,44.16547914594412
1664562538000,40.91342729301043,-73.13253384624107,48.91465511258704,44.16781638842076
1664562539000,40.913428133484864,-73.13253691675446,56.30319354931219,44.16340445633978
1664562540000,40.913429058006265,-73.1325402941687,64.84112693089071,44.15486577525735
1664562541000,40.91342981464999,-73.13254305840657,72.11071175804243,44.14714824222028
1664562542000,40.91343063919436,-73.13254607050956,80.29519827524994,44.13836487941444
1664562543000,40.9134314812398,-73.13254914665028,88.91705092134302,44.1274814652279
1664562544000,40.913432323218686,-73.13255222290198,97.78904316793019,44.114860461093485
1664562545000,40.91343018230154,-73.13257908455388,87.21773770457092,43.4771385518834
1664562547000,40.91343018230154,-73.13257908455388,148.61919293317337,43.4771385518834
1664562549000,40.91343018230154,-73.13257908455388,206.91714038281995,43.4771385518834
1664562551000,40.91343018230154,-73.13257908455388,196.8107181812714,43.4771385518834
1664562553000,40.91343018230154,-73.13257908455388,196.04767010234903,43.4771385518834
1664562555000,40.91343018230154,-73.13257908455388,143.54083843595038,43.4771385518834
1664562557000,40.91343018230154,-73.13257908455388,143.49492981967546,43.4771385518834
1664562559000,40.91343018230154,-73.13257908455388,108.40981763159127,43.4771385518834
1664562561000,40.91343018230154,-73.13257908455388,75.93144337126922,43.4771385518834
1664562563000,40.91343018230154,-73.13257908455388,63.594065562344205,43.4771385518834
1664562565000,40.91342418608243,-73.13252630967632,21.639588206650426,44.02038628421724
1664562566000,40.91342253337839,-73.13251857218303,25.415808726400492,44.07956274878234
1664562567000,40.913419329769276,-73.13251113956612,29.65300010230756,44.12743270397186
1664562568000,40.91341908134922,-73.1325098144371,34.23620299177228,44.16317971050739
1664562569000,40.913418755186164,-73.13250797335454,41.8519517788403,44.1981148282066
1664562570000,40.913418408917714,-73.13250611121966,49.81917301602345,44.22435493674129
1664562571000,40.91341818867066,-73.13250492800029,55.15412285315072,44.23435125965625
1664562572000,40.91341784063696,-73.13250305810499,63.96862539024549,44.24934478662908
1664562573000,40.913417535534606,-73.13250141881583,72.03791765493347,44.25993499625474
1664562574000,40.91341724136618,-73.13249983782137,80.09555353633475,44.269184165634215
1664562575000,40.9134168805691,-73.13249789845773,90.32230512888178,44.27994505036622
1664562576000,40.913416615959726,-73.13249647611654,98.0450327313039,44.28282000403851
1664562577000,40.91343018230154,-73.13257908455388,26.864617292341926,43.4771385518834
1664562579000,40.91343018230154,-73.13257908455388,28.427852083567277,43.4771385518834
1664562581000,40.91343018230154,-73.13257908455388,35.23379857781076,43.4771385518834
1664562583000,40.91343018230154,-73.13257908455388,34.787661991248655,43.4771385518834
1664562585000,40.91343018230154,-73.13257908455388,38.47153372072718,43.4771385518834
1664562587000,40.91343018230154,-73.13257908455388,44.08448295081194,43.4771385518834
1664562589000,40.91343018230154,-73.13257908455388,62.83301886225913,43.4771385518834
1664562590000,40.91345686183175,-73.13253653160001,18.545247111180434,44.092260658741
1664562591000,40.91345855602438,-73.13253788145579,20.545649953729473,44.11424982454628
1664562592000,40.91346058955204,-73.13253946916804,24.82963647885782,44.12996424827725
1664562593000,40.91347563005694,-73.13253873306817,15.726312805114247,44.269738586619496
1664562594000,40.91348050782962,-73.13253994751298,20.251069278694512,44.244668610394
1664562595000,40.91343018230154,-73.13257908455388,166.11724206766195,43.4771385518834
1664562596000,40.913430182301454,-73.13257908455387,200.0,43.47713851928711
1664562597000,40.91343018230154,-73.13257908455388,209.04895006466896,43.4771385518834
1664562598000,40.913430182301454,-73.13257908455387,209.08778111282427,43.47713851928711
1664562599000,40.91343018230154,-73.13257908455388,272.5371848013213,43.4771385518834
1664562600018,40.91343018230154,-73.13257908455388,308.74587858469164,43.4771385518834
1664562608016,40.91340356991192,-73.13252638238279,42.15055549628114,44.554508274421096
1664562609015,40.913399802516835,-73.13252579795524,47.50368436780376,44.21388183161616
1664562610016,40.9133939434838,-73.13252487288126,55.48640636838067,44.17313527036458
1664562611015,40.913389695649194,-73.13252431168664,61.6515297729393,44.157093830406666
1664562612015,40.91338421724421,-73.13252358256675,69.93008781882598,44.14660804532468
1664562613014,40.91337981643989,-73.13252299672374,76.84876718396117,44.14095451589674
1664562614018,40.91341301005052,-73.13252938496649,27.571924560873235,44.140217806212604
1664562615014,40.91341137648886,-73.13252940263393,31.686070999079412,44.1287391949445
1664562616015,40.91341022829737,-73.13252941510642,35.270374634253095,44.12318713776767
1664562617017,40.913409055912844,-73.13252942844161,39.45232566414139,44.119733043946326
1664562618015,40.91340743150715,-73.13252931486123,45.68639017296328,44.11603305209428
1664562619016,40.91340646614376,-73.13252943693716,50.214764539037475,44.11629693489522
1664562620016,40.9134157036744,-73.13255800512577,53.66121421583008,44.115189159289
1664562621017,40.913414813333745,-73.1325584566029,58.536983951334385,44.083226318471134
1664562622016,40.91341610202663,-73.1325653406868,62.537859825357415,44.05839510075748
1664562623017,40.91341282527721,-73.1325597840895,68.79848657946789,44.03399630077183
1664562624016,40.91337473438806,-73.13246113868374,74.78611999563122,44.01815233472735
1664562625016,40.913365278796284,-73.13243911710673,81.08256082476586,44.066762836650014
1664562626012,40.9133614741454,-73.13243203545258,87.87121790662455,44.109160422347486
1664562627015,40.91335780751695,-73.13242519679007,94.64982779278087,44.14413794130087
1664562628013,40.913355315670294,-73.13242053298146,99.51759988442724,44.17105505429208
1664562630000,40.9133609426717,-73.13243226653843,200.0,44.171077728271484
1664562631000,40.913430266120585,-73.13257682144003,351.0803498319434,45.63405993953347
1664562633000,40.913430266120585,-73.13257682144003,229.1870583681864,45.63405993953347
1664562635000,40.91342033057427,-73.1325246630652,19.835138012873443,44.133346549235284
1664562635999,40.913421989943664,-73.13252720807874,21.624999411963586,44.140700224787
1664562636999,40.91342385184036,-73.13253006421085,25.164542308819623,44.14125812333077
1664562637999,40.91342586665828,-73.13253315461048,30.385551786587907,44.13804683741182
1664562638999,40.91342749420658,-73.1325356508999,35.36993742106558,44.13123726379126
1664562640000,40.91342953068951,-73.13253877474199,42.320578160309196,44.12291460856795
1664562641000,40.91343099619827,-73.13254102271333,47.71423572532759,44.11276365816593
1664562642000,40.91343298971429,-73.1325440808432,55.4852901629735,44.101609212346375
1664562643000,40.9134350259874,-73.13254720465193,63.867421997954,44.08884633984417
1664562644000,40.91343649119807,-73.1325494524489,70.14563703802742,44.0791607266292
1664562645000,40.91343833255834,-73.13255225317234,78.25669018010755,44.0685605565086
1664562646000,40.913414306904414,-73.13257891342063,84.46772629281142,44.05625572800636
1664562647000,40.9134173089118,-73.13253505308552,27.580140269797976,44.031679982319474
1664562648000,40.91342480808406,-73.13251935167607,18.101593995155387,44.15704445540905
1664562649000,40.91342512093362,-73.1325183212049,21.97871475278162,44.167486351914704
1664562650000,40.91342536595304,-73.13251751807006,25.870127127477907,44.17364847008139
1664562651000,40.91342553530929,-73.13251627897877,31.513723121444283,44.179852375760674
1664562652000,40.913425686386724,-73.13251518072802,37.0933481065716,44.18433954101056
1664562653000,40.9134258254063,-73.13251417280678,42.6135432476028,44.18763260357082
1664562654000,40.913415633850995,-73.1325304710038,20.44596207997889,44.191723079420626
1664562655000,40.91341407629994,-73.13253204971463,23.310834170825846,44.173556661233306
1664562656000,40.91341132324302,-73.13253452613095,28.16229436850866,44.156595840118825
1664562657000,40.91340536917962,-73.13254007616044,32.718107741364314,44.138890287838876
1664562658000,40.91340217815083,-73.13254281263355,37.96241411677133,44.11859536822885
1664562659000,40.91341403392676,-73.13253207924058,42.90272763262639,44.10095957480371
1664562660000,40.91341438041418,-73.13253188762891,49.467524972124686,44.098585437983274
1664562661000,40.9134225069786,-73.1325544789871,52.34326505341845,44.0978616354987
1664562662000,40.91341704633103,-73.13255392264773,58.57636600887998,44.071545489132404
1664562663000,40.91339116918708,-73.13247380587896,59.79554692858909,44.05475537292659
1664562664000,40.91340045742684,-73.13249074139374,62.65298685377454,44.10696885176003
1664562665000,40.91339426968137,-73.13255596484032,67.04934360842542,44.146692072972655
1664562666000,40.91337688669078,-73.1325393488909,70.47699572638223,44.125772688537836
1664562667000,40.913371357117676,-73.13253506904955,76.17560843242943,44.11864476650953
1664562668000,40.91335214874083,-73.13251792927859,81.81038853285962,44.116082412190735
1664562669000,40.913348743708106,-73.1325227238947,88.51457759819439,44.12926906440407
1664562670000,40.91334322751772,-73.13252020443652,94.6521185086658,44.13612139131874
1664562671000,40.9133405933365,-73.13252079007022,98.92832889800104,44.137688980437815
1664562672000,40.913430266120585,-73.13257682144003,22.627210160958803,45.63405993953347
1664562674000,40.91325388107542,-73.13268940388384,99.91671258575485,44.0223569618538
1664562675000,40.913430266120585,-73.13257682144003,23.309416031855502,45.63405993953347
1664562676000,40.913430266120585,-73.13257682144003,23.903157968460764,45.63405993953347
1664562678000,40.913430266120585,-73.13257682144003,24.171780197334677,45.63405993953347
1664562680000,40.913430266120585,-73.13257682144003,23.520755164868948,45.63405993953347
1664562681000,40.913430266120585,-73.13257682144003,23.215849960067494,45.63405993953347
1664562682000,40.913430266120585,-73.13257682144003,23.32265834312961,45.63405993953347
1664562684000,40.91342962164135,-73.13252286527586,21.374767130285452,44.01880035735667
1664562685000,40.91343253627505,-73.13251828122954,24.57857754746845,44.070773591287434
1664562686000,40.91343647211607,-73.1325121724036,30.550391700807445,44.12325959280133
1664562687000,40.91343197227251,-73.13252769356585,31.083961536637116,44.155262974090874
1664562688000,40.91342508215014,-73.13251586421106,33.50016399393995,44.16815256141126
1664562689000,40.91342388607285,-73.13251004909513,39.353826455427246,44.19305561296642
1664562690000,40.91341882471352,-73.13248635976986,43.58378686405521,44.2131180902943
1664562691000,40.91342371563765,-73.1325075965445,47.58062522387108,44.2381175449118
1664562692000,40.91341477567866,-73.13254040029645,50.4959176346722,44.245228233747184
1664562693000,40.91341408353275,-73.13254500740584,56.63679677723392,44.212095173075795
1664562694000,40.91340566701183,-73.13252348111467,60.73697675363196,44.17566063348204
1664562695000,40.913403355158074,-73.13252489310207,67.55129851286686,44.17075582034886
1664562696000,40.91339665588518,-73.13251033196823,73.53655083818778,44.165932327508926
1664562697000,40.913402326930104,-73.13250585892922,74.056415173403,44.173661447130144
1664562698000,40.913397927637504,-73.13254012064753,77.95902952450587,44.184964245185256
1664562699000,40.913402154384,-73.13254345788356,82.6988218694089,44.164299078285694
1664562700000,40.91340905634322,-73.13254994913339,89.78737597601244,44.14256635122001
1664562701000,40.9134236325151,-73.13256488683861,96.2659697688997,44.11866823490709
1664562702000,40.91333957419809,-73.13253155831607,85.83612093270445,44.07956267148256
1664562703000,40.913330379785215,-73.1325305069609,91.04558733187477,44.082122839055955
1664562704000,40.913306314259906,-73.13249094173658,95.6305280355548,44.085615331307054
1664562705000,40.913296325355965,-73.13253093544161,94.11880559632232,44.12450255546719
1664562706000,40.91329126175341,-73.1324850303165,99.199863172217,44.12213297188282
1664562707000,40.913430266120585,-73.13257682144003,20.979809559634102,45.63405993953347
1664562709000,40.913430266120585,-73.13257682144003,21.538244531868333,45.63405993953347
1664562711000,40.913430266120585,-73.13257682144003,22.353242911523278,45.63405993953347
1664562713000,40.913430266120585,-73.13257682144003,23.23079037583736,45.63405993953347
1664562715000,40.913430266120585,-73.13257682144003,23.280715266160293,45.63405993953347
1664562716000,40.913430266120585,-73.13257682144003,23.878948003441703,45.63405993953347
1664562718000,40.913430266120585,-73.13257682144003,24.473584565432596,45.63405993953347
1664562720000,40.913430266120585,-73.13257682144003,24.938736664702045,45.63405993953347
1664562722000,40.913430266120585,-73.13257682144003,25.212317997193548,45.63405993953347
1664562724000,40.913430266120585,-73.13257682144003,24.44334159223196,45.63405993953347
1664562726000,40.913430266120585,-73.13257682144003,22.0800394908493,45.63405993953347
1664562727000,40.913430266120585,-73.13257682144003,22.029683468130365,45.63405993953347
1664562729000,40.913430266120585,-73.13257682144003,21.183729442926193,45.63405993953347
1664562731000,40.913430266120585,-73.13257682144003,22.007909774494426,45.63405993953347
1664562733000,40.913430266120585,-73.13257682144003,23.957004670324928,45.63405993953347
1664562735000,40.913430266120585,-73.13257682144003,26.653398007920117,45.63405993953347
1664562737000,40.913430266120585,-73.13257682144003,28.26521072222763,45.63405993953347
1664562739000,40.913430266120585,-73.13257682144003,26.206320520642123,45.63405993953347
1664562740000,40.913430266120585,-73.13257682144003,25.669264667217814,45.63405993953347
1664562741000,40.913430266120585,-73.13257682144003,25.19713613899658,45.63405993953347
1664562743000,40.913430266120585,-73.13257682144003,24.791010630672933,45.63405993953347
1664562745000,40.913430266120585,-73.13257682144003,23.71941209945234,45.63405993953347
1664562746000,40.91341792494888,-73.13252771038795,27.818076903723014,43.95767877064645
1664562747000,40.91342302288006,-73.1325293686939,17.22941617939083,44.06404475402087
1664562748000,40.91342341125074,-73.13252768243098,20.241169982874247,44.09581235051155
1664562749000,40.91342795539752,-73.13253480435978,26.802989729254534,44.13070630095899
1664562750000,40.913430069070984,-73.1325353025004,31.468450613925008,44.13930623792112
1664562751000,40.913426843302155,-73.13252693486064,37.48219058755906,44.143264116719365
1664562752000,40.91342705302084,-73.13252277238605,43.46485605229676,44.15371203608811
1664562753000,40.91342416995869,-73.1325302858763,50.76405545389334,44.16867175139487
1664562754000,40.913415904276114,-73.13251380728109,54.90042569357624,44.162435996346176
1664562755000,40.91341521125933,-73.13251292818077,63.66587761323425,44.181159066967666
1664562756000,40.91341726895144,-73.1325168535695,70.73257764416357,44.194089504890144
1664562757000,40.913413436529744,-73.13250557043374,77.11788035010734,44.20148946903646
1664562758000,40.91340819722749,-73.13252895441488,81.00341639114315,44.21238214336336
1664562759000,40.9134223699013,-73.13251530890548,84.02624278187889,44.20228345505893
1664562760000,40.9134200116298,-73.1325119047203,91.52321116942558,44.204311282373965
1664562761000,40.91342307682851,-73.13252689666439,96.79006321129741,44.20874864421785
1664562762000,40.91328186706754,-73.1325035785614,99.6570741913269,44.18797879014164
1664562763000,40.913430266120585,-73.13257682144003,21.891682109979246,45.63405993953347
1664562764000,40.913430266120585,-73.13257682144003,21.652150530372108,45.63405993953347
1664562766000,40.913430266120585,-73.13257682144003,21.90782463778748,45.63405993953347
1664562768000,40.913430266120585,-73.13257682144003,22.262953104126524,45.63405993953347
1664562770000,40.913430266120585,-73.13257682144003,23.016621246685812,45.63405993953347
1664562772000,40.913430266120585,-73.13257682144003,23.361077141477114,45.63405993953347
1664562774000,40.913430266120585,-73.13257682144003,24.04711418186804,45.63405993953347
1664562776000,40.91342271847823,-73.13252060176667,20.88903227512908,43.95142893958837
1664562777000,40.913425630647666,-73.13252691709653,24.070991545763746,44.01883554644883
1664562778000,40.913428872585605,-73.1325342761455,28.079443444136967,44.06580439209938
1664562779000,40.91343289854556,-73.13254129974298,32.63535411691055,44.09227934945375
1664562780000,40.91343981330567,-73.1325354545925,38.31986444160219,44.106684574857354
1664562781000,40.91344615677357,-73.13254011787966,43.862389607192334,44.11911408044398
1664562782000,40.91345125733316,-73.13254539651756,51.41417803626887,44.124362480826676
1664562783000,40.91346293243564,-73.13257011917528,56.32355244985785,44.11851943191141
1664562784000,40.913468430958055,-73.13257802197955,62.42349900190194,44.08752455189824
1664562785000,40.91346121737742,-73.13259218671828,67.9292186020166,44.05849882308394
1664562786000,40.91346824125263,-73.13259728393288,75.17242758777172,44.02331010438502
1664562787000,40.91347251925545,-73.13260321435249,81.67309017663226,43.99018268659711
1664562788000,40.913477984150965,-73.13261208802354,91.05750427951969,43.952388257719576
1664562789000,40.91348260141227,-73.13261957110932,99.27551193888173,43.90957805886865
1664562790000,40.913430266120585,-73.13257682144003,24.589039187974937,45.63405993953347
1664562792000,40.913430266120585,-73.13257682144003,23.97781336631937,45.63405993953347
1664562794000,40.913430266120585,-73.13257682144003,23.61056404991011,45.63405993953347
1664562796000,40.913430266120585,-73.13257682144003,23.49270706125127,45.63405993953347
1664562798000,40.913430266120585,-73.13257682144003,23.493031719114924,45.63405993953347
1664562800000,40.913430266120585,-73.13257682144003,25.303312724795,45.63405993953347
1664562802000,40.913430266120585,-73.13257682144003,28.80395277402627,45.63405993953347
1664562804000,40.913430266120585,-73.13257682144003,28.93416523462567,45.63405993953347
1664562806000,40.91342911872744,-73.13253253490375,19.792106487885384,44.048419224098325
1664562807000,40.91342780130678,-73.13253020671469,21.19970584445945,44.08118803985417
1664562808000,40.91342617568478,-73.13253334718829,24.727603103102876,44.114410671405494
1664562809000,40.91341931332865,-73.13251748471261,28.300523126431244,44.129491560161114
1664562810000,40.91341760770787,-73.13251124925692,32.695462864778186,44.15860826149583
1664562811000,40.9134237549875,-73.13251994691363,38.473166102649394,44.18859049119055
1664562812000,40.91342473414305,-73.13251456091253,42.346986256963035,44.19378990121186
1664562813000,40.913428234057605,-73.13251345686011,49.15569934851225,44.20737478323281
1664562814000,40.91342514677923,-73.13249312433224,54.91861738135715,44.21567885763943
1664562815000,40.91342606977357,-73.13249357229002,60.674660209645005,44.232955555431545
1664562816000,40.913416697998976,-73.1325578668435,66.54614698041283,44.2489375770092
1664562817000,40.91341804619485,-73.13257131250252,73.46784207496047,44.21502309013158
1664562818000,40.91341744987709,-73.13257565202106,80.67238079909134,44.17174089793116
1664562819000,40.91341694993744,-73.13257924034404,86.86863626953898,44.1287088803947
1664562820000,40.9134162287938,-73.13258453225134,96.29401850401612,44.082889958284795
1664562821000,40.913430266120585,-73.13257682144003,30.315589280685714,45.63405993953347
1664562823000,40.913430266120585,-73.13257682144003,38.1194066935098,45.63405993953347
1664562825000,40.913430266120585,-73.13257682144003,43.551588412165344,45.63405993953347
1664562827000,40.913430266120585,-73.13257682144003,41.30085339487942,45.63405993953347
1664562829000,40.913430266120585,-73.13257682144003,36.11046026608888,45.63405993953347
1664562831000,40.913430266120585,-73.13257682144003,30.823679230478763,45.63405993953347
1664562833000,40.913430266120585,-73.13257682144003,28.732581034694668,45.63405993953347
1664562835000,40.913430266120585,-73.13257682144003,27.74662653432013,45.63405993953347
1664562837000,40.913430266120585,-73.13257682144003,26.628997415185534,45.63405993953347
1664562838000,40.91342079477987,-73.13253876150144,28.520896505219262,43.95347607135773
1664562839000,40.91342141156037,-73.13252745118753,17.41437011936266,44.05232755281031
1664562840000,40.913420054407425,-73.13252360080668,20.938105139666465,44.093024236150086
1664562841000,40.913418695443674,-73.13251998262045,25.5045003704142,44.12540530599654
1664562842000,40.913416992227376,-73.13251545770414,32.55362063977559,44.15863016806543
1664562843000,40.91341563955204,-73.1325114434298,39.028914522622536,44.1832379931584
1664562844000,40.91341401912043,-73.13250695235226,47.372361717007905,44.209098669700325
1664562845000,40.91341796440141,-73.13253073806905,49.98310084472738,44.22549820691347
1664562846000,40.91341676962869,-73.13252741067254,56.95300791072713,44.209726298227906
1664562847000,40.9134153981948,-73.132524302299,61.854378028051514,44.199407782405615
1664562848000,40.91341119790876,-73.13250466005343,67.14842231991369,44.19191722758114
1664562849000,40.913417114165526,-73.13253900416171,72.32630317746097,44.2045332044363
1664562850000,40.913424611382936,-73.13258245837399,81.26632535152723,44.1894905148074
1664562851000,40.91342394768049,-73.13258585501393,80.48739585465096,44.14392122067511
1664562852000,40.9134228053147,-73.13258920192723,86.65513596027039,44.093032638542354
1664562853000,40.91343961727111,-73.13260421213273,94.66702664396703,44.042900376953185
1664562854000,40.913444210083995,-73.13260728029303,98.52820898220907,44.03317548986524
1664562855000,40.913430266120585,-73.13257682144003,21.09824214005887,45.63405993953347
1664562857000,40.913430266120585,-73.13257682144003,21.221315730556647,45.63405993953347
1664562859000,40.913430266120585,-73.13257682144003,22.31642922326586,45.63405993953347
1664562861000,40.913430266120585,-73.13257682144003,23.084270406516772,45.63405993953347
1664562863000,40.913430266120585,-73.13257682144003,23.521726730688886,45.63405993953347
1664562865000,40.913430266120585,-73.13257682144003,23.600921805339958,45.63405993953347
1664562867000,40.913430266120585,-73.13257682144003,22.43210476607571,45.63405993953347
1664562869000,40.91341889457554,-73.13253050354378,21.498340479654843,43.95149867516011
1664562870000,40.913414585365096,-73.13253292574554,24.924863556846827,44.00818732753396
1664562871000,40.91341272463811,-73.13254323019034,28.913718369449608,44.05072237737477
1664562872000,40.91341348795015,-73.13254407705973,33.10312543792877,44.06798867601901
1664562873000,40.91341066258325,-73.13254810679977,40.063296039324634,44.08509598579258
1664562874000,40.91341082169478,-73.13255477595925,46.05432965781287,44.08847850188613
1664562875000,40.913408790506935,-73.1325580031402,52.377363214251126,44.080889913253486
1664562876000,40.9134063828989,-73.13256180530576,60.263309039737,44.07060611154884
1664562877000,40.91340445678273,-73.13256506158831,67.11900117974643,44.059826421551406
1664562878000,40.91340223027915,-73.13256879924336,75.32460326600504,44.049179343506694
1664562879000,40.91340016106339,-73.13257227206162,83.22225893003252,44.03622869309038
1664562880000,40.91339763204013,-73.13257652122687,93.2172573696039,44.02107337862253
1664562881000,40.91339641488004,-73.1325785590543,98.13780682816072,44.003907814621925
1664562882000,40.913430266120585,-73.13257682144003,27.171027625447948,45.63405993953347
1664562884000,40.913430266120585,-73.13257682144003,31.22756063181492,45.63405993953347
1664562886000,40.913430266120585,-73.13257682144003,29.025905802385747,45.63405993953347
1664562888000,40.913430266120585,-73.13257682144003,27.921755457891166,45.63405993953347
1664562890000,40.913430266120585,-73.13257682144003,27.420520611746834,45.63405993953347
1664562892000,40.913430266120585,-73.13257682144003,28.39551113874549,45.63405993953347
1664562894000,40.913430266120585,-73.13257682144003,29.76661227127853,45.63405993953347
1664562896000,40.913430266120585,-73.13257682144003,32.40931349034898,45.63405993953347
1664562898000,40.913427520116095,-73.13251637703841,19.833476942322363,44.04604751523584
1664562899000,40.91342827080872,-73.13251795894564,21.45818304801761,44.09857785794884
1664562900000,40.913429236653066,-73.13251972960268,25.108652416201274,44.139583862386644
1664562901000,40.91343027655046,-73.13252172227068,30.60559443201776,44.169683947227895
1664562902000,40.91343125318774,-73.13252342802468,36.53654024656356,44.18578956462443
1664562903000,40.91343385170927,-73.1325336392012,41.411060217958784,44.19335759244859
1664562904000,40.913435665884826,-73.1325402645806,47.530332281162025,44.1823496427387
1664562905000,40.91343722170893,-73.13254451955993,56.17697473933812,44.166563250124454
1664562906000,40.91343849403825,-73.13254799897447,63.64775712159885,44.1444904403761
1664562907000,40.913439838199054,-73.13255129374132,71.5307278138096,44.12877158820629
1664562908000,40.91344102413095,-73.13255448410783,78.95663353925164,44.112764755263925
1664562909000,40.91344214096842,-73.1325581463789,86.83775394650316,44.09545508399606
1664562910000,40.91344341026428,-73.13256226931799,96.10173868980165,44.076731140725315
1664562911000,40.913430266120585,-73.13257682144003,36.077352650435266,45.63405993953347
1664562913000,40.913430266120585,-73.13257682144003,37.986642226420884,45.63405993953347
1664562915000,40.913430266120585,-73.13257682144003,36.33352785586587,45.63405993953347
1664562917000,40.913430266120585,-73.13257682144003,34.128301241555704,45.63405993953347
1664562919000,40.913430266120585,-73.13257682144003,38.22909292968343,45.63405993953347
1664562921000,40.913430266120585,-73.13257682144003,40.559428716764366,45.63405993953347
1664562923000,40.913430266120585,-73.13257682144003,47.630715860611126,45.63405993953347
1664562925000,40.913430266120585,-73.13257682144003,43.90964500634818,45.63405993953347
1664562927000,40.913430266120585,-73.13257682144003,40.247430134690326,45.63405993953347
1664562929000,40.913430266120585,-73.13257682144003,41.36700889852525,45.63405993953347
1664562931000,40.913430266120585,-73.13257682144003,40.76604034306688,45.63405993953347
1664562933000,40.913430266120585,-73.13257682144003,38.38158483582681,45.63405993953347
1664562935000,40.913430266120585,-73.13257682144003,46.20205193062761,45.63405993953347
1664562937000,40.913430266120585,-73.13257682144003,36.40985234343247,45.63405993953347
1664562939000,40.913430266120585,-73.13257682144003,25.41286983757318,45.63405993953347
1664562941000,40.913430266120585,-73.13257682144003,22.64978268022641,45.63405993953347
1664562943000,40.913430266120585,-73.13257682144003,24.11457268000896,45.63405993953347
1664562945000,40.913430266120585,-73.13257682144003,27.879415361388613,45.63405993953347
1664562947000,40.913430266120585,-73.13257682144003,31.46674033372873,45.63405993953347
1664562949000,40.913430266120585,-73.13257682144003,29.930237391141567,45.63405993953347
1664562951000,40.913430266120585,-73.13257682144003,28.974489144531482,45.63405993953347
1664562953000,40.913430266120585,-73.13257682144003,28.264239668169562,45.63405993953347
1664562955000,40.913430266120585,-73.13257682144003,31.290153646007308,45.63405993953347
1664562957000,40.913430266120585,-73.13257682144003,35.084608792281685,45.63405993953347
1664562959000,40.913430266120585,-73.13257682144003,40.69245205192074,45.63405993953347
1664562961000,40.91341513552531,-73.13252268729185,28.314700174095485,43.9591147582978
1664562962000,40.91341980297271,-73.13253010906277,17.53905669241238,44.068593374453485
1664562963000,40.913419644868966,-73.13252279385685,21.605826725281823,44.10134444385767
1664562964000,40.91341816878501,-73.132519710524,25.19615797465119,44.13019159715623
1664562965000,40.913414172193306,-73.13251171753562,31.038998704824262,44.15919673256576
1664562966000,40.913412717374236,-73.13250497045574,38.70645585284165,44.191724237054586
1664562967000,40.91341152419959,-73.13250088697617,43.92269705005444,44.21405895706266
1664562968000,40.913413824401786,-73.13249186726777,51.16995913704589,44.23996043950319
1664562969000,40.91344656416201,-73.1325221804013,56.66072478169865,44.25758150499314
1664562970000,40.91344572844359,-73.13251670474229,62.27262655279139,44.238422392867506
1664562971000,40.91344562377867,-73.13252259189214,69.90459775881256,44.23560373391956
1664562972000,40.91345244752862,-73.13253597517082,75.11374639092693,44.2269919719547
1664562973000,40.91345366126349,-73.13253275015366,82.50803521662478,44.20790467504412
1664562974000,40.91345300631674,-73.1325245007557,89.20180054709076,44.191502414643764
1664562975000,40.91345579722779,-73.1325248261847,96.21035447490179,44.182595355436206
1664562976000,40.913430266120585,-73.13257682144003,24.15567182310176,45.63405993953347
1664562978000,40.913430266120585,-73.13257682144003,29.783791180960566,45.63405993953347
1664562980000,40.913430266120585,-73.13257682144003,24.383080025678723,45.63405993953347
1664562981000,40.91330822474434,-73.13263869530887,99.56104454698993,43.92687873262912
1664562982000,40.913430266120585,-73.13257682144003,23.27963194581292,45.63405993953347
1664562984000,40.913430266120585,-73.13257682144003,26.982803661630083,45.63405993953347
1664562986000,40.913430266120585,-73.13257682144003,27.06649644786769,45.63405993953347
1664562988000,40.913430266120585,-73.13257682144003,31.376473487776483,45.63405993953347
1664562990000,40.913430266120585,-73.13257682144003,37.8135077771532,45.63405993953347
1664562992000,40.91342177916307,-73.13256065687256,27.345342448225075,43.95145374443382
1664562993000,40.91342528476917,-73.13256621682483,29.36174537630115,43.97308945469558
1664562994000,40.91342508221562,-73.13256318440847,32.483708118952364,43.986839045770466
1664562995000,40.9134230397633,-73.13254275274457,35.60863290848965,43.998041883111
1664562996000,40.913421806721836,-73.13252670232862,40.21851579997681,44.030496696941555
1664562997000,40.91342457629977,-73.13251009311682,44.450405158353405,44.07282607257366
1664562998000,40.913440959210384,-73.13252207740733,48.16147247518338,44.12736898753792
1664562999000,40.91344120796171,-73.13252332686368,52.630089444938335,44.1547755273059
1664563000000,40.91344785359465,-73.13255440573279,57.8179836324287,44.174313105642796
1664563000999,40.91346317293768,-73.13263813066119,57.399444761813136,44.15218927524984
1664563001999,40.913461809923106,-73.1326408379707,63.794506394068804,44.07035683374852
1664563002999,40.913523629223256,-73.13263232718718,64.68022618050206,43.997323024086654
1664563003999,40.91352271281089,-73.13261437387727,69.3790266041269,43.931548830121756
1664563004999,40.913524916994824,-73.1326057860026,72.96292086280091,43.894469059072435
1664563005999,40.91353470674396,-73.13261247922188,79.74554709840957,43.86017536278814
1664563006999,40.91353259347981,-73.13260151091889,84.58302667351063,43.83481279946864
1664563007999,40.913539276201895,-73.1325956429971,92.40422740444576,43.81316765677184
1664563008999,40.913549914864944,-73.1326011083336,98.81213404303577,43.80998155940324
1664563009999,40.913430266120585,-73.13257682144003,21.554295489608375,45.63405993953347
1664563011999,40.913430266120585,-73.13257682144003,22.901396503562683,45.63405993953347
1664563014000,40.913430266120585,-73.13257682144003,24.076319410945835,45.63405993953347
1664563016000,40.913430266120585,-73.13257682144003,24.230509409936456,45.63405993953347
1664563018000,40.913430266120585,-73.13257682144003,24.994565272541735,45.63405993953347
1664563020000,40.913430266120585,-73.13257682144003,23.321912304692834,45.63405993953347
1664563022000,40.913431838477685,-73.1325566572094,20.399801564437645,44.033769390545785
1664563023000,40.91342661619996,-73.13253954264572,23.0035068117812,44.043116237036884
1664563024000,40.91343068432045,-73.1325282455037,25.35913868568019,44.06840563099831
1664563025000,40.91343505311958,-73.132536140259,30.11964055061688,44.102347486652434
1664563026000,40.91345895161641,-73.13251433920604,34.06931587683392,44.121393628418446
1664563027000,40.91348605061911,-73.13249413644093,37.17080302393467,44.156646175310016
1664563028000,40.913500787823246,-73.13249472149022,41.38528189308385,44.19895025994629
1664563029000,40.91356952497512,-73.13256304404379,44.95403374262772,44.23102481290698
1664563030000,40.91360556575203,-73.1325956205846,50.27637943484634,44.180972419679165
1664563031000,40.913619735516285,-73.13259995018122,54.974529776132535,44.09751420468092
1664563032000,40.913700950409684,-73.13257213999114,57.984832369790794,44.038891499862075
1664563033000,40.913706338104284,-73.13257434564241,63.812157463332824,44.010381896048784
1664563034000,40.91372820586006,-73.13257866528542,69.33588461609011,43.98889033310115
1664563035000,40.9137504789707,-73.13258327176605,75.8000272739005,43.967050306499004
1664563036000,40.91365143578947,-73.1326161470581,68.12451738193681,43.95041415467858
1664563037000,40.91363851037636,-73.1325598994978,63.9013099183497,43.90014187898487
1664563038000,40.91358642929924,-73.13255152975661,57.81358206664269,43.936676159501076
1664563039000,40.91361053384522,-73.13252522318412,56.034453015798874,43.972105286084116
1664563040000,40.91358508668381,-73.13257620362809,53.11173905443612,44.0477155521512
1664563041000,40.91360849879977,-73.13258278002543,50.2106691726321,44.01765403710306
1664563042000,40.91362875417438,-73.13259177464593,53.37070583389823,43.97930936794728
1664563043000,40.91364010385311,-73.13260692646381,53.82794367190869,43.95125295128673
1664563044000,40.9136361350633,-73.1325862704489,54.902480338360675,43.915398127399385
1664563045000,40.913638376273354,-73.13258809227152,55.61239949371919,43.90633393358439
1664563046000,40.91366464714247,-73.13262321797292,58.68027416685591,43.90520167443901
1664563047000,40.913730779208,-73.13259723322999,59.45825350196223,43.871440298855305
1664563048000,40.91373744399175,-73.13259921581223,63.18473571449953,43.86199638154358
1664563049000,40.913711931874865,-73.13262709219494,64.34860754727579,43.849638203158975
1664563050000,40.91372946178607,-73.13263171875734,67.76683887278422,43.823789458721876
1664563051000,40.91374735894699,-73.1325921682744,68.1080123833931,43.79644627775997
1664563052000,40.91373658814187,-73.13257326373939,70.43230207625442,43.803777266293764
1664563053000,40.91345124357809,-73.13255115044554,24.976292996072726,43.83052926696837
1664563054000,40.91342453689056,-73.13254385120412,16.876585063298954,44.016132816672325
1664563055000,40.91341615328263,-73.13254121785624,18.962924903171665,44.04382340516895
1664563056000,40.913397822541405,-73.13254131622703,22.033196026808422,44.07095942646265
1664563057000,40.91340166538387,-73.13253910635227,23.887677877612415,44.097579983994365
1664563058000,40.91339256806399,-73.13253943222809,27.920980524665445,44.11186120007187
1664563059000,40.91336283679219,-73.13252925384353,31.401358538891582,44.11619560606778
1664563060000,40.91334979471018,-73.13252759576314,36.5993189889151,44.13475618045777
1664563061000,40.91333997149986,-73.13251849626532,38.54308214225469,44.14354879967868
1664563062000,40.9133682661469,-73.13251108439984,41.20411006427714,44.16808207798749
1664563063000,40.9133625023319,-73.13250638836467,45.917584894051075,44.189722129143775
1664563064000,40.913356962320904,-73.13251016313872,48.222986396167414,44.20918609946966
1664563065000,40.913351840381345,-73.1324993048388,53.19091908759407,44.21993814595044
1664563066000,40.913397335170586,-73.13250882867253,53.697156297696694,44.24152433965355
1664563067000,40.91338924586346,-73.13250524454507,58.92708562890313,44.241162626072764
1664563068000,40.9134104407122,-73.13248039099643,58.91188029957192,44.24327384401113
1664563069000,40.913441103186024,-73.1324297088486,61.245539133691274,44.248535647057
1664563070000,40.913495522304274,-73.13242166762689,65.61440868280347,44.25359738711268
1664563071000,40.913509171036736,-73.13241866685833,69.27928663758377,44.25463959388435
1664563072000,40.91348940758865,-73.1324529367068,70.62802873729879,44.25664721895009
1664563073000,40.91348880395219,-73.13245213507972,75.36960530878196,44.257255686447024
1664563074000,40.913490239889086,-73.13245233160744,80.40198117826417,44.257631660439074
1664563075000,40.91355642584413,-73.13242470400051,84.11229649504718,44.25605209823698
1664563076000,40.91362037059217,-73.13238818859256,89.78257617054393,44.25614120904356
1664563077000,40.91363980842021,-73.13237586479767,96.21649500909523,44.25524631328881
1664563078000,40.9136481136436,-73.1323724292272,99.83443284072719,44.25175137910992
1664563079000,40.913430266120585,-73.13257682144003,23.07838127067162,45.63405993953347
1664563081000,40.913430266120585,-73.13257682144003,23.094918489135928,45.63405993953347
1664563082999,40.913572188250996,-73.13228900465693,99.30764964406842,43.960814953781664
1664563083999,40.913432484962534,-73.1325045771294,28.930679563582338,43.97017245832831
1664563084999,40.91342942108269,-73.13251472621776,32.07299497396712,44.04448403790593
1664563085999,40.91341833198701,-73.13253416093173,35.9420926388748,44.08587676938623
1664563086999,40.91341395578764,-73.13254572728086,40.96973568848353,44.09479836001992
1664563087999,40.91341685379041,-73.13254173079123,45.153624403623226,44.0892419051379
1664563088999,40.91340195369025,-73.1325460704727,49.25380082871522,44.089397008530796
1664563089999,40.91337391386774,-73.13253646463592,53.4244321858173,44.086076392792165
1664563090999,40.91337780766072,-73.13248537546627,53.74618329500791,44.09523626603186
1664563091999,40.91338021358989,-73.13246474145943,58.05565279461831,44.14320177398622
1664563092999,40.91338489479912,-73.13244247316658,62.97526698605445,44.18129957281053
1664563093999,40.91339839635297,-73.13242173557809,67.91481939916572,44.208125040866435
1664563094999,40.91339739245243,-73.13240742185077,73.60685252223213,44.22926940117031
1664563095999,40.913399878242004,-73.13239765525735,79.18562821032347,44.245167256332934
1664563096999,40.913397776925656,-73.13239105820863,86.23404485128242,44.2571534384042
1664563097999,40.91339587350977,-73.13238517226674,92.85609407482949,44.26395846530795
1664563098999,40.91339426589896,-73.13237996292806,98.87644873233643,44.26599096041173
1664563099999,40.913430266120585,-73.13257682144003,27.07760473292275,45.63405993953347
1664563101999,40.913430266120585,-73.13257682144003,27.138548412936448,45.63405993953347
1664563103999,40.913430266120585,-73.13257682144003,25.486143569533617,45.63405993953347
1664563105999,40.913430266120585,-73.13257682144003,23.43189996633227,45.63405993953347
1664563107999,40.913430266120585,-73.13257682144003,23.81181257821222,45.63405993953347
1664563109999,40.913430266120585,-73.13257682144003,23.443699942880748,45.63405993953347
1664563111999,40.913430266120585,-73.13257682144003,28.57437813024444,45.63405993953347
1664563113999,40.913430266120585,-73.13257682144003,33.568424273421826,45.63405993953347
1664563115999,40.913430266120585,-73.13257682144003,38.625359638665046,45.63405993953347
1664563117999,40.913430266120585,-73.13257682144003,30.147839086381303,45.63405993953347
1664563119999,40.913430266120585,-73.13257682144003,25.51241525845375,45.63405993953347
1664563121999,40.913430266120585,-73.13257682144003,23.64491749997782,45.63405993953347
1664563123999,40.913430266120585,-73.13257682144003,24.017826327424338,45.63405993953347
1664563125999,40.913430266120585,-73.13257682144003,29.76495434013638,45.63405993953347
1664563127999,40.913430266120585,-73.13257682144003,29.990099313668047,45.63405993953347
1664563129999,40.913430266120585,-73.13257682144003,37.18734673392889,45.63405993953347
1664563131999,40.913430266120585,-73.13257682144003,39.087385273170845,45.63405993953347
1664563133999,40.913430266120585,-73.13257682144003,34.81592467229829,45.63405993953347
1664563135999,40.913430266120585,-73.13257682144003,36.30090876385759,45.63405993953347
1664563137999,40.913430266120585,-73.13257682144003,37.6656263007633,45.63405993953347
1664563140000,40.913430266120585,-73.13257682144003,35.906780259148555,45.63405993953347
1664563142000,40.913430266120585,-73.13257682144003,36.12008433535628,45.63405993953347
1664563144000,40.913430266120585,-73.13257682144003,31.63246019465597,45.63405993953347
1664563145000,40.91341856662064,-73.13253105896798,30.31938183180461,43.95750930253416
1664563146000,40.913415970938544,-73.13253268815713,34.1459907399254,44.01129840966314
1664563147000,40.91341346577611,-73.13253427292736,39.157885005849174,44.05211937427521
1664563148000,40.913410622895285,-73.13253608873224,46.01996588034701,44.08391364663839
1664563149000,40.91341213486135,-73.13248146358815,47.20048013406509,44.10561652481556
1664563150000,40.913410753718416,-73.13248002649807,53.07002867977218,44.16164183150977
1664563151000,40.913406969693575,-73.13244292845535,58.77849638141803,44.20525363832712
1664563152000,40.913404742639614,-73.1324376872118,65.74363857582799,44.23529195133597
1664563153000,40.91340213432599,-73.13243151493387,74.36232790104202,44.26039261743426
1664563154000,40.9134090846815,-73.13243348668345,80.83903420341915,44.273779068142176
1664563155000,40.913396955077445,-73.13242119539728,88.52532005082239,44.285806223750114
1664563156000,40.91337985844439,-73.13240405756495,95.93717576388606,44.294469783082604
1664563157000,40.913430266120585,-73.13257682144003,36.93137850027054,45.63405993953347
1664563159000,40.913430266120585,-73.13257682144003,39.84615634654224,45.63405993953347
1664563161000,40.913430266120585,-73.13257682144003,43.75721326508709,45.63405993953347
1664563163000,40.913430266120585,-73.13257682144003,50.66792087718519,45.63405993953347
1664563165000,40.913430266120585,-73.13257682144003,49.167100926314106,45.63405993953347
1664563167000,40.913430266120585,-73.13257682144003,51.49137798696726,45.63405993953347
1664563169000,40.913430266120585,-73.13257682144003,50.78827752330693,45.63405993953347
1664563171000,40.913430266120585,-73.13257682144003,53.27502342823059,45.63405993953347
1664563173000,40.913430266120585,-73.13257682144003,58.61044082038721,45.63405993953347
1664563175000,40.913430266120585,-73.13257682144003,86.47720853661421,45.63405993953347
1664563176000,40.913417517021145,-73.1325278174795,28.89231841507459,43.94919369276613
1664563177000,40.91342315819705,-73.1325221575664,17.777846686295653,44.07917807903141
1664563178000,40.91342410192981,-73.13252601373969,21.38292930985054,44.12187562789768
1664563179000,40.913425224850904,-73.13253058183467,27.48022718829687,44.149205536581576
1664563180000,40.91342604304763,-73.13253390466231,32.68847708006147,44.15537152066827
1664563181000,40.91342700424297,-73.13253780922105,39.35888785141894,44.156329109333456
1664563182000,40.913430266120585,-73.13257682144003,115.50178762509512,45.63405993953347
1664563184000,40.913430266120585,-73.13257682144003,146.06174867527727,45.63405993953347
1664563186000,40.913430266120585,-73.13257682144003,132.31196819754604,45.63405993953347
1664563188000,40.913430266120585,-73.13257682144003,163.15454023716853,45.63405993953347
1664563189999,40.91343026612046,-73.13257682144,200.0,45.63405990600586
1664563190999,40.913430266120585,-73.13257682144003,166.53609670334578,45.63405993953347
1664563191999,40.913430266120386,-73.13257682144003,145.1199979252361,45.63405990600586
1664563192999,40.913430266120585,-73.13257682144003,145.1199979252361,45.63405993953347
1664563194999,40.913430266120585,-73.13257682144003,145.68117476423996,45.63405993953347
1664563196999,40.913430266120585,-73.13257682144003,183.78144500095172,45.63405993953347
1664563198999,40.913430266120585,-73.13257682144003,134.622670259292,45.63405993953347
1664563200999,40.913430266120585,-73.13257682144003,118.09661413683611,45.63405993953347
1664563202999,40.913430266120585,-73.13257682144003,97.45717337933738,45.63405993953347
1664563204999,40.913430266120585,-73.13257682144003,116.72286542994648,45.63405993953347
1664563206999,40.913430266120585,-73.13257682144003,135.80801392903163,45.63405993953347
1664563208999,40.913430266120585,-73.13257682144003,153.33119853519514,45.63405993953347
1664563210999,40.913430266120585,-73.13257682144003,134.82428666158614,45.63405993953347
1664563212999,40.913430266120585,-73.13257682144003,164.14869100412733,45.63405993953347
1664563214999,40.913414543616604,-73.13252645049639,79.37871866829619,43.95671424642205
1664563215999,40.91341418813727,-73.13252598669249,86.48162823300702,43.995667926967144
1664563216999,40.913413635872196,-73.13252526620965,97.92764258970905,44.034926718100905
1664563217999,40.913430266120585,-73.13257682144003,101.17894665713762,45.63405993953347
1664563219999,40.913430266120585,-73.13257682144003,70.05754562732666,45.63405993953347
1664563221999,40.913430266120585,-73.13257682144003,72.08539785573849,45.63405993953347
1664563223999,40.913430266120585,-73.13257682144003,74.81839884755084,45.63405993953347
1664563225999,40.913430266120585,-73.13257682144003,96.81905966832973,45.63405993953347
1664563227999,40.913430266120585,-73.13257682144003,97.22939487165536,45.63405993953347
1664563229999,40.913430266120585,-73.13257682144003,101.95466237607015,45.63405993953347
1664563231999,40.913430266120585,-73.13257682144003,69.13972330847605,45.63405993953347
1664563233999,40.913430266120585,-73.13257682144003,62.07154800102746,45.63405993953347
1664563235999,40.913430266120585,-73.13257682144003,73.05328999513443,45.63405993953347
1664563237999,40.913430266120585,-73.13257682144003,91.50703373771519,45.63405993953347
1664563239999,40.913430266120585,-73.13257682144003,100.39851877662063,45.63405993953347
1664563241999,40.913430266120585,-73.13257682144003,110.97555162049802,45.63405993953347
1664563243999,40.913430266120585,-73.13257682144003,122.87419486646635,45.63405993953347
1664563245999,40.913430266120585,-73.13257682144003,154.94807764196054,45.63405993953347
1664563247999,40.913430266120486,-73.13257682144,200.0,45.63405990600586
1664563248999,40.913430266120585,-73.13257682144003,212.65283860053663,45.63405993953347
1664563250999,40.913430266120585,-73.13257682144003,217.27815823121293,45.63405993953347
1664563252999,40.913430266120464,-73.13257682144,219.96858259797375,45.63405990600586
1664563253999,40.913430266120585,-73.13257682144003,219.96858259797375,45.63405993953347
1664563255999,40.91343026612048,-73.13257682144,209.34877323690122,45.63405990600586
1664563256999,40.91343026612043,-73.13257682144,209.3884882669105,45.63405990600586
1664563257999,40.913430266120585,-73.13257682144003,221.133191230315,45.63405993953347
1664563259999,40.91343026612047,-73.13257682144,200.0,45.63405990600586
1664563260999,40.913430266120585,-73.13257682144003,190.1363056301728,45.63405993953347
1664563262999,40.913430266120585,-73.13257682144003,122.39608716638958,45.63405993953347
1664563264999,40.913430266120585,-73.13257682144003,130.64592294071053,45.63405993953347
1664563266000,40.913430266120585,-73.13257682144003,143.2868183818165,45.63405993953347
1664563268000,40.91341648013202,-73.13252067987347,28.861879243232135,43.9579503480345
1664563269000,40.913417164311596,-73.13252722752841,31.158034032871992,44.031393034383655
1664563270000,40.913417164311596,-73.13252722752841,28.56788470084311,44.031393034383655
1664563272000,40.913417164311596,-73.13252722752841,28.561639395292843,44.031393034383655
1664563274000,40.913417164311596,-73.13252722752841,28.31999743363417,44.031393034383655
1664563275022,40.913417164311596,-73.13252722752841,28.324983738014158,44.031393034383655
1664563277020,40.913417164311596,-73.13252722752841,28.40906208217553,44.031393034383655
1664563279019,40.913417164311596,-73.13252722752841,28.471988669849708,44.031393034383655
1664563280022,40.913417164311596,-73.13252722752841,28.499757829561414,44.031393034383655
1664563282000,40.913417164311596,-73.13252722752841,16.44762735338009,44.031393034383655
1664563284000,40.913417164311596,-73.13252722752841,16.56973433374135,44.031393034383655
1664563286000,40.913417164311596,-73.13252722752841,16.69304095945325,44.031393034383655
1664563288000,40.913417164311596,-73.13252722752841,16.8079174053492,44.031393034383655
1664563290000,40.913417164311596,-73.13252722752841,16.706669284231335,44.031393034383655
1664563292000,40.913417164311596,-73.13252722752841,14.325552491576635,44.031393034383655
1664563294000,40.913417164311596,-73.13252722752841,11.758127298723098,44.031393034383655
1664563296000,40.913417164311596,-73.13252722752841,11.884909466458133,44.031393034383655
1664563298000,40.913417164311596,-73.13252722752841,12.049977371640773,44.031393034383655
1664563300000,40.913417164311596,-73.13252722752841,11.321037258792268,44.031393034383655
1664563302000,40.913417164311596,-73.13252722752841,11.491678075860406,44.031393034383655
1664563304000,40.913417164311596,-73.13252722752841,11.666656537051907,44.031393034383655
1664563305999,40.913417164311596,-73.13252722752841,11.836769107275757,44.031393034383655
1664563307999,40.913417164311596,-73.13252722752841,12.004690184417688,44.031393034383655
1664563309999,40.913417164311596,-73.13252722752841,12.142259705988161,44.031393034383655
1664563311999,40.913417164311596,-73.13252722752841,10.559552176590172,44.031393034383655
1664563313999,40.913417164311596,-73.13252722752841,10.807261977491114,44.031393034383655
1664563315999,40.913417164311596,-73.13252722752841,10.987283237130022,44.031393034383655
1664563317999,40.913417164311596,-73.13252722752841,11.174733460689966,44.031393034383655
1664563319999,40.913417164311596,-73.13252722752841,11.350156382351368,44.031393034383655
1664563321999,40.913417164311596,-73.13252722752841,11.525663356785417,44.031393034383655
1664563323999,40.913417164311596,-73.13252722752841,11.717671875423472,44.031393034383655
1664563325999,40.913417164311596,-73.13252722752841,11.870974951218656,44.031393034383655
1664563327999,40.913417164311596,-73.13252722752841,12.048222575491426,44.031393034383655
1664563329999,40.913417164311596,-73.13252722752841,10.335730966559328,44.031393034383655
1664563331999,40.913417164311596,-73.13252722752841,10.53510827404598,44.031393034383655
1664563333999,40.913417164311596,-73.13252722752841,10.738944936395464,44.031393034383655
1664563335999,40.913417164311596,-73.13252722752841,10.906140921286893,44.031393034383655
1664563337999,40.913417164311596,-73.13252722752841,11.054651814803082,44.031393034383655
1664563339999,40.913417164311596,-73.13252722752841,11.255580571517424,44.031393034383655
1664563341999,40.913417164311596,-73.13252722752841,11.402370142201947,44.031393034383655
1664563343999,40.913417164311596,-73.13252722752841,11.588047802378705,44.031393034383655
1664563345999,40.913417164311596,-73.13252722752841,11.845696835859284,44.031393034383655
1664563347999,40.913417164311596,-73.13252722752841,11.93050901444955,44.031393034383655
1664563349999,40.913417164311596,-73.13252722752841,12.17014358933495,44.031393034383655
1664563351999,40.913417164311596,-73.13252722752841,12.311881986411922,44.031393034383655
1664563353999,40.913417164311596,-73.13252722752841,12.491609484734491,44.031393034383655
1664563355999,40.913417164311596,-73.13252722752841,12.597585443616394,44.031393034383655
1664563357999,40.913417164311596,-73.13252722752841,12.787918659285799,44.031393034383655
1664563359999,40.913417164311596,-73.13252722752841,12.96406016853336,44.031393034383655
1664563361999,40.913417164311596,-73.13252722752841,13.074312576152142,44.031393034383655
1664563363999,40.913417164311596,-73.13252722752841,13.307037642512062,44.031393034383655
1664563365999,40.913417164311596,-73.13252722752841,13.458021153980368,44.031393034383655
1664563367999,40.913417164311596,-73.13252722752841,13.585583543758236,44.031393034383655
1664563369999,40.913417164311596,-73.13252722752841,13.73717674180034,44.031393034383655
1664563371999,40.913417164311596,-73.13252722752841,13.872890033821943,44.031393034383655
1664563373999,40.913417164311596,-73.13252722752841,14.010915394814141,44.031393034383655
1664563375999,40.913417164311596,-73.13252722752841,14.163588886457894,44.031393034383655
1664563377999,40.913417164311596,-73.13252722752841,14.303871300050067,44.031393034383655
1664563379999,40.913417164311596,-73.13252722752841,14.512694978657107,44.031393034383655
1664563380999,40.91343085285361,-73.13257522887842,51.53428745354633,45.19527816772461
1664563381999,40.913417164311596,-73.13252722752841,14.678481027693595,44.031393034383655
1664563383999,40.913417164311596,-73.13252722752841,14.812063070293359,44.031393034383655
1664563385999,40.913417164311596,-73.13252722752841,14.929468287369822,44.031393034383655
1664563387999,40.913417164311596,-73.13252722752841,15.038346762783506,44.031393034383655
1664563389999,40.913417164311596,-73.13252722752841,15.199835749128898,44.031393034383655
1664563392000,40.913417164311596,-73.13252722752841,13.574032246559762,44.031393034383655
1664563394000,40.913417164311596,-73.13252722752841,11.394680246947013,44.031393034383655
1664563396000,40.913417164311596,-73.13252722752841,11.572633756574248,44.031393034383655
1664563398000,40.913417164311596,-73.13252722752841,11.726736255969863,44.031393034383655
1664563400000,40.913417164311596,-73.13252722752841,11.886804641336163,44.031393034383655
1664563402000,40.913417164311596,-73.13252722752841,12.061737225835177,44.031393034383655
1664563404000,40.913417164311596,-73.13252722752841,12.195118409205817,44.031393034383655
1664563406000,40.913417164311596,-73.13252722752841,12.426296803781081,44.031393034383655
1664563408000,40.913417164311596,-73.13252722752841,12.576200686892976,44.031393034383655
1664563410000,40.913417164311596,-73.13252722752841,12.701769707016473,44.031393034383655
1664563412000,40.913417164311596,-73.13252722752841,12.857743657989515,44.031393034383655
1664563414000,40.913417164311596,-73.13252722752841,13.017426686520563,44.031393034383655
1664563416000,40.913417164311596,-73.13252722752841,13.164799969405374,44.031393034383655
1664563418000,40.913417164311596,-73.13252722752841,13.31628375220738,44.031393034383655
1664563420000,40.913417164311596,-73.13252722752841,13.486783176663975,44.031393034383655
1664563422000,40.913417164311596,-73.13252722752841,12.337297202093703,44.031393034383655
1664563424000,40.913417164311596,-73.13252722752841,12.41247784473457,44.031393034383655
1664563425999,40.913417164311596,-73.13252722752841,12.51731793597283,44.031393034383655
1664563427999,40.913417164311596,-73.13252722752841,12.61711254548895,44.031393034383655
1664563429999,40.913417164311596,-73.13252722752841,12.742818334167064,44.031393034383655
1664563431999,40.913417164311596,-73.13252722752841,12.794313518841301,44.031393034383655
1664563433999,40.913417164311596,-73.13252722752841,12.90046388925176,44.031393034383655
1664563435999,40.913417164311596,-73.13252722752841,13.03004197481968,44.031393034383655
1664563437999,40.913417164311596,-73.13252722752841,13.140112498781036,44.031393034383655
1664563439999,40.913417164311596,-73.13252722752841,13.212042529307832,44.031393034383655
1664563441999,40.913417164311596,-73.13252722752841,13.282695764634086,44.031393034383655
1664563443999,40.913417164311596,-73.13252722752841,13.354990367902147,44.031393034383655
1664563445999,40.913417164311596,-73.13252722752841,13.441881328051656,44.031393034383655
1664563447999,40.913417164311596,-73.13252722752841,13.465187122024904,44.031393034383655
1664563449999,40.913417164311596,-73.13252722752841,13.55690136177919,44.031393034383655
1664563451999,40.913417164311596,-73.13252722752841,13.54248220988485,44.031393034383655
1664563453999,40.913417164311596,-73.13252722752841,13.630193294784535,44.031393034383655
1664563455999,40.913417164311596,-73.13252722752841,13.646979347397055,44.031393034383655
1664563457999,40.913417164311596,-73.13252722752841,13.673529459870748,44.031393034383655
1664563459999,40.913417164311596,-73.13252722752841,13.72795925816787,44.031393034383655
1664563461999,40.913417164311596,-73.13252722752841,13.841626895398864,44.031393034383655
1664563463999,40.913417164311596,-73.13252722752841,13.86635798939708,44.031393034383655
1664563465999,40.913417164311596,-73.13252722752841,13.890254273757487,44.031393034383655
1664563467999,40.913417164311596,-73.13252722752841,13.916499537292097,44.031393034383655
1664563469999,40.913417164311596,-73.13252722752841,14.042100131772704,44.031393034383655
1664563471999,40.913417164311596,-73.13252722752841,13.970035999157762,44.031393034383655
1664563473999,40.913417164311596,-73.13252722752841,14.038689152411541,44.031393034383655
1664563475999,40.913417164311596,-73.13252722752841,14.126804840246017,44.031393034383655
1664563477999,40.913417164311596,-73.13252722752841,14.176606468704986,44.031393034383655
1664563479999,40.913417164311596,-73.13252722752841,14.284665671777399,44.031393034383655
1664563481999,40.913417164311596,-73.13252722752841,14.356525788785973,44.031393034383655
1664563483999,40.913417164311596,-73.13252722752841,14.30050265083504,44.031393034383655
1664563485999,40.913417164311596,-73.13252722752841,10.673315243829654,44.031393034383655
1664563487999,40.913417164311596,-73.13252722752841,10.781299269535765,44.031393034383655
1664563489999,40.913417164311596,-73.13252722752841,10.929714916267523,44.031393034383655
1664563491999,40.913417164311596,-73.13252722752841,11.055947072302374,44.031393034383655
1664563493999,40.913417164311596,-73.13252722752841,11.177430735371699,44.031393034383655
1664563495999,40.913417164311596,-73.13252722752841,11.405258974409879,44.031393034383655
1664563497999,40.913417164311596,-73.13252722752841,11.54746723854176,44.031393034383655
1664563499999,40.913417164311596,-73.13252722752841,11.69576887726394,44.031393034383655
1664563501999,40.913417164311596,-73.13252722752841,11.822991157169104,44.031393034383655
1664563503999,40.913417164311596,-73.13252722752841,11.963480962857233,44.031393034383655
1664563505999,40.913417164311596,-73.13252722752841,12.117405199567102,44.031393034383655
1664563507999,40.913417164311596,-73.13252722752841,12.350983996905956,44.031393034383655
1664563509999,40.913417164311596,-73.13252722752841,12.478474045219372,44.031393034383655
1664563511999,40.913417164311596,-73.13252722752841,12.51886610624,44.031393034383655
1664563513999,40.913417164311596,-73.13252722752841,12.727978875195166,44.031393034383655
1664563515999,40.913417164311596,-73.13252722752841,11.719184138739163,44.031393034383655
1664563518000,40.913417164311596,-73.13252722752841,11.856711015751445,44.031393034383655
1664563520000,40.913417164311596,-73.13252722752841,12.023892177971184,44.031393034383655
1664563522000,40.913417164311596,-73.13252722752841,12.217923505692308,44.031393034383655
1664563524000,40.913417164311596,-73.13252722752841,12.393073387717061,44.031393034383655
1664563526000,40.913417164311596,-73.13252722752841,12.516794448742047,44.031393034383655
1664563528000,40.913417164311596,-73.13252722752841,12.675606933928135,44.031393034383655
1664563530000,40.913417164311596,-73.13252722752841,12.848781902109552,44.031393034383655
1664563532000,40.913417164311596,-73.13252722752841,12.959913778203349,44.031393034383655
1664563534000,40.913417164311596,-73.13252722752841,13.12586043192463,44.031393034383655
1664563536000,40.913417164311596,-73.13252722752841,13.329119600056083,44.031393034383655
1664563538000,40.913417164311596,-73.13252722752841,13.49714455790375,44.031393034383655
1664563540000,40.913417164311596,-73.13252722752841,13.659274003606031,44.031393034383655
1664563542000,40.913417164311596,-73.13252722752841,13.766360017923926,44.031393034383655
1664563544000,40.913417164311596,-73.13252722752841,36.7299108138558,44.031393034383655
1664563546000,40.913417164311596,-73.13252722752841,11.563554959147156,44.031393034383655
1664563547999,40.913417164311596,-73.13252722752841,11.723704682062039,44.031393034383655
1664563549999,40.913417164311596,-73.13252722752841,11.926407829329454,44.031393034383655
1664563551999,40.913417164311596,-73.13252722752841,12.119780548528075,44.031393034383655
1664563553999,40.913417164311596,-73.13252722752841,12.285993643746096,44.031393034383655
1664563555999,40.913417164311596,-73.13252722752841,12.446551211217663,44.031393034383655
1664563557999,40.913417164311596,-73.13252722752841,12.61916387426321,44.031393034383655
1664563559999,40.913417164311596,-73.13252722752841,42.776576157833766,44.031393034383655
1664563561999,40.913417164311596,-73.13252722752841,12.97695694543897,44.031393034383655
1664563563999,40.913417164311596,-73.13252722752841,13.1669549379137,44.031393034383655
1664563565999,40.913417164311596,-73.13252722752841,13.309987300951617,44.031393034383655
1664563567999,40.913417164311596,-73.13252722752841,43.19486430513165,44.031393034383655
1664563569999,40.913417164311596,-73.13252722752841,13.605956199160218,44.031393034383655
1664563571999,40.913417164311596,-73.13252722752841,13.716515503847333,44.031393034383655
1664563573999,40.913417164311596,-73.13252722752841,13.922756834416013,44.031393034383655
1664563575999,40.913417164311596,-73.13252722752841,14.039348943697501,44.031393034383655
1664563577999,40.913417164311596,-73.13252722752841,11.63558322150172,44.031393034383655
1664563579999,40.913417164311596,-73.13252722752841,11.801172385239887,44.031393034383655
1664563581999,40.913417164311596,-73.13252722752841,11.976942672640918,44.031393034383655
1664563583999,40.913417164311596,-73.13252722752841,12.11862685704707,44.031393034383655
1664563585999,40.913417164311596,-73.13252722752841,12.296324592390897,44.031393034383655
1664563587999,40.913417164311596,-73.13252722752841,12.39650247223161,44.031393034383655
1664563589999,40.913417164311596,-73.13252722752841,12.479523246729801,44.031393034383655
1664563591999,40.913417164311596,-73.13252722752841,12.635534475812534,44.031393034383655
1664563593999,40.913417164311596,-73.13252722752841,12.748384255851013,44.031393034383655
1664563595999,40.913417164311596,-73.13252722752841,12.86285910381358,44.031393034383655
1664563597999,40.913417164311596,-73.13252722752841,13.018682512055834,44.031393034383655
1664563599999,40.913417164311596,-73.13252722752841,13.168878954009195,44.031393034383655
1664563601999,40.913417164311596,-73.13252722752841,13.318326934092283,44.031393034383655
1664563603999,40.913417164311596,-73.13252722752841,13.468075427639953,44.031393034383655
1664563605999,40.913417164311596,-73.13252722752841,13.53021363280379,44.031393034383655
1664563607999,40.913417164311596,-73.13252722752841,13.626527241784819,44.031393034383655
1664563609999,40.913417164311596,-73.13252722752841,13.832890818588822,44.031393034383655
1664563611999,40.913417164311596,-73.13252722752841,13.99272388590679,44.031393034383655
1664563613999,40.913417164311596,-73.13252722752841,14.117660341229596,44.031393034383655
1664563615999,40.913417164311596,-73.13252722752841,14.265203455975609,44.031393034383655
1664563617999,40.913417164311596,-73.13252722752841,14.411808362777059,44.031393034383655
1664563619999,40.913417164311596,-73.13252722752841,14.5480619302384,44.031393034383655
1664563621999,40.913417164311596,-73.13252722752841,14.68548044236387,44.031393034383655
1664563623999,40.913417164311596,-73.13252722752841,14.822064634378998,44.031393034383655
1664563625999,40.913417164311596,-73.13252722752841,15.020389681207325,44.031393034383655
1664563627999,40.913417164311596,-73.13252722752841,15.14879125506687,44.031393034383655
1664563629999,40.913417164311596,-73.13252722752841,15.293213655736723,44.031393034383655
1664563631999,40.913417164311596,-73.13252722752841,15.380978896646504,44.031393034383655
1664563633999,40.913417164311596,-73.13252722752841,15.534547581338796,44.031393034383655
1664563635999,40.913417164311596,-73.13252722752841,15.666600783641835,44.031393034383655
1664563637999,40.913417164311596,-73.13252722752841,15.779059492288793,44.031393034383655
1664563639999,40.913417164311596,-73.13252722752841,15.907394015239728,44.031393034383655
1664563641999,40.913417164311596,-73.13252722752841,16.10246365802771,44.031393034383655
1664563644000,40.913417164311596,-73.13252722752841,16.226566236128626,44.031393034383655
1664563646000,40.913417164311596,-73.13252722752841,16.342224335074278,44.031393034383655
1664563648000,40.913417164311596,-73.13252722752841,16.47291867862221,44.031393034383655
1664563650000,40.913417164311596,-73.13252722752841,16.5954746447572,44.031393034383655
1664563652000,40.913417164311596,-73.13252722752841,16.73784541545641,44.031393034383655
1664563653021,40.913417164311596,-73.13252722752841,16.781822423599767,44.031393034383655
1664563655021,40.913417164311596,-73.13252722752841,16.97635761693156,44.031393034383655
1664563657020,40.913417164311596,-73.13252722752841,13.071601184684392,44.031393034383655
1664563658021,40.913417164311596,-73.13252722752841,13.144803321160966,44.031393034383655
1664563660000,40.913417164311596,-73.13252722752841,13.29777348781183,44.031393034383655
1664563662000,40.913417164311596,-73.13252722752841,13.449005299755424,44.031393034383655
1664563663999,40.913417164311596,-73.13252722752841,13.602867659692597,44.031393034383655
1664563665999,40.913417164311596,-73.13252722752841,13.70892572362285,44.031393034383655
1664563667999,40.913417164311596,-73.13252722752841,10.621864723137508,44.031393034383655
1664563669999,40.913417164311596,-73.13252722752841,10.788201399986697,44.031393034383655
1664563671999,40.913417164311596,-73.13252722752841,10.987295420570906,44.031393034383655
1664563673999,40.913417164311596,-73.13252722752841,11.202298132355482,44.031393034383655
1664563675999,40.913417164311596,-73.13252722752841,11.367455461467536,44.031393034383655
1664563677999,40.913417164311596,-73.13252722752841,11.545467604040498,44.031393034383655
1664563679999,40.913417164311596,-73.13252722752841,9.570513648435139,44.031393034383655
1664563681999,40.913417164311596,-73.13252722752841,9.779374960465303,44.031393034383655
1664563683999,40.913417164311596,-73.13252722752841,9.977250380648803,44.031393034383655
1664563685999,40.913417164311596,-73.13252722752841,10.246540982725866,44.031393034383655
1664563687999,40.913417164311596,-73.13252722752841,10.455958869770205,44.031393034383655
1664563689999,40.913417164311596,-73.13252722752841,10.631466252951846,44.031393034383655
1664563691999,40.913417164311596,-73.13252722752841,60.32103621656779,44.031393034383655
1664563693999,40.913417164311596,-73.13252722752841,10.998682246707386,44.031393034383655
1664563695999,40.913417164311596,-73.13252722752841,11.193352488948497,44.031393034383655
1664563697999,40.913417164311596,-73.13252722752841,65.19576703697047,44.031393034383655
1664563699999,40.913417164311596,-73.13252722752841,11.607032655792713,44.031393034383655
1664563701999,40.913417164311596,-73.13252722752841,11.805013230904297,44.031393034383655
1664563703999,40.913417164311596,-73.13252722752841,11.97609384360593,44.031393034383655
1664563705999,40.913417164311596,-73.13252722752841,12.106165872442384,44.031393034383655
1664563707999,40.913417164311596,-73.13252722752841,12.264293972480663,44.031393034383655
1664563709999,40.913417164311596,-73.13252722752841,12.424810884871897,44.031393034383655
1664563711999,40.913417164311596,-73.13252722752841,10.712422656990983,44.031393034383655
1664563713999,40.913417164311596,-73.13252722752841,10.877835413128338,44.031393034383655
1664563715999,40.913417164311596,-73.13252722752841,11.102425337537833,44.031393034383655
1664563717999,40.913417164311596,-73.13252722752841,11.269334002178557,44.031393034383655
1664563719999,40.913417164311596,-73.13252722752841,11.432434838307131,44.031393034383655
1664563721999,40.913417164311596,-73.13252722752841,11.577453229186021,44.031393034383655
1664563723999,40.913417164311596,-73.13252722752841,11.77821697301537,44.031393034383655
1664563725999,40.913417164311596,-73.13252722752841,11.937399445107522,44.031393034383655
1664563727999,40.913417164311596,-73.13252722752841,12.067037019677926,44.031393034383655
1664563729999,40.913417164311596,-73.13252722752841,12.193702101715868,44.031393034383655
1664563731999,40.913417164311596,-73.13252722752841,12.388171948259036,44.031393034383655
1664563733999,40.913417164311596,-73.13252722752841,12.487631332604613,44.031393034383655
1664563735999,40.913417164311596,-73.13252722752841,12.624479044371967,44.031393034383655
1664563737999,40.913417164311596,-73.13252722752841,12.716070522002795,44.031393034383655
1664563739999,40.913417164311596,-73.13252722752841,12.82810496180352,44.031393034383655
1664563741999,40.913417164311596,-73.13252722752841,12.924527373776012,44.031393034383655
1664563743999,40.913417164311596,-73.13252722752841,10.948163202084102,44.031393034383655
1664563745999,40.913417164311596,-73.13252722752841,11.072921400694758,44.031393034383655
1664563747999,40.913417164311596,-73.13252722752841,11.202423848413137,44.031393034383655
1664563749999,40.913417164311596,-73.13252722752841,11.388573603760486,44.031393034383655
1664563751999,40.913417164311596,-73.13252722752841,11.540308475397266,44.031393034383655
1664563753999,40.913417164311596,-73.13252722752841,11.658644512782486,44.031393034383655
1664563755999,40.913417164311596,-73.13252722752841,11.803086127190005,44.031393034383655
1664563757999,40.913417164311596,-73.13252722752841,11.95950801878159,44.031393034383655
1664563759999,40.913417164311596,-73.13252722752841,12.10328852196195,44.031393034383655
1664563761999,40.913417164311596,-73.13252722752841,12.234504105841223,44.031393034383655
1664563763999,40.913417164311596,-73.13252722752841,12.394277917840038,44.031393034383655
1664563765999,40.913417164311596,-73.13252722752841,12.55648938384873,44.031393034383655
1664563767999,40.913417164311596,-73.13252722752841,12.681240679201284,44.031393034383655
1664563769000,40.913417164311596,-73.13252722752841,12.746586363614218,44.031393034383655
1664563771000,40.913417164311596,-73.13252722752841,12.863077971964582,44.031393034383655
1664563773000,40.913417164311596,-73.13252722752841,12.926467004339424,44.031393034383655
1664563775000,40.913417164311596,-73.13252722752841,13.032497748775686,44.031393034383655
1664563777000,40.913417164311596,-73.13252722752841,11.070216886527806,44.031393034383655
1664563779000,40.913417164311596,-73.13252722752841,11.309256452231702,44.031393034383655
1664563781000,40.913417164311596,-73.13252722752841,11.4663490164229,44.031393034383655
1664563783000,40.913417164311596,-73.13252722752841,11.612955095418407,44.031393034383655
1664563785000,40.913417164311596,-73.13252722752841,11.693343023872686,44.031393034383655
1664563787000,40.913417164311596,-73.13252722752841,11.867199957600754,44.031393034383655
1664563789000,40.913417164311596,-73.13252722752841,12.023871395044937,44.031393034383655
1664563791000,40.913417164311596,-73.13252722752841,12.170957170882986,44.031393034383655
1664563793000,40.913417164311596,-73.13252722752841,12.441322339325138,44.031393034383655
1664563794999,40.913417164311596,-73.13252722752841,12.552729286060954,44.031393034383655
1664563796999,40.913417164311596,-73.13252722752841,12.59223623834289,44.031393034383655
1664563798999,40.913417164311596,-73.13252722752841,12.712404783561515,44.031393034383655
1664563800999,40.913417164311596,-73.13252722752841,12.845781551016987,44.031393034383655
1664563802999,40.913417164311596,-73.13252722752841,12.995332211963397,44.031393034383655
1664563804999,40.913417164311596,-73.13252722752841,13.148047950402567,44.031393034383655
1664563806999,40.913417164311596,-73.13252722752841,13.324729069669356,44.031393034383655
1664563808999,40.913417164311596,-73.13252722752841,11.264559479319777,44.031393034383655
1664563810999,40.913417164311596,-73.13252722752841,11.408692234981686,44.031393034383655
1664563812999,40.913417164311596,-73.13252722752841,11.564922481000826,44.031393034383655
1664563814999,40.913417164311596,-73.13252722752841,11.746505298216716,44.031393034383655
1664563816999,40.913417164311596,-73.13252722752841,11.875413473446248,44.031393034383655
1664563818999,40.913417164311596,-73.13252722752841,12.057565921546319,44.031393034383655
1664563820999,40.913417164311596,-73.13252722752841,12.199087354521156,44.031393034383655
1664563822999,40.913417164311596,-73.13252722752841,10.59209274194858,44.031393034383655
1664563824999,40.913417164311596,-73.13252722752841,10.81970055294864,44.031393034383655
1664563826999,40.913417164311596,-73.13252722752841,11.007745568041154,44.031393034383655
1664563828999,40.913417164311596,-73.13252722752841,11.167486916963917,44.031393034383655
1664563830999,40.913417164311596,-73.13252722752841,11.345105461199978,44.031393034383655
1664563832999,40.913417164311596,-73.13252722752841,11.469949225948154,44.031393034383655
1664563834999,40.913417164311596,-73.13252722752841,11.671516308689487,44.031393034383655
1664563836999,40.913417164311596,-73.13252722752841,11.817203079636304,44.031393034383655
1664563838999,40.913417164311596,-73.13252722752841,12.058460980198843,44.031393034383655
1664563840999,40.913417164311596,-73.13252722752841,12.128789211504994,44.031393034383655
1664563842999,40.913417164311596,-73.13252722752841,12.357776083273233,44.031393034383655
1664563844999,40.913417164311596,-73.13252722752841,12.51650686956875,44.031393034383655
1664563846999,40.913417164311596,-73.13252722752841,12.666540538145298,44.031393034383655
1664563848999,40.913417164311596,-73.13252722752841,12.794821402312621,44.031393034383655
1664563850999,40.913417164311596,-73.13252722752841,12.927992085544934,44.031393034383655
1664563852999,40.913417164311596,-73.13252722752841,13.150139217615655,44.031393034383655
1664563854999,40.913417164311596,-73.13252722752841,11.188404407335156,44.031393034383655
1664563856999,40.913417164311596,-73.13252722752841,11.362697291879263,44.031393034383655
1664563858999,40.913417164311596,-73.13252722752841,11.529070469119565,44.031393034383655
1664563860999,40.913417164311596,-73.13252722752841,11.715766026650623,44.031393034383655
1664563862999,40.913417164311596,-73.13252722752841,11.886286020348482,44.031393034383655
1664563864999,40.913417164311596,-73.13252722752841,12.005590899737049,44.031393034383655
1664563866999,40.913417164311596,-73.13252722752841,12.20609346553724,44.031393034383655
1664563868999,40.913417164311596,-73.13252722752841,12.36644768697072,44.031393034383655
1664563870999,40.913417164311596,-73.13252722752841,12.557784100088021,44.031393034383655
1664563872999,40.913417164311596,-73.13252722752841,12.704702813739312,44.031393034383655
1664563874999,40.913417164311596,-73.13252722752841,12.85680846596492,44.031393034383655
1664563876999,40.913417164311596,-73.13252722752841,12.992202466193536,44.031393034383655
1664563878999,40.913417164311596,-73.13252722752841,13.157625084620115,44.031393034383655
1664563880999,40.913417164311596,-73.13252722752841,13.35933585900671,44.031393034383655
1664563882999,40.913417164311596,-73.13252722752841,13.555757352341686,44.031393034383655
1664563884999,40.913417164311596,-73.13252722752841,13.692471788700578,44.031393034383655
1664563886999,40.913417164311596,-73.13252722752841,11.427922364375746,44.031393034383655
1664563888999,40.913417164311596,-73.13252722752841,11.60560376556769,44.031393034383655
1664563890999,40.913417164311596,-73.13252722752841,11.75119280601113,44.031393034383655
1664563892999,40.913417164311596,-73.13252722752841,11.896818451045302,44.031393034383655
1664563895000,40.913417164311596,-73.13252722752841,12.083726036937302,44.031393034383655
1664563897000,40.913417164311596,-73.13252722752841,12.26374484597526,44.031393034383655
1664563899000,40.913417164311596,-73.13252722752841,12.49480161229523,44.031393034383655
1664563901000,40.913417164311596,-73.13252722752841,12.636437543321703,44.031393034383655
1664563903000,40.913417164311596,-73.13252722752841,12.794394076112782,44.031393034383655
1664563905000,40.913417164311596,-73.13252722752841,12.981064634169671,44.031393034383655
1664563907000,40.913417164311596,-73.13252722752841,13.120736859690053,44.031393034383655
1664563909000,40.913417164311596,-73.13252722752841,13.358475003218695,44.031393034383655
1664563911000,40.913417164311596,-73.13252722752841,13.503176870547918,44.031393034383655
1664563913000,40.913417164311596,-73.13252722752841,13.614047609609424,44.031393034383655
1664563915000,40.913417164311596,-73.13252722752841,13.78526216332075,44.031393034383655
1664563917000,40.913417164311596,-73.13252722752841,13.929553630167957,44.031393034383655
1664563918999,40.913417164311596,-73.13252722752841,11.531212824230161,44.031393034383655
1664563920999,40.913417164311596,-73.13252722752841,11.619089616874446,44.031393034383655
1664563922999,40.913417164311596,-73.13252722752841,11.794029179785555,44.031393034383655
1664563924999,40.913417164311596,-73.13252722752841,11.966613388034212,44.031393034383655
1664563926999,40.913417164311596,-73.13252722752841,12.09938174746103,44.031393034383655
1664563928999,40.913417164311596,-73.13252722752841,12.25878326891774,44.031393034383655
1664563930999,40.913417164311596,-73.13252722752841,12.281903886226143,44.031393034383655
1664563932999,40.913417164311596,-73.13252722752841,12.40145441474826,44.031393034383655
1664563934999,40.913417164311596,-73.13252722752841,12.532222981858638,44.031393034383655
1664563936999,40.913417164311596,-73.13252722752841,12.698704908567352,44.031393034383655
1664563938999,40.913417164311596,-73.13252722752841,12.74869311776058,44.031393034383655
1664563940999,40.913417164311596,-73.13252722752841,12.949966412619474,44.031393034383655
1664563942999,40.913417164311596,-73.13252722752841,13.132939946837533,44.031393034383655
1664563944999,40.913417164311596,-73.13252722752841,13.146012730919658,44.031393034383655
1664563946999,40.913417164311596,-73.13252722752841,13.24353670954784,44.031393034383655
1664563948999,40.913417164311596,-73.13252722752841,13.324794011086663,44.031393034383655
1664563950999,40.913417164311596,-73.13252722752841,11.196542061191197,44.031393034383655
1664563952999,40.913417164311596,-73.13252722752841,11.321752496768202,44.031393034383655
1664563954999,40.913417164311596,-73.13252722752841,11.376679531540283,44.031393034383655
1664563956999,40.913417164311596,-73.13252722752841,11.48687004511386,44.031393034383655
1664563958999,40.913417164311596,-73.13252722752841,11.575412679261465,44.031393034383655
1664563960999,40.913417164311596,-73.13252722752841,11.68097667944971,44.031393034383655
1664563962999,40.913417164311596,-73.13252722752841,11.766031309100423,44.031393034383655
1664563965021,40.913417164311596,-73.13252722752841,11.848794414787722,44.031393034383655
1664563967019,40.913417164311596,-73.13252722752841,9.63830597527424,44.031393034383655
1664563968020,40.913417164311596,-73.13252722752841,9.752536575934139,44.031393034383655
1664563970021,40.913417164311596,-73.13252722752841,9.906487899131303,44.031393034383655
1664563972021,40.913417164311596,-73.13252722752841,10.149463615099219,44.031393034383655
1664563974016,40.91342846946696,-73.132559175311,10.420105053046752,44.14132656902075
1664563975019,40.913427044183095,-73.13255568976064,10.52007753370593,44.10430857539177
1664563976020,40.913426890713176,-73.13255527649335,11.967270391977564,43.89143317658454
1664563977020,40.91342560905475,-73.13254624647244,12.675814645796779,43.933266058564186
1664563978020,40.913425266936436,-73.13254446437934,15.726550824691351,43.997869743965566
1664563979021,40.9134250797239,-73.13254347918773,17.711708890154338,43.95169061701745
1664563984016,40.91346533624717,-73.13251834583448,24.820808182809966,44.22036816459149
1664563985015,40.91346967175697,-73.13251381468305,29.167272706492515,44.19575881306082
1664563986015,40.91347433002723,-73.13250994522542,34.342973320236545,43.94343033246696
1664563987016,40.913475759437745,-73.13251792870518,15.557183275967487,44.097531539388
1664563988016,40.91347620166742,-73.13251771603561,13.717469653648173,44.09348960220814
1664563990015,40.91347620166742,-73.13251771603561,13.090769537009095,44.09348960220814
1664563992013,40.91347620166742,-73.13251771603561,12.70355928991163,44.09348960220814
1664563993015,40.91347620166742,-73.13251771603561,12.513367412652405,44.09348960220814
1664563994999,40.91347620166742,-73.13251771603561,12.369463224478759,44.09348960220814
1664563996999,40.91347620166742,-73.13251771603561,12.229196223451124,44.09348960220814
1664563998999,40.91347620166742,-73.13251771603561,10.861333039354127,44.09348960220814
1664564000999,40.91347620166742,-73.13251771603561,10.821165746283551,44.09348960220814
1664564002999,40.91347620166742,-73.13251771603561,10.729203407764896,44.09348960220814
1664564004999,40.91347620166742,-73.13251771603561,10.509856095360432,44.09348960220814
1664564006999,40.91347620166742,-73.13251771603561,10.468525322528253,44.09348960220814
1664564008999,40.91347620166742,-73.13251771603561,10.368298408294345,44.09348960220814
1664564010999,40.91347620166742,-73.13251771603561,10.353501655917157,44.09348960220814
1664564012999,40.91347620166742,-73.13251771603561,10.373728918758722,44.09348960220814
1664564014999,40.91347620166742,-73.13251771603561,10.375477420977152,44.09348960220814
1664564016999,40.91347620166742,-73.13251771603561,10.32026371405348,44.09348960220814
1664564018999,40.91347620166742,-73.13251771603561,10.37634484617651,44.09348960220814
1664564020999,40.91347620166742,-73.13251771603561,10.423555988660803,44.09348960220814
1664564022999,40.91347620166742,-73.13251771603561,10.466928664613693,44.09348960220814
1664564024999,40.91347620166742,-73.13251771603561,10.522665966286247,44.09348960220814
1664564026999,40.91347620166742,-73.13251771603561,10.565568853520036,44.09348960220814
1664564028999,40.91347620166742,-73.13251771603561,10.6364046899722,44.09348960220814
1664564030999,40.91347620166742,-73.13251771603561,10.608008786314606,44.09348960220814
1664564032999,40.91347620166742,-73.13251771603561,10.695372798099111,44.09348960220814
1664564034999,40.91347620166742,-73.13251771603561,10.763651392257866,44.09348960220814
1664564036999,40.91347620166742,-73.13251771603561,9.156273926824868,44.09348960220814
1664564038999,40.91347620166742,-73.13251771603561,9.192758496382595,44.09348960220814
1664564040999,40.91347620166742,-73.13251771603561,9.256454052049499,44.09348960220814
1664564042999,40.91347620166742,-73.13251771603561,9.293229355543133,44.09348960220814
1664564043999,40.91347620166742,-73.13251771603561,9.273370659072192,44.09348960220814
1664564045999,40.91347620166742,-73.13251771603561,9.374904758394644,44.09348960220814
1664564047999,40.91347620166742,-73.13251771603561,9.468987994663696,44.09348960220814
1664564049999,40.91347620166742,-73.13251771603561,9.573619507310832,44.09348960220814
1664564051999,40.91347620166742,-73.13251771603561,9.67665342746942,44.09348960220814
1664564053999,40.91347620166742,-73.13251771603561,9.68939109159698,44.09348960220814
1664564055999,40.91347620166742,-73.13251771603561,9.791090248881588,44.09348960220814
1664564057999,40.91347620166742,-73.13251771603561,9.848561241150454,44.09348960220814
1664564059999,40.91347620166742,-73.13251771603561,9.833632760759158,44.09348960220814
1664564061999,40.91347620166742,-73.13251771603561,9.886214955963966,44.09348960220814
1664564063999,40.91347620166742,-73.13251771603561,9.987338802326287,44.09348960220814
1664564065999,40.91347620166742,-73.13251771603561,10.07583906768925,44.09348960220814
1664564067999,40.91347620166742,-73.13251771603561,8.696223732026162,44.09348960220814
1664564069999,40.91347620166742,-73.13251771603561,8.807121878627239,44.09348960220814
1664564071999,40.91347620166742,-73.13251771603561,8.938946003760037,44.09348960220814
1664564073999,40.91347620166742,-73.13251771603561,9.00363818588552,44.09348960220814
1664564075999,40.91347620166742,-73.13251771603561,9.11168516064393,44.09348960220814
1664564077999,40.91347620166742,-73.13251771603561,9.219227809337031,44.09348960220814
1664564079999,40.91347620166742,-73.13251771603561,9.30447748288943,44.09348960220814
1664564081999,40.91347620166742,-73.13251771603561,9.41078014573739,44.09348960220814
1664564083999,40.91347620166742,-73.13251771603561,9.52637967977246,44.09348960220814
1664564085999,40.91347620166742,-73.13251771603561,9.601911838292665,44.09348960220814
1664564087999,40.91347620166742,-73.13251771603561,9.72467974063183,44.09348960220814
1664564089999,40.91347620166742,-73.13251771603561,9.813775481691271,44.09348960220814
1664564091999,40.91347620166742,-73.13251771603561,10.015479093036033,44.09348960220814
1664564093999,40.91347620166742,-73.13251771603561,10.047231392154712,44.09348960220814
1664564095999,40.91347620166742,-73.13251771603561,10.124549679361976,44.09348960220814
1664564097999,40.91347620166742,-73.13251771603561,10.14975691761914,44.09348960220814
1664564099999,40.91347620166742,-73.13251771603561,8.403524582956774,44.09348960220814
1664564101999,40.91347620166742,-73.13251771603561,8.550579480450686,44.09348960220814
1664564103999,40.91347620166742,-73.13251771603561,8.75449964558242,44.09348960220814
1664564105999,40.91347620166742,-73.13251771603561,8.864434017429923,44.09348960220814
1664564107999,40.91347620166742,-73.13251771603561,8.99129595665961,44.09348960220814
1664564109999,40.91347620166742,-73.13251771603561,9.113884700264533,44.09348960220814
1664564111999,40.91347620166742,-73.13251771603561,9.246595257583774,44.09348960220814
1664564113999,40.91347620166742,-73.13251771603561,9.474047858921868,44.09348960220814
1664564115999,40.91347620166742,-73.13251771603561,9.546816997339388,44.09348960220814
1664564117999,40.91347620166742,-73.13251771603561,9.628359868344617,44.09348960220814
1664564119999,40.91347620166742,-73.13251771603561,9.686141321414501,44.09348960220814
1664564121999,40.91347620166742,-73.13251771603561,9.767968737370415,44.09348960220814
1664564123999,40.91347620166742,-73.13251771603561,9.891919116100619,44.09348960220814
1664564125999,40.91347620166742,-73.13251771603561,9.961310564066466,44.09348960220814
1664564127999,40.91347620166742,-73.13251771603561,10.068359341537239,44.09348960220814
1664564129999,40.91347620166742,-73.13251771603561,8.915119228016666,44.09348960220814
1664564131999,40.91347620166742,-73.13251771603561,9.053779029639996,44.09348960220814
1664564133999,40.91347620166742,-73.13251771603561,9.168902014727442,44.09348960220814
1664564135999,40.91347620166742,-73.13251771603561,9.296938846566407,44.09348960220814
1664564137999,40.91347620166742,-73.13251771603561,9.413032330329264,44.09348960220814
1664564139998,40.91347620166742,-73.13251771603561,9.624216910707737,44.09348960220814
1664564141998,40.91347620166742,-73.13251771603561,9.733657229065322,44.09348960220814
1664564143998,40.91347620166742,-73.13251771603561,9.838229405859522,44.09348960220814
1664564145998,40.91347620166742,-73.13251771603561,9.932504405013386,44.09348960220814
1664564147000,40.91347620166742,-73.13251771603561,9.971644596627064,44.09348960220814
1664564149000,40.91347620166742,-73.13251771603561,10.070191837160104,44.09348960220814
1664564151000,40.91347620166742,-73.13251771603561,10.136061103745432,44.09348960220814
1664564153000,40.91347620166742,-73.13251771603561,10.228746764602436,44.09348960220814
1664564155000,40.91347620166742,-73.13251771603561,10.401006929954523,44.09348960220814
1664564157000,40.91347620166742,-73.13251771603561,10.468779699365419,44.09348960220814
1664564159000,40.91347620166742,-73.13251771603561,9.12290458328215,44.09348960220814
1664564161000,40.91347620166742,-73.13251771603561,9.22495310302516,44.09348960220814
1664564163000,40.91347620166742,-73.13251771603561,9.328523040723871,44.09348960220814
1664564165000,40.91347620166742,-73.13251771603561,9.450418169779608,44.09348960220814
1664564167000,40.91347620166742,-73.13251771603561,9.549009403151095,44.09348960220814
1664564169000,40.91347620166742,-73.13251771603561,9.681357728685537,44.09348960220814
1664564170999,40.91347620166742,-73.13251771603561,9.794817748532518,44.09348960220814
1664564172999,40.91347620166742,-73.13251771603561,9.956133656229248,44.09348960220814
1664564174999,40.91347620166742,-73.13251771603561,10.06780629513596,44.09348960220814
1664564176999,40.91347620166742,-73.13251771603561,10.146319902890381,44.09348960220814
1664564178999,40.91347620166742,-73.13251771603561,10.244125435673727,44.09348960220814
1664564180999,40.91347620166742,-73.13251771603561,10.304762193200723,44.09348960220814
1664564182999,40.91347620166742,-73.13251771603561,10.443283107168828,44.09348960220814
1664564184999,40.91347620166742,-73.13251771603561,10.606406254113725,44.09348960220814
1664564186999,40.91347620166742,-73.13251771603561,10.69055493344773,44.09348960220814
1664564188999,40.91347620166742,-73.13251771603561,10.808169287694886,44.09348960220814
1664564190999,40.91347620166742,-73.13251771603561,10.875822957146381,44.09348960220814
1664564192999,40.91347620166742,-73.13251771603561,9.457412758423766,44.09348960220814
1664564194999,40.91347620166742,-73.13251771603561,9.57331724981256,44.09348960220814
1664564196999,40.91347620166742,-73.13251771603561,9.70541857551117,44.09348960220814
1664564198999,40.91347620166742,-73.13251771603561,9.89060230864431,44.09348960220814
1664564200999,40.91347620166742,-73.13251771603561,10.004216509520525,44.09348960220814
1664564202999,40.91347620166742,-73.13251771603561,10.127915591455189,44.09348960220814
1664564204999,40.91347620166742,-73.13251771603561,10.225606959447806,44.09348960220814
1664564206999,40.91347620166742,-73.13251771603561,10.318992597060642,44.09348960220814
1664564208999,40.91347620166742,-73.13251771603561,10.404570385674692,44.09348960220814
1664564210999,40.91347620166742,-73.13251771603561,10.504477020239054,44.09348960220814
1664564212999,40.91347620166742,-73.13251771603561,10.599781795752039,44.09348960220814
1664564214999,40.91347620166742,-73.13251771603561,10.723422657973991,44.09348960220814
1664564216999,40.91347620166742,-73.13251771603561,10.851506464795081,44.09348960220814
1664564218999,40.91347620166742,-73.13251771603561,10.942285430735492,44.09348960220814
1664564220999,40.91347620166742,-73.13251771603561,11.024883700576032,44.09348960220814
1664564222999,40.91347620166742,-73.13251771603561,11.204651848797692,44.09348960220814
1664564224999,40.91347620166742,-73.13251771603561,9.784031984298094,44.09348960220814
1664564226999,40.91347620166742,-73.13251771603561,9.916131559773415,44.09348960220814
1664564228999,40.91347620166742,-73.13251771603561,10.055112470387254,44.09348960220814
1664564230999,40.91347620166742,-73.13251771603561,10.157798324983437,44.09348960220814
1664564232999,40.91347620166742,-73.13251771603561,10.284715079751962,44.09348960220814
1664564234999,40.91347620166742,-73.13251771603561,10.427569494159815,44.09348960220814
1664564236999,40.91347620166742,-73.13251771603561,10.64242046552686,44.09348960220814
1664564238999,40.91347620166742,-73.13251771603561,10.741683500461345,44.09348960220814
1664564240999,40.91347620166742,-73.13251771603561,10.85871674021138,44.09348960220814
1664564242999,40.91347620166742,-73.13251771603561,10.90768254434934,44.09348960220814
1664564244999,40.91347620166742,-73.13251771603561,10.967345903542046,44.09348960220814
1664564246999,40.91347620166742,-73.13251771603561,11.053486802283167,44.09348960220814
1664564248999,40.91347620166742,-73.13251771603561,11.24635389449887,44.09348960220814
1664564250999,40.91347620166742,-73.13251771603561,11.271146335014585,44.09348960220814
1664564252999,40.91347620166742,-73.13251771603561,11.302306443040363,44.09348960220814
1664564254999,40.91347620166742,-73.13251771603561,11.369156065230737,44.09348960220814
1664564256999,40.91347620166742,-73.13251771603561,9.831616775524958,44.09348960220814
1664564258999,40.91347620166742,-73.13251771603561,9.859434245106442,44.09348960220814
1664564260999,40.91347620166742,-73.13251771603561,9.93404306566667,44.09348960220814
1664564262999,40.91347620166742,-73.13251771603561,10.152761078684971,44.09348960220814
1664564264999,40.91347620166742,-73.13251771603561,10.276290149621236,44.09348960220814
1664564266999,40.91347620166742,-73.13251771603561,10.341355518600169,44.09348960220814
1664564268999,40.91347620166742,-73.13251771603561,10.277506530809287,44.09348960220814
1664564270999,40.91347620166742,-73.13251771603561,10.331272335119921,44.09348960220814
1664564273000,40.91347620166742,-73.13251771603561,10.334228820937728,44.09348960220814
1664564275000,40.91347620166742,-73.13251771603561,10.452170141640302,44.09348960220814
1664564277000,40.91347620166742,-73.13251771603561,10.559017723876803,44.09348960220814
1664564279000,40.91347620166742,-73.13251771603561,10.645070624614716,44.09348960220814
1664564281000,40.91347620166742,-73.13251771603561,10.66590775291803,44.09348960220814
1664564283000,40.91347620166742,-73.13251771603561,10.64567424010629,44.09348960220814
1664564285000,40.91347620166742,-73.13251771603561,10.655267699601263,44.09348960220814
1664564287000,40.91347620166742,-73.13251771603561,10.63934494115028,44.09348960220814
1664564289000,40.91347620166742,-73.13251771603561,9.356215021095867,44.09348960220814
1664564291000,40.91347620166742,-73.13251771603561,9.426209725421034,44.09348960220814
1664564293000,40.91347620166742,-73.13251771603561,9.554886272477471,44.09348960220814
1664564295000,40.91347620166742,-73.13251771603561,9.723798017560512,44.09348960220814
1664564297000,40.91347620166742,-73.13251771603561,9.836513790229665,44.09348960220814
1664564299000,40.91347620166742,-73.13251771603561,9.975795761305847,44.09348960220814
1664564301000,40.91347620166742,-73.13251771603561,9.97813193556211,44.09348960220814
1664564302999,40.91347620166742,-73.13251771603561,9.942867888068932,44.09348960220814
1664564304999,40.91347620166742,-73.13251771603561,10.049361919836622,44.09348960220814
1664564306999,40.91347620166742,-73.13251771603561,10.069390863320544,44.09348960220814
1664564308999,40.91347620166742,-73.13251771603561,10.182772636635441,44.09348960220814
1664564310999,40.91347620166742,-73.13251771603561,10.193017298601722,44.09348960220814
1664564312999,40.91347620166742,-73.13251771603561,10.139806894831237,44.09348960220814
1664564314999,40.91347620166742,-73.13251771603561,10.069559710776694,44.09348960220814
1664564316999,40.91347620166742,-73.13251771603561,10.072445075587481,44.09348960220814
1664564318999,40.91347620166742,-73.13251771603561,10.049155015658574,44.09348960220814
1664564320999,40.91347620166742,-73.13251771603561,8.934306154516802,44.09348960220814
1664564322999,40.91347620166742,-73.13251771603561,9.033525893762334,44.09348960220814
1664564324999,40.91347620166742,-73.13251771603561,9.051544591904767,44.09348960220814
1664564326999,40.91347620166742,-73.13251771603561,9.166978693537088,44.09348960220814
1664564328999,40.91347620166742,-73.13251771603561,9.239938601924669,44.09348960220814
1664564330999,40.91347620166742,-73.13251771603561,9.283953772963331,44.09348960220814
1664564332999,40.91347620166742,-73.13251771603561,9.318161689842528,44.09348960220814
1664564334999,40.91347620166742,-73.13251771603561,9.295741162736075,44.09348960220814
1664564336999,40.91347620166742,-73.13251771603561,9.3285958291753,44.09348960220814
1664564338999,40.91347620166742,-73.13251771603561,9.441857824362552,44.09348960220814
1664564340999,40.91347620166742,-73.13251771603561,9.506913723572866,44.09348960220814
1664564342999,40.91347620166742,-73.13251771603561,9.525269488704495,44.09348960220814
1664564344999,40.91347620166742,-73.13251771603561,9.48528267919172,44.09348960220814
1664564346999,40.91347620166742,-73.13251771603561,9.480328233173243,44.09348960220814
1664564348999,40.91347620166742,-73.13251771603561,9.440502108202415,44.09348960220814
1664564350999,40.91347620166742,-73.13251771603561,8.451148114724692,44.09348960220814
1664564352999,40.91347620166742,-73.13251771603561,8.510134701737009,44.09348960220814
1664564354999,40.91347620166742,-73.13251771603561,8.708727264199288,44.09348960220814
1664564356999,40.91347620166742,-73.13251771603561,8.728590824314251,44.09348960220814
1664564358999,40.91347620166742,-73.13251771603561,8.856400551933994,44.09348960220814
1664564360999,40.91347620166742,-73.13251771603561,8.939840511075518,44.09348960220814
1664564362999,40.91347620166742,-73.13251771603561,9.007592137555974,44.09348960220814
1664564364999,40.91347620166742,-73.13251771603561,9.132032416841582,44.09348960220814
1664564366999,40.91347620166742,-73.13251771603561,9.246508791526688,44.09348960220814
1664564368999,40.91347620166742,-73.13251771603561,9.325316060747314,44.09348960220814
1664564370999,40.91347620166742,-73.13251771603561,9.496943254037998,44.09348960220814
1664564372999,40.91347620166742,-73.13251771603561,9.511062114121577,44.09348960220814
1664564374999,40.91347620166742,-73.13251771603561,9.619654822350315,44.09348960220814
1664564376999,40.91347620166742,-73.13251771603561,9.70414391393074,44.09348960220814
1664564378999,40.91347620166742,-73.13251771603561,9.77430972522749,44.09348960220814
1664564380999,40.91347620166742,-73.13251771603561,9.858283076392379,44.09348960220814
1664564382999,40.91347620166742,-73.13251771603561,9.896315529556974,44.09348960220814
1664564384999,40.91347620166742,-73.13251771603561,10.01778101163091,44.09348960220814
1664564386999,40.91347620166742,-73.13251771603561,10.0008640674398,44.09348960220814
1664564388999,40.91347620166742,-73.13251771603561,10.172267173055054,44.09348960220814
1664564390999,40.91347620166742,-73.13251771603561,10.216319907906502,44.09348960220814
1664564392999,40.91347620166742,-73.13251771603561,10.183298975303593,44.09348960220814
1664564394999,40.91347620166742,-73.13251771603561,10.19392354870718,44.09348960220814
1664564396999,40.91347620166742,-73.13251771603561,10.213246884653474,44.09348960220814
1664564399000,40.91347620166742,-73.13251771603561,10.203892606030578,44.09348960220814
1664564401000,40.91347620166742,-73.13251771603561,10.211286413995833,44.09348960220814
1664564403000,40.91347620166742,-73.13251771603561,10.275450294717027,44.09348960220814
1664564405000,40.91347620166742,-73.13251771603561,10.418517618701717,44.09348960220814
1664564407000,40.91347620166742,-73.13251771603561,10.484651358053844,44.09348960220814
1664564409000,40.91347620166742,-73.13251771603561,10.457634209071216,44.09348960220814
1664564411000,40.91347620166742,-73.13251771603561,10.506978638970342,44.09348960220814
1664564413000,40.91347620166742,-73.13251771603561,10.549799110188205,44.09348960220814
1664564415000,40.91347620166742,-73.13251771603561,9.332298262236096,44.09348960220814
1664564417000,40.91347620166742,-73.13251771603561,9.489805701639847,44.09348960220814
1664564419000,40.91347620166742,-73.13251771603561,9.628818279506085,44.09348960220814
1664564421000,40.91347620166742,-73.13251771603561,9.758998927264932,44.09348960220814
1664564423000,40.91347620166742,-73.13251771603561,9.935316235092579,44.09348960220814
1664564425000,40.91347620166742,-73.13251771603561,10.073761148504527,44.09348960220814
1664564427000,40.91347620166742,-73.13251771603561,10.174687025738866,44.09348960220814
1664564429000,40.91347620166742,-73.13251771603561,10.354750811606136,44.09348960220814
1664564430999,40.91347620166742,-73.13251771603561,10.479434858245135,44.09348960220814
1664564432999,40.91347620166742,-73.13251771603561,10.63814326506273,44.09348960220814
1664564434999,40.91347620166742,-73.13251771603561,10.688493888735547,44.09348960220814
1664564436999,40.91347620166742,-73.13251771603561,10.732788104970542,44.09348960220814
1664564438999,40.91347620166742,-73.13251771603561,10.857884056062838,44.09348960220814
1664564440999,40.91347620166742,-73.13251771603561,10.979641247203716,44.09348960220814
1664564442999,40.91347620166742,-73.13251771603561,11.20234976376553,44.09348960220814
1664564444999,40.91347620166742,-73.13251771603561,11.296404155945208,44.09348960220814
1664564446999,40.91347620166742,-73.13251771603561,11.379397563920998,44.09348960220814
1664564448999,40.91347620166742,-73.13251771603561,9.951626497456067,44.09348960220814
1664564450999,40.91347620166742,-73.13251771603561,10.076798356896576,44.09348960220814
1664564452999,40.91347620166742,-73.13251771603561,10.220517258749664,44.09348960220814
1664564454999,40.91347620166742,-73.13251771603561,10.371831732059512,44.09348960220814
1664564456999,40.91347620166742,-73.13251771603561,10.53594843783384,44.09348960220814
1664564458999,40.91347620166742,-73.13251771603561,10.757527253897788,44.09348960220814
1664564460999,40.91347620166742,-73.13251771603561,10.875636557733031,44.09348960220814
1664564462999,40.91347620166742,-73.13251771603561,11.028993417517594,44.09348960220814
1664564464999,40.91347620166742,-73.13251771603561,11.125621439809146,44.09348960220814
1664564466999,40.91347620166742,-73.13251771603561,11.214302048811087,44.09348960220814
1664564468999,40.91347620166742,-73.13251771603561,11.326387257418293,44.09348960220814
1664564470999,40.91347620166742,-73.13251771603561,11.475917878060939,44.09348960220814
1664564472999,40.91347620166742,-73.13251771603561,11.54563229467043,44.09348960220814
1664564474999,40.91347620166742,-73.13251771603561,11.80262120453086,44.09348960220814
1664564476999,40.91347620166742,-73.13251771603561,11.91466799049359,44.09348960220814
1664564478999,40.91347620166742,-73.13251771603561,12.043407794244864,44.09348960220814
1664564480999,40.91347620166742,-73.13251771603561,12.143116316935101,44.09348960220814
1664564482999,40.91347620166742,-73.13251771603561,12.31484012136708,44.09348960220814
1664564484999,40.91347620166742,-73.13251771603561,12.362520133775398,44.09348960220814
1664564486999,40.91347620166742,-73.13251771603561,12.406297742579516,44.09348960220814
1664564488999,40.91347620166742,-73.13251771603561,12.48494013176947,44.09348960220814
1664564490999,40.91347620166742,-73.13251771603561,12.619472591527897,44.09348960220814
1664564492999,40.91347620166742,-73.13251771603561,12.850325302251367,44.09348960220814
1664564494999,40.91347620166742,-73.13251771603561,12.988404223199904,44.09348960220814
1664564496999,40.91347620166742,-73.13251771603561,13.121172430896168,44.09348960220814
1664564498999,40.91347620166742,-73.13251771603561,13.251687023359827,44.09348960220814
1664564500999,40.91347620166742,-73.13251771603561,13.401979942304918,44.09348960220814
1664564502999,40.91347620166742,-73.13251771603561,13.480468270251848,44.09348960220814
1664564504999,40.91347620166742,-73.13251771603561,13.617472598071656,44.09348960220814
1664564506999,40.91347620166742,-73.13251771603561,13.78124382792871,44.09348960220814
1664564508999,40.91347620166742,-73.13251771603561,13.921924461240218,44.09348960220814
1664564510999,40.91347620166742,-73.13251771603561,13.920058263443048,44.09348960220814
1664564512999,40.91347620166742,-73.13251771603561,11.547930119616298,44.09348960220814
1664564514999,40.91347620166742,-73.13251771603561,11.649498195090727,44.09348960220814
1664564516999,40.91347620166742,-73.13251771603561,11.792192819465305,44.09348960220814
1664564518999,40.91347620166742,-73.13251771603561,11.89823154261529,44.09348960220814
1664564520999,40.91347620166742,-73.13251771603561,12.025987045999319,44.09348960220814
1664564522999,40.91347620166742,-73.13251771603561,12.162853771640034,44.09348960220814
1664564525000,40.91347620166742,-73.13251771603561,12.305673887204508,44.09348960220814
1664564527000,40.91347620166742,-73.13251771603561,12.447958126309075,44.09348960220814
1664564529000,40.91347620166742,-73.13251771603561,12.50036357639265,44.09348960220814
1664564531000,40.91347620166742,-73.13251771603561,12.512852993971695,44.09348960220814
1664564533000,40.91347620166742,-73.13251771603561,12.600582623497507,44.09348960220814
1664564535000,40.91347620166742,-73.13251771603561,12.538963028016903,44.09348960220814
1664564537000,40.91347620166742,-73.13251771603561,12.58282027304492,44.09348960220814
1664564539000,40.91347620166742,-73.13251771603561,12.573388219024713,44.09348960220814
1664564541000,40.91347620166742,-73.13251771603561,12.693757307871842,44.09348960220814
1664564543000,40.91347620166742,-73.13251771603561,12.74137303323249,44.09348960220814
1664564545000,40.91347620166742,-73.13251771603561,10.783980623674944,44.09348960220814
1664564547000,40.91347620166742,-73.13251771603561,10.840887079679439,44.09348960220814
1664564549000,40.91347620166742,-73.13251771603561,10.938827654617329,44.09348960220814
1664564551000,40.91347620166742,-73.13251771603561,11.080680505505496,44.09348960220814
1664564552999,40.91347620166742,-73.13251771603561,11.210854317411963,44.09348960220814
1664564554999,40.91347620166742,-73.13251771603561,11.363528843938566,44.09348960220814
1664564556999,40.91347620166742,-73.13251771603561,11.424152988286485,44.09348960220814
1664564558999,40.91347620166742,-73.13251771603561,11.554006606045244,44.09348960220814
1664564560999,40.91347620166742,-73.13251771603561,11.568572573192606,44.09348960220814
1664564562999,40.91347620166742,-73.13251771603561,11.627648686232378,44.09348960220814
1664564564999,40.91347620166742,-73.13251771603561,11.670140342388741,44.09348960220814
1664564566999,40.91347620166742,-73.13251771603561,11.634604949677584,44.09348960220814
1664564568999,40.91347620166742,-73.13251771603561,11.683631910607568,44.09348960220814
1664564570999,40.91347620166742,-73.13251771603561,11.694001828671377,44.09348960220814
1664564572999,40.91347620166742,-73.13251771603561,11.777804556657415,44.09348960220814
1664564574999,40.91347620166742,-73.13251771603561,10.181627798297743,44.09348960220814
1664564576999,40.91347620166742,-73.13251771603561,10.235087615514015,44.09348960220814
1664564578999,40.91347620166742,-73.13251771603561,10.260378156196007,44.09348960220814
1664564580999,40.91347620166742,-73.13251771603561,10.293005568849962,44.09348960220814
1664564582999,40.91347620166742,-73.13251771603561,10.437423456247952,44.09348960220814
1664564584999,40.91347620166742,-73.13251771603561,10.48773754965693,44.09348960220814
1664564586999,40.91347620166742,-73.13251771603561,10.64417269141315,44.09348960220814
1664564588999,40.91347620166742,-73.13251771603561,10.711588788442118,44.09348960220814
1664564590999,40.91347620166742,-73.13251771603561,10.842465585941376,44.09348960220814
1664564592999,40.91347620166742,-73.13251771603561,10.882334907763418,44.09348960220814
1664564594999,40.91347620166742,-73.13251771603561,10.893327645863469,44.09348960220814
1664564596999,40.91347620166742,-73.13251771603561,10.982597875002561,44.09348960220814
1664564598999,40.91347620166742,-73.13251771603561,11.045345821159453,44.09348960220814
1664564600999,40.91347620166742,-73.13251771603561,11.099711659009897,44.09348960220814
1664564602999,40.91347620166742,-73.13251771603561,11.191597555715218,44.09348960220814
1664564604999,40.91347620166742,-73.13251771603561,11.194088736168018,44.09348960220814
1664564606999,40.91347620166742,-73.13251771603561,9.802057426126506,44.09348960220814
1664564608999,40.91347620166742,-73.13251771603561,9.874496733471219,44.09348960220814
1664564610999,40.91347620166742,-73.13251771603561,9.990971163079378,44.09348960220814
1664564612999,40.91347620166742,-73.13251771603561,10.174798329375975,44.09348960220814
1664564614999,40.91347620166742,-73.13251771603561,10.349758764673,44.09348960220814
1664564616999,40.91347620166742,-73.13251771603561,10.601771217542039,44.09348960220814
1664564618999,40.91347620166742,-73.13251771603561,10.763238683906431,44.09348960220814
1664564620999,40.91347620166742,-73.13251771603561,10.928695441537744,44.09348960220814
1664564622999,40.91347620166742,-73.13251771603561,11.058895797341235,44.09348960220814
1664564624999,40.91347620166742,-73.13251771603561,11.208096930991905,44.09348960220814
1664564626999,40.91347620166742,-73.13251771603561,11.328992721923232,44.09348960220814
1664564628999,40.91347620166742,-73.13251771603561,11.4744886146707,44.09348960220814
1664564630999,40.91347620166742,-73.13251771603561,11.62481493237397,44.09348960220814
1664564632999,40.91347620166742,-73.13251771603561,11.849369319106875,44.09348960220814
1664564634999,40.91347620166742,-73.13251771603561,11.981148952579067,44.09348960220814
1664564636999,40.91347620166742,-73.13251771603561,12.132152834463918,44.09348960220814
1664564638998,40.91347620166742,-73.13251771603561,10.453363104796587,44.09348960220814
1664564640998,40.91347620166742,-73.13251771603561,10.61504522957554,44.09348960220814
1664564642998,40.91347620166742,-73.13251771603561,10.770015424100093,44.09348960220814
1664564644998,40.91347620166742,-73.13251771603561,10.95193980249839,44.09348960220814
1664564646998,40.91347620166742,-73.13251771603561,11.121945801666953,44.09348960220814
1664564648998,40.91347620166742,-73.13251771603561,11.27502817045896,44.09348960220814
1664564651000,40.91347620166742,-73.13251771603561,11.401046109728043,44.09348960220814
1664564653000,40.91347620166742,-73.13251771603561,11.534626251329273,44.09348960220814
1664564655000,40.91347620166742,-73.13251771603561,11.673260140410845,44.09348960220814
1664564657000,40.91347620166742,-73.13251771603561,11.800286438473115,44.09348960220814
1664564659000,40.91347620166742,-73.13251771603561,11.965404488600797,44.09348960220814
1664564661000,40.91347620166742,-73.13251771603561,12.119183200105915,44.09348960220814
1664564663000,40.91347620166742,-73.13251771603561,12.326623400700015,44.09348960220814
1664564665000,40.91347620166742,-73.13251771603561,12.484565026167937,44.09348960220814
1664564667000,40.91347620166742,-73.13251771603561,12.600602539533762,44.09348960220814
1664564669000,40.91347620166742,-73.13251771603561,12.707318543069984,44.09348960220814
1664564671000,40.91347620166742,-73.13251771603561,12.853768894808145,44.09348960220814
1664564672999,40.91347620166742,-73.13251771603561,11.071303810725158,44.09348960220814
1664564674999,40.91347620166742,-73.13251771603561,11.163313056384338,44.09348960220814
1664564676999,40.91347620166742,-73.13251771603561,11.411826692717298,44.09348960220814
1664564678999,40.91347620166742,-73.13251771603561,11.573586377970857,44.09348960220814
1664564680999,40.91347620166742,-73.13251771603561,11.73722803405777,44.09348960220814
1664564682999,40.91347620166742,-73.13251771603561,11.929951000074238,44.09348960220814
1664564684999,40.91347620166742,-73.13251771603561,12.07196904773663,44.09348960220814
1664564686999,40.91347620166742,-73.13251771603561,12.262134923489537,44.09348960220814
1664564688999,40.91347620166742,-73.13251771603561,12.355197255751854,44.09348960220814
1664564690999,40.91347620166742,-73.13251771603561,12.50585791083655,44.09348960220814
1664564692999,40.91347620166742,-73.13251771603561,12.760288456501096,44.09348960220814
1664564694999,40.91347620166742,-73.13251771603561,12.892313975535641,44.09348960220814
1664564696999,40.91347620166742,-73.13251771603561,13.064675949930322,44.09348960220814
1664564698999,40.91347620166742,-73.13251771603561,13.200494959248617,44.09348960220814
1664564700999,40.91347620166742,-73.13251771603561,13.302782179961218,44.09348960220814
1664564702999,40.91347620166742,-73.13251771603561,11.218692074257204,44.09348960220814
1664564704999,40.91347620166742,-73.13251771603561,11.392429154361434,44.09348960220814
1664564706999,40.91347620166742,-73.13251771603561,11.549420481812865,44.09348960220814
1664564708999,40.91347620166742,-73.13251771603561,11.721474812622793,44.09348960220814
1664564710999,40.91347620166742,-73.13251771603561,11.976897920648863,44.09348960220814
1664564712999,40.91347620166742,-73.13251771603561,12.11299824822218,44.09348960220814
1664564714999,40.91347620166742,-73.13251771603561,12.290021328493511,44.09348960220814
1664564716999,40.91347620166742,-73.13251771603561,12.458279090036907,44.09348960220814
1664564718999,40.91347620166742,-73.13251771603561,12.612111083932476,44.09348960220814
1664564720999,40.91347620166742,-73.13251771603561,12.771814843052686,44.09348960220814
1664564722999,40.91347620166742,-73.13251771603561,12.911668892755511,44.09348960220814
1664564724999,40.91347620166742,-73.13251771603561,13.156320911298344,44.09348960220814
1664564726999,40.91347620166742,-73.13251771603561,13.286489655334295,44.09348960220814
1664564728999,40.91347620166742,-73.13251771603561,13.449556323762792,44.09348960220814
1664564730999,40.91347620166742,-73.13251771603561,13.597699301973844,44.09348960220814
1664564732999,40.91347620166742,-73.13251771603561,13.737942884564818,44.09348960220814
1664564734999,40.91347620166742,-73.13251771603561,13.850823942125034,44.09348960220814
1664564736999,40.91347620166742,-73.13251771603561,11.557704740826571,44.09348960220814
1664564738999,40.91347620166742,-73.13251771603561,11.716186827973432,44.09348960220814
1664564740999,40.91347620166742,-73.13251771603561,11.882748722544873,44.09348960220814
1664564742999,40.91347620166742,-73.13251771603561,12.041471413932392,44.09348960220814
1664564744999,40.91347620166742,-73.13251771603561,12.218232499451684,44.09348960220814
1664564746999,40.91347620166742,-73.13251771603561,12.457433525827364,44.09348960220814
1664564748999,40.91347620166742,-73.13251771603561,12.611542651285772,44.09348960220814
1664564750999,40.91347620166742,-73.13251771603561,12.744700698289492,44.09348960220814
1664564752998,40.91347620166742,-73.13251771603561,12.888667963116005,44.09348960220814
1664564754998,40.91347620166742,-73.13251771603561,13.03436261384663,44.09348960220814
1664564756998,40.91347620166742,-73.13251771603561,13.27287451099119,44.09348960220814
1664564758998,40.91347620166742,-73.13251771603561,13.430608970325217,44.09348960220814
1664564760998,40.91347620166742,-73.13251771603561,13.592470799920244,44.09348960220814
1664564762998,40.91347620166742,-73.13251771603561,13.726252856484441,44.09348960220814
1664564764998,40.91347620166742,-73.13251771603561,13.868201780737037,44.09348960220814
1664564766998,40.91347620166742,-73.13251771603561,14.00756150350727,44.09348960220814
1664564768998,40.91347620166742,-73.13251771603561,14.144679360705032,44.09348960220814
1664564770998,40.91347620166742,-73.13251771603561,14.291929625868573,44.09348960220814
1664564772998,40.91347620166742,-73.13251771603561,14.431531467355557,44.09348960220814
1664564774998,40.91347620166742,-73.13251771603561,14.606656058797356,44.09348960220814
1664564776999,40.91347620166742,-73.13251771603561,14.715934848104915,44.09348960220814
1664564778999,40.91347620166742,-73.13251771603561,14.857660673222059,44.09348960220814
1664564780999,40.91347620166742,-73.13251771603561,15.000027032053117,44.09348960220814
1664564782999,40.91347620166742,-73.13251771603561,15.124527923049104,44.09348960220814
1664564784999,40.91347620166742,-73.13251771603561,15.255399771896645,44.09348960220814
1664564786999,40.91347620166742,-73.13251771603561,15.375124533506959,44.09348960220814
1664564788999,40.91347620166742,-73.13251771603561,15.457977165364545,44.09348960220814
1664564790999,40.91347620166742,-73.13251771603561,15.576653233327853,44.09348960220814
1664564792999,40.91347620166742,-73.13251771603561,15.746351593269768,44.09348960220814
1664564794999,40.91347620166742,-73.13251771603561,15.852098379540665,44.09348960220814
1664564796999,40.91347620166742,-73.13251771603561,15.982143549841979,44.09348960220814
1664564798999,40.91347620166742,-73.13251771603561,16.09903675944754,44.09348960220814
1664564800999,40.91347620166742,-73.13251771603561,16.218717299450535,44.09348960220814
1664564802999,40.91347620166742,-73.13251771603561,16.31398331260279,44.09348960220814
1664564804999,40.91347620166742,-73.13251771603561,16.44182634518894,44.09348960220814
1664564806999,40.91347620166742,-73.13251771603561,16.549703401472488,44.09348960220814
1664564808999,40.91347620166742,-73.13251771603561,16.655308625399424,44.09348960220814
1664564810999,40.91347620166742,-73.13251771603561,16.777592340133545,44.09348960220814
1664564812999,40.91347620166742,-73.13251771603561,16.83197625433722,44.09348960220814
1664564814999,40.91347620166742,-73.13251771603561,16.941733634773055,44.09348960220814
1664564816999,40.91347620166742,-73.13251771603561,17.09631601814164,44.09348960220814
1664564818999,40.91347620166742,-73.13251771603561,17.210663388571536,44.09348960220814
1664564820999,40.91347620166742,-73.13251771603561,17.300364310559264,44.09348960220814
1664564822999,40.91347620166742,-73.13251771603561,17.406397079468185,44.09348960220814
1664564824999,40.91347620166742,-73.13251771603561,17.47217820572107,44.09348960220814
1664564826999,40.91347620166742,-73.13251771603561,17.560286082922683,44.09348960220814
1664564828999,40.91347620166742,-73.13251771603561,17.66472520622218,44.09348960220814
1664564830999,40.91347620166742,-73.13251771603561,13.28506815354589,44.09348960220814
1664564832999,40.91347620166742,-73.13251771603561,13.437768011597345,44.09348960220814
1664564834999,40.91347620166742,-73.13251771603561,13.58159420139948,44.09348960220814
1664564836999,40.91347620166742,-73.13251771603561,13.709046065946415,44.09348960220814
1664564838999,40.91347620166742,-73.13251771603561,13.862376874274348,44.09348960220814
1664564840999,40.91347620166742,-73.13251771603561,13.984751282537701,44.09348960220814
1664564842999,40.91347620166742,-73.13251771603561,14.13004252876859,44.09348960220814
1664564844999,40.91347620166742,-73.13251771603561,14.267473283887364,44.09348960220814
1664564846999,40.91347620166742,-73.13251771603561,14.408149769026448,44.09348960220814
1664564848999,40.91347620166742,-73.13251771603561,14.615041330574151,44.09348960220814
1664564850999,40.91347620166742,-73.13251771603561,14.756218086351977,44.09348960220814
1664564852999,40.91347620166742,-73.13251771603561,14.88523046707579,44.09348960220814
1664564854999,40.91347620166742,-73.13251771603561,15.014026724206587,44.09348960220814
1664564856999,40.91347620166742,-73.13251771603561,15.148866171493681,44.09348960220814
1664564858999,40.91347620166742,-73.13251771603561,15.276657690614211,44.09348960220814
1664564860999,40.91347620166742,-73.13251771603561,15.405562909288244,44.09348960220814
1664564862999,40.91347620166742,-73.13251771603561,12.273858852311207,44.09348960220814
1664564864999,40.91347620166742,-73.13251771603561,12.421062295475377,44.09348960220814
1664564866999,40.91347620166742,-73.13251771603561,12.576841988041954,44.09348960220814
1664564868999,40.91347620166742,-73.13251771603561,12.788893840914286,44.09348960220814
1664564870999,40.91347620166742,-73.13251771603561,12.94227512786622,44.09348960220814
1664564872999,40.91347620166742,-73.13251771603561,13.032534955699765,44.09348960220814
1664564874999,40.91347620166742,-73.13251771603561,13.200389470956031,44.09348960220814
1664564876999,40.91347620166742,-73.13251771603561,13.356560933115913,44.09348960220814
1664564878999,40.91347620166742,-73.13251771603561,13.485560260733092,44.09348960220814
1664564880999,40.91347620166742,-73.13251771603561,13.643228187614818,44.09348960220814
1664564882999,40.91347620166742,-73.13251771603561,13.858566377598631,44.09348960220814
1664564884999,40.91347620166742,-73.13251771603561,14.01532095746188,44.09348960220814
1664564886999,40.91347620166742,-73.13251771603561,14.147752619442253,44.09348960220814
1664564888999,40.91347620166742,-73.13251771603561,14.280984155168014,44.09348960220814
1664564890998,40.91347620166742,-73.13251771603561,14.43509635370662,44.09348960220814
1664564892998,40.91347620166742,-73.13251771603561,14.569672290820037,44.09348960220814
1664564894998,40.91347620166742,-73.13251771603561,14.706729292360073,44.09348960220814
1664564896998,40.91347620166742,-73.13251771603561,11.998804539072458,44.09348960220814
1664564898998,40.91347620166742,-73.13251771603561,12.205360055416538,44.09348960220814
1664564900998,40.91347620166742,-73.13251771603561,12.315174370402314,44.09348960220814
1664564903000,40.91347620166742,-73.13251771603561,12.553012003589377,44.09348960220814
1664564905000,40.91347620166742,-73.13251771603561,12.696425653668246,44.09348960220814
1664564907000,40.91347620166742,-73.13251771603561,12.824322542227089,44.09348960220814
1664564909000,40.91347620166742,-73.13251771603561,12.947043527951601,44.09348960220814
1664564911000,40.91347620166742,-73.13251771603561,13.105231164968508,44.09348960220814
1664564913000,40.91347620166742,-73.13251771603561,13.22885776175261,44.09348960220814
1664564915000,40.91347620166742,-73.13251771603561,13.363006919262126,44.09348960220814
1664564917000,40.91347620166742,-73.13251771603561,13.496158084917973,44.09348960220814
1664564919000,40.91347620166742,-73.13251771603561,13.652354658517613,44.09348960220814
1664564921000,40.91347620166742,-73.13251771603561,13.769534074244136,44.09348960220814
1664564923000,40.91347620166742,-73.13251771603561,13.809188329325805,44.09348960220814
1664564924999,40.91347620166742,-73.13251771603561,13.895253204751327,44.09348960220814
1664564926999,40.91347620166742,-73.13251771603561,13.967825540031589,44.09348960220814
1664564928999,40.91347620166742,-73.13251771603561,11.571892802716526,44.09348960220814
1664564930999,40.91347620166742,-73.13251771603561,11.695864351951665,44.09348960220814
1664564932999,40.91347620166742,-73.13251771603561,11.823539377845492,44.09348960220814
1664564934999,40.91347620166742,-73.13251771603561,11.922066461733452,44.09348960220814
1664564936999,40.91347620166742,-73.13251771603561,12.103901396408423,44.09348960220814
1664564938999,40.91347620166742,-73.13251771603561,12.181940325253699,44.09348960220814
1664564940999,40.91347620166742,-73.13251771603561,12.20496481230594,44.09348960220814
1664564942999,40.91347620166742,-73.13251771603561,12.290303650518819,44.09348960220814
1664564944999,40.91347620166742,-73.13251771603561,12.314497958740347,44.09348960220814
1664564946999,40.91347620166742,-73.13251771603561,12.236529491867103,44.09348960220814
1664564948999,40.91347620166742,-73.13251771603561,12.154548220927733,44.09348960220814
1664564950999,40.91347620166742,-73.13251771603561,12.146435385725697,44.09348960220814
1664564952999,40.91347620166742,-73.13251771603561,12.221143769187192,44.09348960220814
1664564954999,40.91347620166742,-73.13251771603561,12.254801978804224,44.09348960220814
1664564956999,40.91347620166742,-73.13251771603561,12.417290332512803,44.09348960220814
1664564958999,40.91347620166742,-73.13251771603561,10.366907440206335,44.09348960220814
1664564960999,40.91347620166742,-73.13251771603561,10.447009647585858,44.09348960220814
1664564962999,40.91347620166742,-73.13251771603561,10.50765037432612,44.09348960220814
1664564964999,40.91347620166742,-73.13251771603561,10.55304321357189,44.09348960220814
1664564966999,40.91347620166742,-73.13251771603561,10.544206411904181,44.09348960220814
1664564968999,40.91347620166742,-73.13251771603561,10.59902244825819,44.09348960220814
1664564970999,40.91347620166742,-73.13251771603561,10.670698510933061,44.09348960220814
1664564972999,40.91347620166742,-73.13251771603561,10.759427564580744,44.09348960220814
1664564974999,40.91347620166742,-73.13251771603561,10.848305467053171,44.09348960220814
1664564976999,40.91347620166742,-73.13251771603561,10.995929119836184,44.09348960220814
1664564978999,40.91347620166742,-73.13251771603561,11.090367201492057,44.09348960220814
1664564980999,40.91347620166742,-73.13251771603561,11.223527397473825,44.09348960220814
1664564982999,40.91347620166742,-73.13251771603561,11.300982002344432,44.09348960220814
1664564984999,40.91347620166742,-73.13251771603561,11.393688898769316,44.09348960220814
1664564986999,40.91347620166742,-73.13251771603561,11.497023782124057,44.09348960220814
1664564988999,40.91347620166742,-73.13251771603561,11.584275400835644,44.09348960220814
1664564990999,40.91347620166742,-73.13251771603561,11.635558121142408,44.09348960220814
1664564992999,40.91347620166742,-73.13251771603561,10.00541785367267,44.09348960220814
1664564994999,40.91347620166742,-73.13251771603561,10.151570383532173,44.09348960220814
1664564996999,40.91347620166742,-73.13251771603561,10.295366614469263,44.09348960220814
1664564998999,40.91347620166742,-73.13251771603561,10.345529673653598,44.09348960220814
1664565000999,40.91347620166742,-73.13251771603561,10.490571786212124,44.09348960220814
1664565002999,40.91347620166742,-73.13251771603561,10.581473840053322,44.09348960220814
1664565004999,40.91347620166742,-73.13251771603561,10.650629827033141,44.09348960220814
1664565006999,40.91347620166742,-73.13251771603561,10.725875536992186,44.09348960220814
1664565008998,40.91347620166742,-73.13251771603561,10.845540054458235,44.09348960220814
1664565010998,40.91347620166742,-73.13251771603561,10.921751525523337,44.09348960220814
1664565012998,40.91347620166742,-73.13251771603561,11.00291570878044,44.09348960220814
1664565014998,40.91347620166742,-73.13251771603561,11.113522495312601,44.09348960220814
1664565016998,40.91347620166742,-73.13251771603561,11.319061123775388,44.09348960220814
1664565018998,40.91347620166742,-73.13251771603561,11.418877116472535,44.09348960220814
1664565020998,40.91347620166742,-73.13251771603561,11.550501515432533,44.09348960220814
1664565022998,40.91347620166742,-73.13251771603561,11.657069489347657,44.09348960220814
1664565024998,40.91347620166742,-73.13251771603561,10.087539327220112,44.09348960220814
1664565026998,40.91347620166742,-73.13251771603561,10.262004860062525,44.09348960220814
1664565029000,40.91347620166742,-73.13251771603561,10.436874710103325,44.09348960220814
1664565031000,40.91347620166742,-73.13251771603561,10.600252778674237,44.09348960220814
1664565033000,40.91347620166742,-73.13251771603561,10.727507778995388,44.09348960220814
1664565035000,40.91347620166742,-73.13251771603561,10.926507479686295,44.09348960220814
1664565037000,40.91347620166742,-73.13251771603561,11.101935664553364,44.09348960220814
1664565039000,40.91347620166742,-73.13251771603561,11.247377808970967,44.09348960220814
1664565041000,40.91347620166742,-73.13251771603561,11.390565337676458,44.09348960220814
1664565043000,40.91347620166742,-73.13251771603561,11.501337258595292,44.09348960220814
1664565045000,40.91347620166742,-73.13251771603561,11.609716710378299,44.09348960220814
1664565047000,40.91347620166742,-73.13251771603561,11.716307588229302,44.09348960220814
1664565049000,40.91347620166742,-73.13251771603561,11.857219924815233,44.09348960220814
1664565051000,40.91347620166742,-73.13251771603561,12.08699034303841,44.09348960220814
1664565052999,40.91347620166742,-73.13251771603561,12.147580960305357,44.09348960220814
1664565054999,40.91347620166742,-73.13251771603561,10.36077014891395,44.09348960220814
1664565056999,40.91347620166742,-73.13251771603561,10.502969050150687,44.09348960220814
1664565058999,40.91347620166742,-73.13251771603561,10.675715727038353,44.09348960220814
1664565060999,40.91347620166742,-73.13251771603561,10.835313747245966,44.09348960220814
1664565062999,40.91347620166742,-73.13251771603561,10.93468555137908,44.09348960220814
1664565064999,40.91347620166742,-73.13251771603561,11.126013470545237,44.09348960220814
1664565066999,40.91347620166742,-73.13251771603561,11.169858845693073,44.09348960220814
1664565068999,40.91347620166742,-73.13251771603561,11.210080657162127,44.09348960220814
1664565070999,40.91347620166742,-73.13251771603561,11.269969323183416,44.09348960220814
1664565072999,40.91347620166742,-73.13251771603561,11.276766581678176,44.09348960220814
1664565074999,40.91347620166742,-73.13251771603561,11.363782561497107,44.09348960220814
1664565076999,40.91347620166742,-73.13251771603561,11.466071258975736,44.09348960220814
1664565078999,40.91347620166742,-73.13251771603561,11.622371731515626,44.09348960220814
1664565080999,40.91347620166742,-73.13251771603561,11.707580240923386,44.09348960220814
1664565082999,40.91347620166742,-73.13251771603561,11.824175810271008,44.09348960220814
1664565084999,40.91347620166742,-73.13251771603561,11.922466581058462,44.09348960220814
1664565086999,40.91347620166742,-73.13251771603561,12.029722363526494,44.09348960220814
1664565088999,40.91347620166742,-73.13251771603561,10.294930585349173,44.09348960220814
1664565090999,40.91347620166742,-73.13251771603561,10.367640119027461,44.09348960220814
1664565092999,40.91347620166742,-73.13251771603561,10.530484187624165,44.09348960220814
1664565094999,40.91347620166742,-73.13251771603561,10.583005302443699,44.09348960220814
1664565096999,40.91347620166742,-73.13251771603561,10.590458490467666,44.09348960220814
1664565098999,40.91347620166742,-73.13251771603561,10.709220633229757,44.09348960220814
1664565100999,40.91347620166742,-73.13251771603561,10.784912584967072,44.09348960220814
1664565102999,40.91347620166742,-73.13251771603561,10.882239747671887,44.09348960220814
1664565104999,40.91347620166742,-73.13251771603561,11.069320004622687,44.09348960220814
1664565106999,40.91347620166742,-73.13251771603561,11.2247470521003,44.09348960220814
1664565108999,40.91347620166742,-73.13251771603561,11.313701320212312,44.09348960220814
1664565110999,40.91347620166742,-73.13251771603561,11.450572698889236,44.09348960220814
1664565112999,40.91347620166742,-73.13251771603561,11.52233318427063,44.09348960220814
1664565114999,40.91347620166742,-73.13251771603561,11.659228402408223,44.09348960220814
1664565116999,40.91347620166742,-73.13251771603561,11.671523209260888,44.09348960220814
1664565118999,40.91347620166742,-73.13251771603561,11.765861653363,44.09348960220814
1664565120999,40.91347620166742,-73.13251771603561,10.120810196341676,44.09348960220814
1664565122999,40.91347620166742,-73.13251771603561,10.214781699022065,44.09348960220814
1664565124999,40.91347620166742,-73.13251771603561,10.275560657224418,44.09348960220814
1664565126999,40.91347620166742,-73.13251771603561,10.335950673880562,44.09348960220814
1664565128999,40.91347620166742,-73.13251771603561,10.362551947030353,44.09348960220814
1664565130999,40.91347620166742,-73.13251771603561,10.426322418668605,44.09348960220814
1664565132999,40.91347620166742,-73.13251771603561,10.524047017396452,44.09348960220814
1664565134999,40.91347620166742,-73.13251771603561,10.525889639717496,44.09348960220814
1664565136999,40.91347620166742,-73.13251771603561,10.537805986179304,44.09348960220814
1664565138999,40.91347620166742,-73.13251771603561,10.6309467963137,44.09348960220814
1664565140999,40.91347620166742,-73.13251771603561,10.698315677116327,44.09348960220814
1664565142998,40.91347620166742,-73.13251771603561,10.719527231334453,44.09348960220814
1664565144998,40.91347620166742,-73.13251771603561,10.836196755128089,44.09348960220814
1664565146998,40.91347620166742,-73.13251771603561,10.916391475092814,44.09348960220814
1664565148998,40.91347620166742,-73.13251771603561,10.95634740098297,44.09348960220814
1664565150998,40.91347620166742,-73.13251771603561,11.071901913068016,44.09348960220814
1664565152998,40.91347620166742,-73.13251771603561,9.568458652713291,44.09348960220814
1664565155000,40.91347620166742,-73.13251771603561,9.629582275910552,44.09348960220814
1664565157000,40.91347620166742,-73.13251771603561,9.673717900719362,44.09348960220814
1664565159000,40.91347620166742,-73.13251771603561,9.814411239193706,44.09348960220814
1664565161000,40.91347620166742,-73.13251771603561,9.870801681335877,44.09348960220814
1664565163000,40.91347620166742,-73.13251771603561,9.954388216061107,44.09348960220814
1664565165000,40.91347620166742,-73.13251771603561,10.073321149655563,44.09348960220814
1664565167000,40.91347620166742,-73.13251771603561,10.187701590466002,44.09348960220814
1664565169000,40.91347620166742,-73.13251771603561,10.299256362879754,44.09348960220814
1664565171000,40.91347620166742,-73.13251771603561,10.387811907085416,44.09348960220814
1664565173000,40.91347620166742,-73.13251771603561,10.467485063470956,44.09348960220814
1664565175000,40.91347620166742,-73.13251771603561,10.487770947376864,44.09348960220814
1664565176999,40.91347620166742,-73.13251771603561,10.530474253911136,44.09348960220814
1664565178999,40.91347620166742,-73.13251771603561,10.6052342505671,44.09348960220814
1664565180999,40.91347620166742,-73.13251771603561,10.715193905270844,44.09348960220814
1664565182999,40.91347620166742,-73.13251771603561,9.277676204812476,44.09348960220814
1664565184999,40.91347620166742,-73.13251771603561,9.377236416106935,44.09348960220814
1664565186999,40.91347620166742,-73.13251771603561,9.449134286759827,44.09348960220814
1664565188999,40.91347620166742,-73.13251771603561,9.57104787853418,44.09348960220814
1664565190999,40.91347620166742,-73.13251771603561,9.624489699859692,44.09348960220814
1664565192999,40.91347620166742,-73.13251771603561,9.744312733931636,44.09348960220814
1664565194999,40.91347620166742,-73.13251771603561,9.820702297539249,44.09348960220814
1664565196999,40.91347620166742,-73.13251771603561,9.943264164784237,44.09348960220814
1664565198999,40.91347620166742,-73.13251771603561,10.011908848188664,44.09348960220814
1664565200999,40.91347620166742,-73.13251771603561,10.11576739024247,44.09348960220814
1664565202999,40.91347620166742,-73.13251771603561,10.186884923893231,44.09348960220814
1664565204999,40.91347620166742,-73.13251771603561,10.277708424411367,44.09348960220814
1664565206999,40.91347620166742,-73.13251771603561,10.317387431872659,44.09348960220814
1664565208999,40.91347620166742,-73.13251771603561,10.370449555902443,44.09348960220814
1664565210999,40.91347620166742,-73.13251771603561,10.48991197435857,44.09348960220814
1664565212999,40.91347620166742,-73.13251771603561,10.559173691825936,44.09348960220814
1664565214999,40.91347620166742,-73.13251771603561,10.586190088378853,44.09348960220814
1664565216999,40.91347620166742,-73.13251771603561,10.556428726714175,44.09348960220814
1664565218999,40.91347620166742,-73.13251771603561,10.617443330627962,44.09348960220814
1664565220999,40.91347620166742,-73.13251771603561,10.721765602255013,44.09348960220814
1664565222999,40.91347620166742,-73.13251771603561,10.722926300433024,44.09348960220814
1664565224999,40.91347620166742,-73.13251771603561,10.783937307913991,44.09348960220814
1664565226999,40.91347620166742,-73.13251771603561,10.693825149069465,44.09348960220814
1664565228999,40.91347620166742,-73.13251771603561,10.718805351176321,44.09348960220814
1664565230999,40.91347620166742,-73.13251771603561,10.789917864159856,44.09348960220814
1664565232999,40.91347620166742,-73.13251771603561,10.851700890225246,44.09348960220814
1664565234999,40.91347620166742,-73.13251771603561,10.830182131195707,44.09348960220814
1664565236999,40.91347620166742,-73.13251771603561,10.753072679508511,44.09348960220814
1664565238999,40.91347620166742,-73.13251771603561,10.745776786555382,44.09348960220814
1664565240999,40.91347620166742,-73.13251771603561,10.94248908532159,44.09348960220814
1664565242999,40.91347620166742,-73.13251771603561,11.059702316433158,44.09348960220814
1664565244999,40.91347620166742,-73.13251771603561,11.194474474649411,44.09348960220814
1664565246999,40.91347620166742,-73.13251771603561,11.28142609314917,44.09348960220814
1664565248999,40.91347620166742,-73.13251771603561,9.655863515383475,44.09348960220814
1664565250999,40.91347620166742,-73.13251771603561,9.784836276796844,44.09348960220814
1664565252999,40.91347620166742,-73.13251771603561,9.911000122012934,44.09348960220814
1664565254999,40.91347620166742,-73.13251771603561,10.002007732901518,44.09348960220814
1664565256999,40.91347620166742,-73.13251771603561,10.11873007347542,44.09348960220814
1664565258999,40.91347620166742,-73.13251771603561,10.351829247225483,44.09348960220814
1664565260999,40.91347620166742,-73.13251771603561,10.435696233662197,44.09348960220814
1664565262998,40.91347620166742,-73.13251771603561,10.552945671690352,44.09348960220814
1664565264998,40.91347620166742,-73.13251771603561,10.697156508306504,44.09348960220814
1664565266998,40.91347620166742,-73.13251771603561,10.791723759543917,44.09348960220814
1664565268998,40.91347620166742,-73.13251771603561,10.929442906287072,44.09348960220814
1664565270998,40.91347620166742,-73.13251771603561,10.986333838501084,44.09348960220814
1664565272998,40.91347620166742,-73.13251771603561,11.046180851815032,44.09348960220814
1664565274998,40.91347620166742,-73.13251771603561,11.166319711484551,44.09348960220814
1664565276998,40.91347620166742,-73.13251771603561,11.194617265956168,44.09348960220814
1664565278998,40.91347620166742,-73.13251771603561,9.731117480259497,44.09348960220814
1664565281000,40.91347620166742,-73.13251771603561,9.876153427099187,44.09348960220814
1664565283000,40.91347620166742,-73.13251771603561,10.023566833479064,44.09348960220814
1664565285000,40.91347620166742,-73.13251771603561,10.169911255786177,44.09348960220814
1664565287000,40.91347620166742,-73.13251771603561,10.304883003856496,44.09348960220814
1664565289000,40.91347620166742,-73.13251771603561,10.459659514407337,44.09348960220814
1664565291000,40.91347620166742,-73.13251771603561,10.605725729701044,44.09348960220814
1664565293000,40.91347620166742,-73.13251771603561,10.73908044061262,44.09348960220814
1664565295000,40.91347620166742,-73.13251771603561,10.797739162038361,44.09348960220814
1664565297000,40.91347620166742,-73.13251771603561,10.947141454059784,44.09348960220814
1664565299000,40.91347620166742,-73.13251771603561,10.920557260387397,44.09348960220814
1664565301000,40.91347620166742,-73.13251771603561,10.951062076107203,44.09348960220814
1664565302999,40.91347620166742,-73.13251771603561,10.88165160263064,44.09348960220814
1664565304999,40.91347620166742,-73.13251771603561,10.863332933774831,44.09348960220814
1664565306999,40.91347620166742,-73.13251771603561,10.840247644495784,44.09348960220814
1664565308999,40.91347620166742,-73.13251771603561,10.860152371928908,44.09348960220814
1664565310999,40.91347620166742,-73.13251771603561,10.911668205619131,44.09348960220814
1664565312999,40.91347620166742,-73.13251771603561,9.590917202283853,44.09348960220814
1664565314999,40.91347620166742,-73.13251771603561,9.627057651251766,44.09348960220814
1664565316999,40.91347620166742,-73.13251771603561,9.706439460145004,44.09348960220814
1664565318999,40.91347620166742,-73.13251771603561,9.790959011759185,44.09348960220814
1664565320999,40.91347620166742,-73.13251771603561,9.935803400001703,44.09348960220814
1664565322999,40.91347620166742,-73.13251771603561,10.007320634159342,44.09348960220814
1664565324999,40.91347620166742,-73.13251771603561,10.093300039188888,44.09348960220814
1664565326999,40.91347620166742,-73.13251771603561,10.193368132698126,44.09348960220814
1664565328999,40.91347620166742,-73.13251771603561,10.18602152267784,44.09348960220814
1664565330999,40.91347620166742,-73.13251771603561,10.171891681472056,44.09348960220814
1664565332999,40.91347620166742,-73.13251771603561,10.160866930163802,44.09348960220814
1664565334999,40.91347620166742,-73.13251771603561,10.178481201128964,44.09348960220814
1664565336999,40.91347620166742,-73.13251771603561,10.254025692422807,44.09348960220814
1664565338999,40.91347620166742,-73.13251771603561,10.390140428016794,44.09348960220814
1664565340999,40.91347620166742,-73.13251771603561,10.434653098633653,44.09348960220814
1664565342999,40.91347620166742,-73.13251771603561,9.204070329397494,44.09348960220814
1664565344999,40.91347620166742,-73.13251771603561,9.228589792362746,44.09348960220814
1664565346999,40.91347620166742,-73.13251771603561,9.325483786080108,44.09348960220814
1664565348999,40.91347620166742,-73.13251771603561,9.43964469194693,44.09348960220814
1664565350999,40.91347620166742,-73.13251771603561,9.545506445078699,44.09348960220814
1664565352999,40.91347620166742,-73.13251771603561,9.670607620965226,44.09348960220814
1664565354999,40.91347620166742,-73.13251771603561,9.834174871056774,44.09348960220814
1664565356999,40.91347620166742,-73.13251771603561,9.82485467023525,44.09348960220814
1664565358999,40.91347620166742,-73.13251771603561,9.998029854428195,44.09348960220814
1664565360999,40.91347620166742,-73.13251771603561,10.02394980419644,44.09348960220814
1664565362999,40.91347620166742,-73.13251771603561,10.067672576109162,44.09348960220814
1664565364999,40.91347620166742,-73.13251771603561,10.09369695585861,44.09348960220814
1664565366999,40.91347620166742,-73.13251771603561,10.209463705688936,44.09348960220814
1664565368999,40.91347620166742,-73.13251771603561,10.39084541719753,44.09348960220814
1664565369999,40.91344256182934,-73.13263070027477,10.528564645764606,44.165006298571825
1664565370999,40.91344254665652,-73.13263067591254,10.230173925010005,44.17377387639135
1664565372999,40.91344254665652,-73.13263067591254,9.130311624547888,44.17377387639135
1664565374999,40.91344254665652,-73.13263067591254,9.346879460622368,44.17377387639135
1664565376999,40.91344254665652,-73.13263067591254,9.453163225900434,44.17377387639135
1664565378999,40.91344254665652,-73.13263067591254,9.582136867325747,44.17377387639135
1664565380999,40.91344254665652,-73.13263067591254,9.752883609034905,44.17377387639135
1664565382999,40.91344254665652,-73.13263067591254,9.872941719026429,44.17377387639135
1664565384999,40.91344254665652,-73.13263067591254,10.125264573458965,44.17377387639135
1664565386999,40.91344254665652,-73.13263067591254,10.265713756230571,44.17377387639135
1664565388998,40.91344254665652,-73.13263067591254,10.423261863403143,44.17377387639135
1664565390998,40.91344254665652,-73.13263067591254,10.60082923169798,44.17377387639135
1664565392998,40.91344254665652,-73.13263067591254,10.72607232574539,44.17377387639135
1664565394998,40.91344254665652,-73.13263067591254,10.969908251118355,44.17377387639135
1664565396998,40.91344254665652,-73.13263067591254,11.086194681743537,44.17377387639135
1664565398998,40.91344254665652,-73.13263067591254,11.207593914012293,44.17377387639135
1664565400998,40.91344254665652,-73.13263067591254,11.3400689264015,44.17377387639135
1664565402998,40.91344254665652,-73.13263067591254,11.45437495071413,44.17377387639135
1664565404998,40.91344254665652,-73.13263067591254,11.617571116199686,44.17377387639135
1664565407000,40.91344254665652,-73.13263067591254,11.733306511900011,44.17377387639135
1664565409000,40.91344254665652,-73.13263067591254,11.924440653580561,44.17377387639135
1664565411000,40.91344254665652,-73.13263067591254,12.010754582546008,44.17377387639135
1664565413000,40.91344254665652,-73.13263067591254,12.120843757341426,44.17377387639135
1664565415000,40.91344254665652,-73.13263067591254,12.192992902543795,44.17377387639135
1664565417000,40.91344254665652,-73.13263067591254,12.317166225639081,44.17377387639135
1664565419000,40.91344254665652,-73.13263067591254,12.436071529750079,44.17377387639135
1664565421000,40.91344254665652,-73.13263067591254,12.554617275999872,44.17377387639135
1664565423000,40.91344254665652,-73.13263067591254,12.741447322971041,44.17377387639135
1664565425000,40.91344254665652,-73.13263067591254,12.863741202454193,44.17377387639135
1664565426999,40.91344254665652,-73.13263067591254,12.950749088826152,44.17377387639135
1664565428999,40.91344254665652,-73.13263067591254,13.043705581170203,44.17377387639135
1664565430999,40.91344254665652,-73.13263067591254,13.148685279071051,44.17377387639135
1664565432999,40.91344254665652,-73.13263067591254,10.34304323698642,44.17377387639135
1664565434999,40.91344254665652,-73.13263067591254,10.547392211518645,44.17377387639135
1664565436999,40.91344254665652,-73.13263067591254,10.686894313885517,44.17377387639135
1664565438999,40.91344254665652,-73.13263067591254,10.798304014740463,44.17377387639135
1664565440999,40.91344254665652,-73.13263067591254,10.916918976470017,44.17377387639135
1664565442999,40.91344254665652,-73.13263067591254,11.048884761062396,44.17377387639135
1664565444999,40.91344254665652,-73.13263067591254,11.174178472988915,44.17377387639135
1664565446999,40.91344254665652,-73.13263067591254,11.3064487191163,44.17377387639135
1664565448999,40.91344254665652,-73.13263067591254,11.429855710393884,44.17377387639135
1664565450999,40.91344254665652,-73.13263067591254,11.575659825348545,44.17377387639135
1664565452999,40.91344254665652,-73.13263067591254,11.70149710460654,44.17377387639135
1664565454999,40.91344254665652,-73.13263067591254,11.814887172713803,44.17377387639135
1664565456999,40.91344254665652,-73.13263067591254,11.921330052460977,44.17377387639135
1664565458999,40.91344254665652,-73.13263067591254,12.0300650372719,44.17377387639135
1664565460999,40.91344254665652,-73.13263067591254,12.126555798388704,44.17377387639135
1664565462999,40.91344254665652,-73.13263067591254,12.246256551201899,44.17377387639135
1664565464999,40.91344254665652,-73.13263067591254,12.360582077264505,44.17377387639135
1664565466999,40.91344254665652,-73.13263067591254,12.472005753117974,44.17377387639135
1664565468999,40.91344254665652,-73.13263067591254,12.569896371415021,44.17377387639135
1664565470999,40.91344254665652,-73.13263067591254,12.675574467165069,44.17377387639135
1664565472999,40.91344254665652,-73.13263067591254,12.83580937819113,44.17377387639135
1664565474999,40.91344254665652,-73.13263067591254,12.933968704395442,44.17377387639135
1664565476999,40.91344254665652,-73.13263067591254,13.024788865931296,44.17377387639135
1664565478999,40.91344254665652,-73.13263067591254,13.131191893337315,44.17377387639135
1664565480999,40.91344254665652,-73.13263067591254,13.225877044030785,44.17377387639135
1664565482999,40.91344254665652,-73.13263067591254,13.311137671558532,44.17377387639135
1664565484999,40.91344254665652,-73.13263067591254,13.389885253236288,44.17377387639135
1664565486999,40.91344254665652,-73.13263067591254,13.45498614091931,44.17377387639135
1664565488999,40.91344254665652,-73.13263067591254,13.618034492739435,44.17377387639135
1664565490999,40.91344254665652,-73.13263067591254,13.724673523772314,44.17377387639135
1664565492999,40.91344254665652,-73.13263067591254,13.848104004813223,44.17377387639135
1664565494999,40.91344254665652,-73.13263067591254,12.493654160078826,44.17377387639135
1664565496999,40.91344254665652,-73.13263067591254,10.768302364916227,44.17377387639135
1664565498999,40.91344254665652,-73.13263067591254,10.926003628701086,44.17377387639135
1664565500999,40.91344254665652,-73.13263067591254,11.168488284851666,44.17377387639135
1664565502999,40.91344254665652,-73.13263067591254,11.343015667821774,44.17377387639135
1664565504999,40.91344254665652,-73.13263067591254,11.51048460380596,44.17377387639135
1664565506998,40.91344254665652,-73.13263067591254,11.623447619497888,44.17377387639135
1664565508998,40.91344254665652,-73.13263067591254,11.772609586564322,44.17377387639135
1664565510998,40.91344254665652,-73.13263067591254,11.923870189278755,44.17377387639135
1664565512998,40.91344254665652,-73.13263067591254,12.071916327407553,44.17377387639135
1664565514998,40.91344254665652,-73.13263067591254,12.203460916586119,44.17377387639135
1664565516998,40.91344254665652,-73.13263067591254,12.348386821472081,44.17377387639135
1664565518998,40.91344254665652,-73.13263067591254,12.571482716918853,44.17377387639135
1664565520998,40.91344254665652,-73.13263067591254,12.710240598447513,44.17377387639135
1664565522998,40.91344254665652,-73.13263067591254,12.831049107086518,44.17377387639135
1664565524998,40.91344254665652,-73.13263067591254,12.972155310215847,44.17377387639135
1664565526998,40.91344254665652,-73.13263067591254,11.12986701700502,44.17377387639135
1664565528998,40.91344254665652,-73.13263067591254,11.353220666577963,44.17377387639135
1664565530998,40.91344254665652,-73.13263067591254,11.520354395757211,44.17377387639135
1664565532999,40.91344254665652,-73.13263067591254,11.693592339004281,44.17377387639135
1664565534999,40.91344254665652,-73.13263067591254,11.867256270537945,44.17377387639135
1664565536999,40.91344254665652,-73.13263067591254,12.012248826101425,44.17377387639135
1664565538999,40.91344254665652,-73.13263067591254,12.168371455730723,44.17377387639135
1664565540999,40.91344254665652,-73.13263067591254,12.328611939524924,44.17377387639135
1664565542999,40.91344254665652,-73.13263067591254,12.463376679031493,44.17377387639135
1664565544999,40.91344254665652,-73.13263067591254,12.63823895410851,44.17377387639135
1664565546999,40.91344254665652,-73.13263067591254,12.881911651497665,44.17377387639135
1664565548999,40.91344254665652,-73.13263067591254,12.98735484299842,44.17377387639135
1664565550999,40.91344254665652,-73.13263067591254,13.113519892711961,44.17377387639135
1664565552999,40.91344254665652,-73.13263067591254,13.248315816538616,44.17377387639135
1664565554999,40.91344254665652,-73.13263067591254,13.354575962966742,44.17377387639135
1664565556999,40.91344254665652,-73.13263067591254,11.149838322969325,44.17377387639135
1664565558999,40.91344254665652,-73.13263067591254,11.33599399524304,44.17377387639135
1664565560999,40.91344254665652,-73.13263067591254,11.45384785071891,44.17377387639135
1664565562999,40.91344254665652,-73.13263067591254,11.63851709830297,44.17377387639135
1664565564999,40.91344254665652,-73.13263067591254,11.80915341791067,44.17377387639135
1664565566999,40.91344254665652,-73.13263067591254,11.944363583099655,44.17377387639135
1664565568999,40.91344254665652,-73.13263067591254,12.075724397552689,44.17377387639135
1664565570999,40.91344254665652,-73.13263067591254,12.214965898602575,44.17377387639135
1664565572999,40.91344254665652,-73.13263067591254,12.349671674540595,44.17377387639135
1664565574999,40.91344254665652,-73.13263067591254,12.518915622035452,44.17377387639135
1664565576999,40.91344254665652,-73.13263067591254,12.567452691548151,44.17377387639135
1664565578999,40.91344254665652,-73.13263067591254,12.706173130104505,44.17377387639135
1664565580999,40.91344254665652,-73.13263067591254,12.93157714196374,44.17377387639135
1664565582999,40.91344254665652,-73.13263067591254,13.047609300409572,44.17377387639135
1664565584999,40.91344254665652,-73.13263067591254,13.157895459796531,44.17377387639135
1664565586999,40.91344254665652,-73.13263067591254,13.291727212196545,44.17377387639135
1664565588999,40.91344254665652,-73.13263067591254,13.412666493016415,44.17377387639135
1664565590999,40.91344254665652,-73.13263067591254,11.376976981973243,44.17377387639135
1664565592999,40.91344254665652,-73.13263067591254,11.513690155539138,44.17377387639135
1664565594999,40.91344254665652,-73.13263067591254,11.674347850523661,44.17377387639135
1664565596999,40.91344254665652,-73.13263067591254,11.848872334796862,44.17377387639135
1664565598999,40.91344254665652,-73.13263067591254,11.93353866276244,44.17377387639135
1664565600999,40.91344254665652,-73.13263067591254,12.093900517170404,44.17377387639135
1664565602999,40.91344254665652,-73.13263067591254,12.236006157490376,44.17377387639135
1664565604999,40.91344254665652,-73.13263067591254,12.36466712938253,44.17377387639135
1664565606999,40.91344254665652,-73.13263067591254,12.507825561247111,44.17377387639135
1664565608999,40.91344254665652,-73.13263067591254,12.641131042117415,44.17377387639135
1664565610999,40.91344254665652,-73.13263067591254,12.863376629249379,44.17377387639135
1664565612999,40.91344254665652,-73.13263067591254,12.94769658496081,44.17377387639135
1664565614999,40.91344254665652,-73.13263067591254,13.006114575538465,44.17377387639135
1664565616999,40.91344254665652,-73.13263067591254,13.105961321838553,44.17377387639135
1664565618999,40.91344254665652,-73.13263067591254,13.142210742468704,44.17377387639135
1664565620999,40.91344254665652,-73.13263067591254,10.986988463933407,44.17377387639135
1664565622999,40.91344254665652,-73.13263067591254,11.091896679838891,44.17377387639135
1664565624999,40.91344254665652,-73.13263067591254,11.309928990105846,44.17377387639135
1664565626999,40.91344254665652,-73.13263067591254,11.393014833399485,44.17377387639135
1664565628999,40.91344254665652,-73.13263067591254,11.520369162338675,44.17377387639135
1664565630999,40.91344254665652,-73.13263067591254,11.59152845096635,44.17377387639135
1664565632999,40.91344254665652,-73.13263067591254,11.681654260233728,44.17377387639135
1664565634998,40.91344254665652,-73.13263067591254,11.776502988802344,44.17377387639135
1664565636998,40.91344254665652,-73.13263067591254,11.868975665329117,44.17377387639135
1664565638998,40.91344254665652,-73.13263067591254,11.96666545329984,44.17377387639135
1664565640998,40.91344254665652,-73.13263067591254,12.010680549458092,44.17377387639135
1664565642998,40.91344254665652,-73.13263067591254,12.137692518723302,44.17377387639135
1664565644998,40.91344254665652,-73.13263067591254,12.32030630933357,44.17377387639135
1664565646998,40.91344254665652,-73.13263067591254,12.422675059194688,44.17377387639135
1664565648998,40.91344254665652,-73.13263067591254,12.48203983146482,44.17377387639135
1664565650998,40.91344254665652,-73.13263067591254,12.586692090705919,44.17377387639135
1664565652998,40.91344254665652,-73.13263067591254,10.767692495602214,44.17377387639135
1664565654998,40.91344254665652,-73.13263067591254,10.873613432829917,44.17377387639135
1664565656998,40.91344254665652,-73.13263067591254,11.006345133133747,44.17377387639135
1664565658999,40.91344254665652,-73.13263067591254,11.171437291357496,44.17377387639135
1664565661000,40.91344254665652,-73.13263067591254,11.407972552812716,44.17377387639135
1664565663000,40.91344254665652,-73.13263067591254,11.526176280153251,44.17377387639135
1664565665000,40.91344254665652,-73.13263067591254,11.662875393987125,44.17377387639135
1664565667000,40.91344254665652,-73.13263067591254,11.793542231325754,44.17377387639135
1664565669000,40.91344254665652,-73.13263067591254,11.941647290577995,44.17377387639135
1664565671000,40.91344254665652,-73.13263067591254,12.081709744191263,44.17377387639135
1664565673000,40.91344254665652,-73.13263067591254,12.300731191700843,44.17377387639135
1664565675000,40.91344254665652,-73.13263067591254,12.422409774088006,44.17377387639135
1664565677000,40.91344254665652,-73.13263067591254,12.505127780960915,44.17377387639135
1664565678999,40.91344254665652,-73.13263067591254,12.65117115347414,44.17377387639135
1664565680999,40.91344254665652,-73.13263067591254,12.750874172482723,44.17377387639135
1664565682999,40.91344254665652,-73.13263067591254,12.863322016857547,44.17377387639135
1664565684999,40.91344254665652,-73.13263067591254,10.876067609578424,44.17377387639135
1664565686999,40.91344254665652,-73.13263067591254,11.064916591326872,44.17377387639135
1664565688999,40.91344254665652,-73.13263067591254,11.202891975212959,44.17377387639135
1664565690999,40.91344254665652,-73.13263067591254,11.369896427244374,44.17377387639135
1664565692999,40.91344254665652,-73.13263067591254,11.499734187206595,44.17377387639135
1664565694999,40.91344254665652,-73.13263067591254,11.648687017478945,44.17377387639135
1664565696999,40.91344254665652,-73.13263067591254,11.75654033451802,44.17377387639135
1664565698999,40.91344254665652,-73.13263067591254,11.991034082676842,44.17377387639135
1664565700999,40.91344254665652,-73.13263067591254,12.16945137775744,44.17377387639135
1664565702999,40.91344254665652,-73.13263067591254,12.285311415924365,44.17377387639135
1664565704999,40.91344254665652,-73.13263067591254,12.434443760944353,44.17377387639135
1664565706999,40.91344254665652,-73.13263067591254,12.55425439890057,44.17377387639135
1664565708999,40.91344254665652,-73.13263067591254,12.679097067606468,44.17377387639135
1664565710999,40.91344254665652,-73.13263067591254,12.780487534088444,44.17377387639135
1664565712999,40.91344254665652,-73.13263067591254,12.907702859299379,44.17377387639135
1664565714999,40.91344254665652,-73.13263067591254,13.041546318678545,44.17377387639135
1664565716999,40.91344254665652,-73.13263067591254,13.263888861608635,44.17377387639135
1664565718999,40.91344254665652,-73.13263067591254,13.401614465786112,44.17377387639135
1664565720999,40.91344254665652,-73.13263067591254,13.559428645101764,44.17377387639135
1664565722999,40.91344254665652,-73.13263067591254,13.682111015743917,44.17377387639135
1664565724999,40.91344254665652,-73.13263067591254,13.80567363243319,44.17377387639135
1664565726999,40.91344254665652,-73.13263067591254,13.96881759032806,44.17377387639135
1664565728999,40.91344254665652,-73.13263067591254,14.081771027890806,44.17377387639135
1664565730999,40.91344254665652,-73.13263067591254,14.230881114653993,44.17377387639135
1664565732999,40.91344254665652,-73.13263067591254,14.351739383277312,44.17377387639135
1664565734999,40.91344254665652,-73.13263067591254,14.472084875242018,44.17377387639135
1664565736999,40.91344254665652,-73.13263067591254,14.649422227913988,44.17377387639135
1664565738999,40.91344254665652,-73.13263067591254,14.736696821170632,44.17377387639135
1664565740999,40.91344254665652,-73.13263067591254,14.863824081788236,44.17377387639135
1664565742999,40.91344254665652,-73.13263067591254,14.957300321200076,44.17377387639135
1664565744999,40.91344254665652,-73.13263067591254,15.08048225664006,44.17377387639135
1664565746999,40.91344254665652,-73.13263067591254,15.196661178809352,44.17377387639135
1664565748999,40.91344254665652,-73.13263067591254,12.147009472919072,44.17377387639135
1664565750999,40.91344254665652,-73.13263067591254,12.291472704716124,44.17377387639135
1664565752999,40.91344254665652,-73.13263067591254,12.474200223326763,44.17377387639135
1664565754999,40.91344254665652,-73.13263067591254,12.62331388069959,44.17377387639135
1664565756999,40.91344254665652,-73.13263067591254,12.767321426563784,44.17377387639135
1664565758999,40.91344254665652,-73.13263067591254,12.89938627418781,44.17377387639135
1664565760998,40.91344254665652,-73.13263067591254,13.034357081589837,44.17377387639135
1664565762998,40.91344254665652,-73.13263067591254,13.154772574105056,44.17377387639135
1664565764998,40.91344254665652,-73.13263067591254,13.291078849669859,44.17377387639135
1664565766998,40.91344254665652,-73.13263067591254,13.486078028806993,44.17377387639135
1664565768998,40.91344254665652,-73.13263067591254,13.596732617812163,44.17377387639135
1664565770998,40.91344254665652,-73.13263067591254,13.758475993366995,44.17377387639135
1664565772998,40.91344254665652,-73.13263067591254,13.892982631765701,44.17377387639135
1664565774998,40.91344254665652,-73.13263067591254,13.986877449158849,44.17377387639135
1664565776998,40.91344254665652,-73.13263067591254,14.10294590053637,44.17377387639135
1664565778998,40.91344254665652,-73.13263067591254,14.19819251745429,44.17377387639135
1664565780998,40.91344254665652,-73.13263067591254,11.677490168659311,44.17377387639135
1664565782998,40.91344254665652,-73.13263067591254,11.826406421896436,44.17377387639135
1664565784999,40.91344254665652,-73.13263067591254,11.944985551087067,44.17377387639135
1664565786999,40.91344254665652,-73.13263067591254,12.02442056842806,44.17377387639135
1664565788999,40.91344254665652,-73.13263067591254,12.129135129599739,44.17377387639135
1664565790999,40.91344254665652,-73.13263067591254,12.337948811370731,44.17377387639135
1664565792999,40.91344254665652,-73.13263067591254,12.479969049303426,44.17377387639135
1664565794999,40.91344254665652,-73.13263067591254,12.612636943431625,44.17377387639135
1664565796999,40.91344254665652,-73.13263067591254,12.717115676509025,44.17377387639135
1664565798999,40.91344254665652,-73.13263067591254,12.848898819390488,44.17377387639135
1664565800999,40.91344254665652,-73.13263067591254,12.980791450673081,44.17377387639135
1664565802999,40.91344254665652,-73.13263067591254,13.162160510173466,44.17377387639135
1664565804999,40.91344254665652,-73.13263067591254,13.228842785732107,44.17377387639135
1664565806999,40.91344254665652,-73.13263067591254,13.324711090790517,44.17377387639135
1664565808999,40.91344254665652,-73.13263067591254,13.443175131383446,44.17377387639135
1664565810999,40.91344254665652,-73.13263067591254,13.513984172680004,44.17377387639135
1664565812999,40.91344254665652,-73.13263067591254,13.634150227586304,44.17377387639135
1664565814999,40.91344254665652,-73.13263067591254,11.431172920652745,44.17377387639135
1664565816999,40.91344254665652,-73.13263067591254,11.567674234002869,44.17377387639135
1664565818999,40.91344254665652,-73.13263067591254,11.675571062356562,44.17377387639135
1664565820999,40.91344254665652,-73.13263067591254,11.800033124126001,44.17377387639135
1664565822999,40.91344254665652,-73.13263067591254,11.911073484559752,44.17377387639135
1664565824999,40.91344254665652,-73.13263067591254,12.026117805348113,44.17377387639135
1664565826999,40.91344254665652,-73.13263067591254,12.147205105452086,44.17377387639135
1664565828999,40.91344254665652,-73.13263067591254,12.387982989492853,44.17377387639135
1664565830999,40.91344254665652,-73.13263067591254,12.460335392764607,44.17377387639135
1664565832999,40.91344254665652,-73.13263067591254,12.560158967209066,44.17377387639135
1664565834999,40.91344254665652,-73.13263067591254,12.684738508087543,44.17377387639135
1664565836999,40.91344254665652,-73.13263067591254,12.776478545326585,44.17377387639135
1664565838999,40.91344254665652,-73.13263067591254,12.889488373200807,44.17377387639135
1664565840999,40.91344254665652,-73.13263067591254,13.021415252719741,44.17377387639135
1664565842999,40.91344254665652,-73.13263067591254,13.112485949352152,44.17377387639135
1664565844999,40.91344254665652,-73.13263067591254,11.132884947905037,44.17377387639135
1664565846999,40.91344254665652,-73.13263067591254,11.28165925460899,44.17377387639135
1664565848999,40.91344254665652,-73.13263067591254,11.377276716464221,44.17377387639135
1664565850999,40.91344254665652,-73.13263067591254,11.540250648289849,44.17377387639135
1664565852999,40.91344254665652,-73.13263067591254,11.650434260718091,44.17377387639135
1664565854999,40.91344254665652,-73.13263067591254,11.812796429942399,44.17377387639135
1664565856999,40.91344254665652,-73.13263067591254,11.941692295014429,44.17377387639135
1664565858999,40.91344254665652,-73.13263067591254,12.060270951733255,44.17377387639135
1664565860999,40.91344254665652,-73.13263067591254,12.29119395038036,44.17377387639135
1664565862999,40.91344254665652,-73.13263067591254,12.40921588364212,44.17377387639135
1664565864999,40.91344254665652,-73.13263067591254,12.50281255638211,44.17377387639135
1664565866999,40.91344254665652,-73.13263067591254,12.611449488253301,44.17377387639135
1664565868999,40.91344254665652,-73.13263067591254,12.741439083764144,44.17377387639135
1664565870999,40.91344254665652,-73.13263067591254,12.87365289188609,44.17377387639135
1664565872999,40.91344254665652,-73.13263067591254,13.027827142551626,44.17377387639135
1664565874999,40.91344254665652,-73.13263067591254,13.167294538333755,44.17377387639135
1664565876999,40.91344254665652,-73.13263067591254,11.17855862964757,44.17377387639135
1664565878999,40.91344254665652,-73.13263067591254,11.296203341369393,44.17377387639135
1664565880999,40.91344254665652,-73.13263067591254,11.474307610558832,44.17377387639135
1664565882999,40.91344254665652,-73.13263067591254,11.597618289229251,44.17377387639135
1664565884999,40.91344254665652,-73.13263067591254,11.73987521635422,44.17377387639135
1664565886999,40.91344254665652,-73.13263067591254,11.868473276805833,44.17377387639135
1664565888999,40.91344254665652,-73.13263067591254,11.994602826695383,44.17377387639135
1664565890998,40.91344254665652,-73.13263067591254,12.068042685341357,44.17377387639135
1664565892998,40.91344254665652,-73.13263067591254,12.195027348059513,44.17377387639135
1664565894998,40.91344254665652,-73.13263067591254,12.199728730206646,44.17377387639135
1664565896998,40.91344254665652,-73.13263067591254,12.293504541115706,44.17377387639135
1664565898998,40.91344254665652,-73.13263067591254,12.359167335466383,44.17377387639135
1664565900998,40.91344254665652,-73.13263067591254,12.400282240636207,44.17377387639135
1664565902998,40.91344254665652,-73.13263067591254,12.473660197056278,44.17377387639135
1664565904998,40.91344254665652,-73.13263067591254,12.564964557616815,44.17377387639135
1664565906998,40.91344254665652,-73.13263067591254,12.590304568054353,44.17377387639135
1664565908998,40.91344254665652,-73.13263067591254,12.658847533941866,44.17377387639135
1664565911000,40.91344254665652,-73.13263067591254,10.805998305244264,44.17377387639135
1664565913000,40.91344254665652,-73.13263067591254,10.975391650447609,44.17377387639135
1664565915000,40.91344254665652,-73.13263067591254,11.094582000008392,44.17377387639135
1664565917000,40.91344254665652,-73.13263067591254,11.201312152586896,44.17377387639135
1664565919000,40.91344254665652,-73.13263067591254,11.323465836045125,44.17377387639135
1664565921000,40.91344254665652,-73.13263067591254,11.414925569259884,44.17377387639135
1664565923000,40.91344254665652,-73.13263067591254,11.552025808056817,44.17377387639135
1664565925000,40.91344254665652,-73.13263067591254,11.632196299794753,44.17377387639135
1664565927000,40.91344254665652,-73.13263067591254,11.747315914208004,44.17377387639135
1664565929000,40.91344254665652,-73.13263067591254,11.833190474999961,44.17377387639135
1664565930999,40.91344254665652,-73.13263067591254,11.904154370661683,44.17377387639135
1664565932999,40.91344254665652,-73.13263067591254,11.992594750378874,44.17377387639135
1664565934999,40.91344254665652,-73.13263067591254,12.026710086450914,44.17377387639135
1664565936999,40.91344254665652,-73.13263067591254,12.091560679024326,44.17377387639135
1664565938999,40.91344254665652,-73.13263067591254,12.18038426144459,44.17377387639135
1664565940999,40.91344254665652,-73.13263067591254,10.421787422215223,44.17377387639135
1664565942999,40.91344254665652,-73.13263067591254,10.587075402358742,44.17377387639135
1664565944999,40.91344254665652,-73.13263067591254,10.699532136570236,44.17377387639135
1664565946999,40.91344254665652,-73.13263067591254,10.791515722296452,44.17377387639135
1664565948999,40.91344254665652,-73.13263067591254,10.916904948041019,44.17377387639135
1664565950999,40.91344254665652,-73.13263067591254,11.05302619915582,44.17377387639135
1664565952999,40.91344254665652,-73.13263067591254,11.111674323468138,44.17377387639135
1664565954999,40.91344254665652,-73.13263067591254,11.247547489426708,44.17377387639135
1664565956999,40.91344254665652,-73.13263067591254,11.424087039341947,44.17377387639135
1664565958999,40.91344254665652,-73.13263067591254,11.460978728071971,44.17377387639135
1664565960999,40.91344254665652,-73.13263067591254,11.657884651235284,44.17377387639135
1664565962999,40.91344254665652,-73.13263067591254,11.777022300286408,44.17377387639135
1664565964999,40.91344254665652,-73.13263067591254,11.92322094549149,44.17377387639135
1664565966999,40.91344254665652,-73.13263067591254,12.039413415024194,44.17377387639135
1664565968999,40.91344254665652,-73.13263067591254,12.150263428950643,44.17377387639135
1664565970999,40.91344254665652,-73.13263067591254,12.222666660444528,44.17377387639135
1664565972999,40.91344254665652,-73.13263067591254,10.499129960614646,44.17377387639135
1664565974999,40.91344254665652,-73.13263067591254,10.667645453593702,44.17377387639135
1664565976999,40.91344254665652,-73.13263067591254,10.790483436868197,44.17377387639135
1664565978999,40.91344254665652,-73.13263067591254,10.881806262628315,44.17377387639135
1664565980999,40.91344254665652,-73.13263067591254,11.000005789665495,44.17377387639135
1664565982999,40.91344254665652,-73.13263067591254,11.098998503487062,44.17377387639135
1664565984999,40.91344254665652,-73.13263067591254,11.176712079749665,44.17377387639135
1664565986999,40.91344254665652,-73.13263067591254,11.309124633960627,44.17377387639135
1664565988999,40.91344254665652,-73.13263067591254,11.403299949181978,44.17377387639135
1664565990999,40.91344254665652,-73.13263067591254,11.575312678656669,44.17377387639135
1664565992999,40.91344254665652,-73.13263067591254,11.63729079444179,44.17377387639135
1664565994999,40.91344254665652,-73.13263067591254,11.742787002389123,44.17377387639135
1664565996999,40.91344254665652,-73.13263067591254,11.852787860978395,44.17377387639135
1664565998999,40.91344254665652,-73.13263067591254,11.9794912052812,44.17377387639135
1664566000999,40.91344254665652,-73.13263067591254,12.113014022726192,44.17377387639135
1664566002999,40.91344254665652,-73.13263067591254,12.176353924820875,44.17377387639135
1664566004999,40.91344254665652,-73.13263067591254,10.382678966547541,44.17377387639135
1664566006999,40.91344254665652,-73.13263067591254,10.568505742675482,44.17377387639135
1664566008999,40.91344254665652,-73.13263067591254,10.692404618686727,44.17377387639135
1664566010999,40.91344254665652,-73.13263067591254,10.856736703465454,44.17377387639135
1664566012999,40.91344254665652,-73.13263067591254,11.012663485411606,44.17377387639135
1664566014999,40.91344254665652,-73.13263067591254,11.166894780876936,44.17377387639135
1664566016999,40.91344254665652,-73.13263067591254,11.30265771188164,44.17377387639135
1664566018998,40.91344254665652,-73.13263067591254,11.466537254542091,44.17377387639135
1664566020998,40.91344254665652,-73.13263067591254,11.686165086816644,44.17377387639135
1664566022998,40.91344254665652,-73.13263067591254,11.804399879721416,44.17377387639135
1664566024998,40.91344254665652,-73.13263067591254,11.89720299627681,44.17377387639135
1664566026998,40.91344254665652,-73.13263067591254,12.010199539716089,44.17377387639135
1664566028998,40.91344254665652,-73.13263067591254,12.159230028107014,44.17377387639135
1664566030998,40.91344254665652,-73.13263067591254,12.309172681826263,44.17377387639135
1664566032998,40.91344254665652,-73.13263067591254,12.423841252154658,44.17377387639135
1664566034998,40.91344254665652,-73.13263067591254,12.629608406666874,44.17377387639135
1664566037000,40.91344254665652,-73.13263067591254,10.799545460574064,44.17377387639135
1664566039000,40.91344254665652,-73.13263067591254,10.941838122361377,44.17377387639135
1664566041000,40.91344254665652,-73.13263067591254,11.106489092685369,44.17377387639135
1664566043000,40.91344254665652,-73.13263067591254,11.275383829342701,44.17377387639135
1664566045000,40.91344254665652,-73.13263067591254,11.436114839065713,44.17377387639135
1664566047000,40.91344254665652,-73.13263067591254,11.565515800167132,44.17377387639135
1664566049000,40.91344254665652,-73.13263067591254,11.713822164189882,44.17377387639135
1664566051000,40.91344254665652,-73.13263067591254,11.942869254621586,44.17377387639135
1664566053000,40.91344254665652,-73.13263067591254,12.08665830811874,44.17377387639135
1664566055000,40.91344254665652,-73.13263067591254,12.252104573043475,44.17377387639135
1664566056999,40.91344254665652,-73.13263067591254,12.409591719968105,44.17377387639135
1664566058999,40.91344254665652,-73.13263067591254,12.56498542712596,44.17377387639135
1664566060999,40.91344254665652,-73.13263067591254,12.7218950238938,44.17377387639135
1664566062999,40.91344254665652,-73.13263067591254,12.951080276090757,44.17377387639135
1664566064999,40.91344254665652,-73.13263067591254,13.097706256743603,44.17377387639135
1664566066999,40.91344254665652,-73.13263067591254,13.214114363520393,44.17377387639135
1664566068999,40.91344254665652,-73.13263067591254,11.188346844315735,44.17377387639135
1664566070999,40.91344254665652,-73.13263067591254,11.353523522614022,44.17377387639135
1664566072999,40.91344254665652,-73.13263067591254,11.518292320997361,44.17377387639135
1664566074999,40.91344254665652,-73.13263067591254,11.67611762400739,44.17377387639135
1664566076999,40.91344254665652,-73.13263067591254,11.83913473593089,44.17377387639135
1664566078999,40.91344254665652,-73.13263067591254,11.981318673441969,44.17377387639135
1664566080999,40.91344254665652,-73.13263067591254,12.162068602208441,44.17377387639135
1664566082999,40.91344254665652,-73.13263067591254,12.399381882934994,44.17377387639135
1664566084999,40.91344254665652,-73.13263067591254,12.54019445081347,44.17377387639135
1664566086999,40.91344254665652,-73.13263067591254,12.691566392858503,44.17377387639135
1664566088999,40.91344254665652,-73.13263067591254,12.828178270488378,44.17377387639135
1664566090999,40.91344254665652,-73.13263067591254,12.982857173815253,44.17377387639135
1664566092999,40.91344254665652,-73.13263067591254,13.132626479400065,44.17377387639135
1664566094999,40.91344254665652,-73.13263067591254,13.277953844094725,44.17377387639135
1664566096999,40.91344254665652,-73.13263067591254,13.511479520115401,44.17377387639135
1664566098999,40.91344254665652,-73.13263067591254,13.638723896198728,44.17377387639135
1664566100999,40.91344254665652,-73.13263067591254,11.437697771479066,44.17377387639135
1664566102999,40.91344254665652,-73.13263067591254,11.602199968762665,44.17377387639135
1664566104999,40.91344254665652,-73.13263067591254,11.758393491812152,44.17377387639135
1664566106999,40.91344254665652,-73.13263067591254,11.926435412370562,44.17377387639135
1664566108999,40.91344254665652,-73.13263067591254,12.08881583614747,44.17377387639135
1664566110999,40.91344254665652,-73.13263067591254,12.331868232959291,44.17377387639135
1664566112999,40.91344254665652,-73.13263067591254,12.495233665338692,44.17377387639135
1664566114999,40.91344254665652,-73.13263067591254,12.652985706596144,44.17377387639135
1664566116999,40.91344254665652,-73.13263067591254,12.800213889288292,44.17377387639135
1664566118999,40.91344254665652,-73.13263067591254,12.961244131811437,44.17377387639135
1664566120999,40.91344254665652,-73.13263067591254,13.103108598218649,44.17377387639135
1664566122999,40.91344254665652,-73.13263067591254,13.256125681430362,44.17377387639135
1664566124999,40.91344254665652,-73.13263067591254,13.401762151850201,44.17377387639135
1664566126999,40.91344254665652,-73.13263067591254,13.616273024440316,44.17377387639135
1664566128999,40.91344254665652,-73.13263067591254,13.767611092026414,44.17377387639135
1664566130999,40.91344254665652,-73.13263067591254,13.906906928386709,44.17377387639135
1664566132999,40.91344254665652,-73.13263067591254,14.032168212510532,44.17377387639135
1664566134999,40.91344254665652,-73.13263067591254,14.181794365427894,44.17377387639135
1664566136999,40.91344254665652,-73.13263067591254,14.31119770071733,44.17377387639135
1664566138998,40.91344254665652,-73.13263067591254,14.44532345481945,44.17377387639135
1664566140998,40.91344254665652,-73.13263067591254,14.659171009323494,44.17377387639135
1664566142998,40.91344254665652,-73.13263067591254,14.78323433585553,44.17377387639135
1664566144998,40.91344254665652,-73.13263067591254,14.90684106213054,44.17377387639135
1664566146998,40.91344254665652,-73.13263067591254,15.043957431054114,44.17377387639135
1664566148998,40.91344254665652,-73.13263067591254,15.16857200313857,44.17377387639135
1664566150998,40.91344254665652,-73.13263067591254,15.303825506679162,44.17377387639135
1664566152998,40.91344254665652,-73.13263067591254,15.434400813209209,44.17377387639135
1664566154998,40.91344254665652,-73.13263067591254,15.554057793490998,44.17377387639135
1664566156998,40.91344254665652,-73.13263067591254,15.751449164611268,44.17377387639135
1664566158998,40.91344254665652,-73.13263067591254,15.858246964053592,44.17377387639135
1664566160998,40.91344254665652,-73.13263067591254,15.977279772584646,44.17377387639135
1664566162999,40.91344254665652,-73.13263067591254,16.108757943201752,44.17377387639135
1664566164999,40.91344254665652,-73.13263067591254,16.21006075510515,44.17377387639135
1664566166999,40.91344254665652,-73.13263067591254,12.874127138434323,44.17377387639135
1664566168999,40.91344254665652,-73.13263067591254,13.010301167013267,44.17377387639135
1664566170999,40.91344254665652,-73.13263067591254,13.134384608140492,44.17377387639135
1664566172999,40.91344254665652,-73.13263067591254,13.36582643666027,44.17377387639135
1664566174999,40.91344254665652,-73.13263067591254,13.426056741851376,44.17377387639135
1664566176999,40.91344254665652,-73.13263067591254,13.61914792046897,44.17377387639135
1664566178999,40.91344254665652,-73.13263067591254,13.75595577696223,44.17377387639135
1664566180999,40.91344254665652,-73.13263067591254,13.90075673081537,44.17377387639135
1664566182999,40.91344254665652,-73.13263067591254,14.030800316899729,44.17377387639135
1664566184999,40.91344254665652,-73.13263067591254,14.186023590962948,44.17377387639135
1664566186999,40.91344254665652,-73.13263067591254,14.328972520146724,44.17377387639135
1664566188999,40.91344254665652,-73.13263067591254,14.455936499259051,44.17377387639135
1664566190999,40.91344254665652,-73.13263067591254,14.593447639331863,44.17377387639135
1664566192999,40.91344254665652,-73.13263067591254,14.805441185251704,44.17377387639135
1664566194999,40.91344254665652,-73.13263067591254,14.912359952642355,44.17377387639135
1664566196999,40.91344254665652,-73.13263067591254,12.130908551561703,44.17377387639135
1664566198999,40.91344254665652,-73.13263067591254,12.23049484196311,44.17377387639135
1664566200999,40.91344254665652,-73.13263067591254,12.377034935724893,44.17377387639135
1664566202999,40.91344254665652,-73.13263067591254,12.517807161852435,44.17377387639135
1664566204999,40.91344254665652,-73.13263067591254,12.71481670814436,44.17377387639135
1664566206999,40.91344254665652,-73.13263067591254,12.82702298476667,44.17377387639135
1664566208999,40.91344254665652,-73.13263067591254,12.941925985396134,44.17377387639135
1664566210999,40.91344254665652,-73.13263067591254,13.106477439517064,44.17377387639135
1664566212999,40.91344254665652,-73.13263067591254,13.196579838057296,44.17377387639135
1664566214999,40.91344254665652,-73.13263067591254,13.319577791437501,44.17377387639135
1664566216999,40.91344254665652,-73.13263067591254,13.408268778014484,44.17377387639135
1664566218999,40.91344254665652,-73.13263067591254,13.510211092214815,44.17377387639135
1664566220999,40.91344254665652,-73.13263067591254,13.711546315071383,44.17377387639135
1664566222999,40.91344254665652,-73.13263067591254,13.81101151361304,44.17377387639135
1664566224999,40.91344254665652,-73.13263067591254,13.926521246939233,44.17377387639135
1664566226999,40.91344254665652,-73.13263067591254,14.037533199364058,44.17377387639135
1664566228999,40.91344254665652,-73.13263067591254,11.638904474890882,44.17377387639135
1664566230999,40.91344254665652,-73.13263067591254,11.776528136098412,44.17377387639135
1664566232999,40.91344254665652,-73.13263067591254,11.886475568378097,44.17377387639135
1664566234999,40.91344254665652,-73.13263067591254,11.984489431218371,44.17377387639135
1664566236999,40.91344254665652,-73.13263067591254,12.1998751415069,44.17377387639135
1664566238999,40.91344254665652,-73.13263067591254,12.33055828898373,44.17377387639135
1664566240999,40.91344254665652,-73.13263067591254,12.464012555084052,44.17377387639135
1664566242999,40.91344254665652,-73.13263067591254,12.56860655112697,44.17377387639135
1664566244999,40.91344254665652,-73.13263067591254,12.660802148839865,44.17377387639135
1664566246999,40.91344254665652,-73.13263067591254,12.772773144652456,44.17377387639135
1664566248999,40.91344254665652,-73.13263067591254,12.88685306201841,44.17377387639135
1664566250999,40.91344254665652,-73.13263067591254,13.009326398542408,44.17377387639135
1664566252999,40.91344254665652,-73.13263067591254,13.113617808867476,44.17377387639135
1664566254999,40.91344254665652,-73.13263067591254,13.268894774569347,44.17377387639135
1664566256999,40.91344254665652,-73.13263067591254,13.3533301670414,44.17377387639135
1664566258999,40.91344254665652,-73.13263067591254,13.46547680007006,44.17377387639135
1664566260999,40.91344254665652,-73.13263067591254,11.296370603304792,44.17377387639135
1664566262999,40.91344254665652,-73.13263067591254,11.427065654411846,44.17377387639135
1664566264999,40.91344254665652,-73.13263067591254,11.567152164968032,44.17377387639135
1664566266999,40.91344254665652,-73.13263067591254,11.700164979459,44.17377387639135
1664566268998,40.91344254665652,-73.13263067591254,11.821903623655693,44.17377387639135
1664566270998,40.91344254665652,-73.13263067591254,12.045002971221034,44.17377387639135
1664566272998,40.91344254665652,-73.13263067591254,12.185218425956819,44.17377387639135
1664566274998,40.91344254665652,-73.13263067591254,12.324426671749753,44.17377387639135
1664566276998,40.91344254665652,-73.13263067591254,12.466511217012087,44.17377387639135
1664566278998,40.91344254665652,-73.13263067591254,12.580615789297134,44.17377387639135
1664566280998,40.91344254665652,-73.13263067591254,12.69176805899373,44.17377387639135
1664566282998,40.91344254665652,-73.13263067591254,12.791165926933441,44.17377387639135
1664566284998,40.91344254665652,-73.13263067591254,12.97406054197798,44.17377387639135
1664566286998,40.91344254665652,-73.13263067591254,13.034400601577357,44.17377387639135
1664566289000,40.91344254665652,-73.13263067591254,13.236667923218786,44.17377387639135
1664566291000,40.91344254665652,-73.13263067591254,13.365200155834689,44.17377387639135
1664566293000,40.91344254665652,-73.13263067591254,11.167790433444173,44.17377387639135
1664566295000,40.91344254665652,-73.13263067591254,11.303528733484233,44.17377387639135
1664566297000,40.91344254665652,-73.13263067591254,11.447729292043618,44.17377387639135
1664566299000,40.91344254665652,-73.13263067591254,11.590652477228401,44.17377387639135
1664566301000,40.91344254665652,-73.13263067591254,11.748680948269339,44.17377387639135
1664566303000,40.91344254665652,-73.13263067591254,11.966009116727474,44.17377387639135
1664566305000,40.91344254665652,-73.13263067591254,12.135259220963162,44.17377387639135
1664566307000,40.91344254665652,-73.13263067591254,12.26329531026638,44.17377387639135
1664566309000,40.91344254665652,-73.13263067591254,12.39786806859734,44.17377387639135
1664566310999,40.91344254665652,-73.13263067591254,12.541343975764377,44.17377387639135
1664566312999,40.91344254665652,-73.13263067591254,12.640821132491956,44.17377387639135
1664566314999,40.91344254665652,-73.13263067591254,12.780887457541203,44.17377387639135
1664566316999,40.91344254665652,-73.13263067591254,12.878112261589745,44.17377387639135
1664566318999,40.91344254665652,-73.13263067591254,13.036806704686404,44.17377387639135
1664566320999,40.91344254665652,-73.13263067591254,13.122454205433009,44.17377387639135
1664566322999,40.91344254665652,-73.13263067591254,13.257571854939409,44.17377387639135
1664566324999,40.91344254665652,-73.13263067591254,11.196448740135807,44.17377387639135
1664566326999,40.91344254665652,-73.13263067591254,11.259968467724702,44.17377387639135
1664566328999,40.91344254665652,-73.13263067591254,11.390996146797876,44.17377387639135
1664566330999,40.91344254665652,-73.13263067591254,11.559923318468227,44.17377387639135
1664566332999,40.91344254665652,-73.13263067591254,11.792939192331653,44.17377387639135
1664566334999,40.91344254665652,-73.13263067591254,11.961379873976552,44.17377387639135
1664566336999,40.91344254665652,-73.13263067591254,12.117490973107504,44.17377387639135
1664566338999,40.91344254665652,-73.13263067591254,12.261074261488073,44.17377387639135
1664566340999,40.91344254665652,-73.13263067591254,12.170101659117991,44.17377387639135
1664566342999,40.91344254665652,-73.13263067591254,12.264643018587895,44.17377387639135
1664566344999,40.91344254665652,-73.13263067591254,12.415124273903313,44.17377387639135
1664566346999,40.91344254665652,-73.13263067591254,12.45199770141194,44.17377387639135
1664566348999,40.91344254665652,-73.13263067591254,12.508634769998253,44.17377387639135
1664566350999,40.91344254665652,-73.13263067591254,12.488005521717875,44.17377387639135
1664566352999,40.91344254665652,-73.13263067591254,12.52053329482224,44.17377387639135
1664566354999,40.91344254665652,-73.13263067591254,12.482096422855754,44.17377387639135
1664566356999,40.91344254665652,-73.13263067591254,12.556185515646273,44.17377387639135
1664566358999,40.91344254665652,-73.13263067591254,10.719708262691,44.17377387639135
1664566360999,40.91344254665652,-73.13263067591254,10.913999182699818,44.17377387639135
1664566362999,40.91344254665652,-73.13263067591254,11.023778355661197,44.17377387639135
1664566364999,40.91344254665652,-73.13263067591254,11.134653372084124,44.17377387639135
1664566366999,40.91344254665652,-73.13263067591254,11.253570874604453,44.17377387639135
1664566368999,40.91344254665652,-73.13263067591254,11.321010366970484,44.17377387639135
1664566370999,40.91344254665652,-73.13263067591254,11.402726863761025,44.17377387639135
1664566372999,40.91344254665652,-73.13263067591254,11.60938487090153,44.17377387639135
1664566374999,40.91344254665652,-73.13263067591254,11.666787074998073,44.17377387639135
1664566376999,40.91344254665652,-73.13263067591254,11.71343401950345,44.17377387639135
1664566378999,40.91344254665652,-73.13263067591254,11.763921407602359,44.17377387639135
1664566380999,40.91344254665652,-73.13263067591254,11.805947764714896,44.17377387639135
1664566382999,40.91344254665652,-73.13263067591254,11.849355259769649,44.17377387639135
1664566384999,40.91344254665652,-73.13263067591254,11.910031990066782,44.17377387639135
1664566386999,40.91344254665652,-73.13263067591254,11.953911051296338,44.17377387639135
1664566388999,40.91344254665652,-73.13263067591254,10.30753540781064,44.17377387639135
1664566390999,40.91344254665652,-73.13263067591254,10.43305348176715,44.17377387639135
1664566392999,40.91344254665652,-73.13263067591254,10.52333780169332,44.17377387639135
1664566394998,40.91344254665652,-73.13263067591254,10.663594624561092,44.17377387639135
1664566396998,40.91344254665652,-73.13263067591254,10.730571076498537,44.17377387639135
1664566398998,40.91344254665652,-73.13263067591254,10.789312733779967,44.17377387639135
1664566400998,40.91344254665652,-73.13263067591254,10.93601865888126,44.17377387639135
1664566402998,40.91344254665652,-73.13263067591254,11.05016426799065,44.17377387639135
1664566404998,40.91344254665652,-73.13263067591254,11.140222049173936,44.17377387639135
1664566406998,40.91344254665652,-73.13263067591254,11.227162085372058,44.17377387639135
1664566408998,40.91344254665652,-73.13263067591254,11.304847001336682,44.17377387639135
1664566410998,40.91344254665652,-73.13263067591254,11.453816865776972,44.17377387639135
1664566412998,40.91344254665652,-73.13263067591254,11.519022492832317,44.17377387639135
1664566415000,40.91344254665652,-73.13263067591254,11.562325990444817,44.17377387639135
1664566417000,40.91344254665652,-73.13263067591254,11.57862324359214,44.17377387639135
1664566419000,40.91344254665652,-73.13263067591254,11.672722669302592,44.17377387639135
1664566421000,40.91344254665652,-73.13263067591254,10.066264356346974,44.17377387639135
1664566423000,40.91344254665652,-73.13263067591254,10.222569900600758,44.17377387639135
1664566425000,40.91344254665652,-73.13263067591254,10.316903525315581,44.17377387639135
1664566427000,40.91344254665652,-73.13263067591254,10.553434789810167,44.17377387639135
1664566429000,40.91344254665652,-73.13263067591254,10.691940824926457,44.17377387639135
1664566431000,40.91344254665652,-73.13263067591254,10.78762218771484,44.17377387639135
1664566433000,40.91344254665652,-73.13263067591254,10.864358312950204,44.17377387639135
1664566435000,40.91344254665652,-73.13263067591254,10.943982259714579,44.17377387639135
1664566436999,40.91344254665652,-73.13263067591254,11.093729727074559,44.17377387639135
1664566438999,40.91344254665652,-73.13263067591254,11.212111715111474,44.17377387639135
1664566440999,40.91344254665652,-73.13263067591254,11.422983542103067,44.17377387639135
1664566442999,40.91344254665652,-73.13263067591254,11.552352043160544,44.17377387639135
1664566444999,40.91344254665652,-73.13263067591254,11.729713423281698,44.17377387639135
1664566446999,40.91344254665652,-73.13263067591254,11.814470153731186,44.17377387639135
1664566448999,40.91344254665652,-73.13263067591254,11.890555019278436,44.17377387639135
1664566450999,40.91344254665652,-73.13263067591254,11.997288386300013,44.17377387639135
1664566452999,40.91344254665652,-73.13263067591254,10.351515284800168,44.17377387639135
1664566454999,40.91344254665652,-73.13263067591254,10.58307611057107,44.17377387639135
1664566456999,40.91344254665652,-73.13263067591254,10.769692983054673,44.17377387639135
1664566458999,40.91344254665652,-73.13263067591254,10.923071871503367,44.17377387639135
1664566460999,40.91344254665652,-73.13263067591254,11.06490389051034,44.17377387639135
1664566462999,40.91344254665652,-73.13263067591254,11.212493216506525,44.17377387639135
1664566464999,40.91344254665652,-73.13263067591254,11.359100647494305,44.17377387639135
1664566466999,40.91344254665652,-73.13263067591254,11.511545732878727,44.17377387639135
1664566468999,40.91344254665652,-73.13263067591254,11.747370470154577,44.17377387639135
1664566470999,40.91344254665652,-73.13263067591254,11.90718899525694,44.17377387639135
1664566472999,40.91344254665652,-73.13263067591254,12.0676458495155,44.17377387639135
1664566474999,40.91344254665652,-73.13263067591254,12.215701430780966,44.17377387639135
1664566476999,40.91344254665652,-73.13263067591254,12.33285566485064,44.17377387639135
1664566478999,40.91344254665652,-73.13263067591254,12.441307678441738,44.17377387639135
1664566480999,40.91344254665652,-73.13263067591254,12.575045608001973,44.17377387639135
1664566482999,40.91344254665652,-73.13263067591254,12.714345588365047,44.17377387639135
1664566484999,40.91344254665652,-73.13263067591254,12.84125619173534,44.17377387639135
1664566486999,40.91344254665652,-73.13263067591254,11.018682476390433,44.17377387639135
1664566488999,40.91344254665652,-73.13263067591254,11.236062114732956,44.17377387639135
1664566490999,40.91344254665652,-73.13263067591254,11.423205102115153,44.17377387639135
1664566492999,40.91344254665652,-73.13263067591254,11.579440476086722,44.17377387639135
1664566494999,40.91344254665652,-73.13263067591254,11.721832773940461,44.17377387639135
1664566496999,40.91344254665652,-73.13263067591254,11.885689557906973,44.17377387639135
1664566498999,40.91344254665652,-73.13263067591254,12.043374748430338,44.17377387639135
1664566500999,40.91344254665652,-73.13263067591254,12.196959218962807,44.17377387639135
1664566502999,40.91344254665652,-73.13263067591254,12.36291118733773,44.17377387639135
1664566504999,40.91344254665652,-73.13263067591254,12.615132837402438,44.17377387639135
1664566506999,40.91344254665652,-73.13263067591254,12.771993697022602,44.17377387639135
1664566508999,40.91344254665652,-73.13263067591254,12.913251151345008,44.17377387639135
1664566510999,40.91344254665652,-73.13263067591254,13.072607568734483,44.17377387639135
1664566512999,40.91344254665652,-73.13263067591254,13.232066509482012,44.17377387639135
1664566514999,40.91344254665652,-73.13263067591254,13.35753202198407,44.17377387639135
1664566516999,40.91344254665652,-73.13263067591254,13.509785268759579,44.17377387639135
1664566518999,40.91344254665652,-73.13263067591254,11.495755262126318,44.17377387639135
1664566520998,40.91344254665652,-73.13263067591254,11.673143474787528,44.17377387639135
1664566522998,40.91344254665652,-73.13263067591254,11.834815151174228,44.17377387639135
1664566524998,40.91344254665652,-73.13263067591254,11.997012907058027,44.17377387639135
1664566526998,40.91344254665652,-73.13263067591254,12.15224291963214,44.17377387639135
1664566528998,40.91344254665652,-73.13263067591254,12.31588758606505,44.17377387639135
1664566530998,40.91344254665652,-73.13263067591254,12.486015677029283,44.17377387639135
1664566532998,40.91344254665652,-73.13263067591254,12.727688636882391,44.17377387639135
1664566534998,40.91344254665652,-73.13263067591254,12.80448126553054,44.17377387639135
1664566536998,40.91344254665652,-73.13263067591254,13.019071123282519,44.17377387639135
1664566538998,40.91344254665652,-73.13263067591254,13.187126672379806,44.17377387639135
1664566541000,40.91344254665652,-73.13263067591254,13.325857712573237,44.17377387639135
1664566543000,40.91344254665652,-73.13263067591254,13.483277357474009,44.17377387639135
1664566545000,40.91344254665652,-73.13263067591254,13.652808857740705,44.17377387639135
1664566547000,40.91344254665652,-73.13263067591254,36.47366926782536,44.17377387639135
1664566549000,40.91344254665652,-73.13263067591254,38.26091769180065,44.17377387639135
1664566551000,40.91344254665652,-73.13263067591254,14.153762874924995,44.17377387639135
1664566553000,40.91344254665652,-73.13263067591254,14.286412241602575,44.17377387639135
1664566555000,40.91344254665652,-73.13263067591254,14.429524550019512,44.17377387639135
1664566557000,40.91344254665652,-73.13263067591254,14.568163261293327,44.17377387639135
1664566559000,40.91344254665652,-73.13263067591254,14.702940420448389,44.17377387639135
1664566561000,40.91344254665652,-73.13263067591254,14.835801214969774,44.17377387639135
1664566562999,40.91344254665652,-73.13263067591254,14.96815897816244,44.17377387639135
1664566564999,40.91344254665652,-73.13263067591254,15.093863097031539,44.17377387639135
1664566566999,40.91344254665652,-73.13263067591254,15.302533934463153,44.17377387639135
1664566568999,40.91344254665652,-73.13263067591254,15.415410924906055,44.17377387639135
1664566570999,40.91344254665652,-73.13263067591254,15.547920420812684,44.17377387639135
1664566572999,40.91344254665652,-73.13263067591254,15.678545479885102,44.17377387639135
1664566574999,40.91344254665652,-73.13263067591254,15.799930598604076,44.17377387639135
1664566576999,40.91344254665652,-73.13263067591254,15.931109509888483,44.17377387639135
1664566578999,40.91344254665652,-73.13263067591254,16.02836180805737,44.17377387639135
1664566580999,40.91344254665652,-73.13263067591254,16.15411213711477,44.17377387639135
1664566582999,40.91344254665652,-73.13263067591254,12.836071520745909,44.17377387639135
1664566584999,40.91344254665652,-73.13263067591254,13.034045212602217,44.17377387639135
1664566586999,40.91344254665652,-73.13263067591254,13.19340381203884,44.17377387639135
1664566588999,40.91344254665652,-73.13263067591254,13.34404831760537,44.17377387639135
1664566590999,40.91344254665652,-73.13263067591254,13.488346002554943,44.17377387639135
1664566592999,40.91344254665652,-73.13263067591254,13.646948925326713,44.17377387639135
1664566594999,40.91344254665652,-73.13263067591254,13.78137202972696,44.17377387639135
1664566596999,40.91344254665652,-73.13263067591254,13.920867033609403,44.17377387639135
1664566598999,40.91344254665652,-73.13263067591254,14.04485891800693,44.17377387639135
1664566600999,40.91344254665652,-73.13263067591254,14.207858653195068,44.17377387639135
1664566602999,40.91344254665652,-73.13263067591254,14.42118278218452,44.17377387639135
1664566604999,40.91344254665652,-73.13263067591254,14.546237306232346,44.17377387639135
1664566606999,40.91344254665652,-73.13263067591254,14.658595461358372,44.17377387639135
1664566608999,40.91344254665652,-73.13263067591254,14.793896566069893,44.17377387639135
1664566610999,40.91344254665652,-73.13263067591254,14.939564518317933,44.17377387639135
1664566612999,40.91344254665652,-73.13263067591254,12.15318019636727,44.17377387639135
1664566614999,40.91344254665652,-73.13263067591254,12.28205069442222,44.17377387639135
1664566616999,40.91344254665652,-73.13263067591254,12.487585926887801,44.17377387639135
1664566618999,40.91344254665652,-73.13263067591254,12.631376968572278,44.17377387639135
1664566620999,40.91344254665652,-73.13263067591254,12.788763919769165,44.17377387639135
1664566622999,40.91344254665652,-73.13263067591254,12.934082625830873,44.17377387639135
1664566624999,40.91344254665652,-73.13263067591254,13.098472128404856,44.17377387639135
1664566626999,40.91344254665652,-73.13263067591254,13.235817571880025,44.17377387639135
1664566628999,40.91344254665652,-73.13263067591254,13.38176749008465,44.17377387639135
1664566630999,40.91344254665652,-73.13263067591254,13.529490117200845,44.17377387639135
1664566632999,40.91344254665652,-73.13263067591254,13.746470585230496,44.17377387639135
1664566634999,40.91344254665652,-73.13263067591254,13.865239094265505,44.17377387639135
1664566636999,40.91344254665652,-73.13263067591254,13.99831928795768,44.17377387639135
1664566638999,40.91344254665652,-73.13263067591254,14.115534070784022,44.17377387639135
1664566640999,40.91344254665652,-73.13263067591254,14.247835159379932,44.17377387639135
1664566642998,40.91344254665652,-73.13263067591254,14.360615236450048,44.17377387639135
1664566644998,40.91344254665652,-73.13263067591254,11.754305875086443,44.17377387639135
1664566646998,40.91344254665652,-73.13263067591254,11.871446241605868,44.17377387639135
1664566648998,40.91344254665652,-73.13263067591254,12.069267256833543,44.17377387639135
1664566650998,40.91344254665652,-73.13263067591254,12.148770604548057,44.17377387639135
1664566652998,40.91344254665652,-73.13263067591254,12.274612134143265,44.17377387639135
1664566654998,40.91344254665652,-73.13263067591254,12.388286562962788,44.17377387639135
1664566656998,40.91344254665652,-73.13263067591254,12.530376704216057,44.17377387639135
1664566658998,40.91344254665652,-73.13263067591254,12.648023326805895,44.17377387639135
1664566660998,40.91344254665652,-73.13263067591254,12.8271634365852,44.17377387639135
1664566662998,40.91344254665652,-73.13263067591254,12.986939448934201,44.17377387639135
1664566664998,40.91344254665652,-73.13263067591254,13.194495211671653,44.17377387639135
1664566667000,40.91344254665652,-73.13263067591254,13.32936292207426,44.17377387639135
1664566669000,40.91344254665652,-73.13263067591254,13.4786158452239,44.17377387639135
1664566671000,40.91344254665652,-73.13263067591254,13.628934167184472,44.17377387639135
1664566673000,40.91344254665652,-73.13263067591254,13.758835109682911,44.17377387639135
1664566675000,40.91344254665652,-73.13263067591254,13.908286918313419,44.17377387639135
1664566677000,40.91344254665652,-73.13263067591254,11.583125439346533,44.17377387639135
1664566679000,40.91344254665652,-73.13263067591254,11.784498799057976,44.17377387639135
1664566681000,40.91344254665652,-73.13263067591254,11.937564331614825,44.17377387639135
1664566683000,40.91344254665652,-73.13263067591254,12.09167550060316,44.17377387639135
1664566685000,40.91344254665652,-73.13263067591254,12.240748580858623,44.17377387639135
1664566686999,40.91344254665652,-73.13263067591254,12.414027904414858,44.17377387639135
1664566688999,40.91344254665652,-73.13263067591254,12.568613015621782,44.17377387639135
1664566690999,40.91344254665652,-73.13263067591254,12.744959731529258,44.17377387639135
1664566692999,40.91344254665652,-73.13263067591254,12.902763371893517,44.17377387639135
1664566694999,40.91344254665652,-73.13263067591254,13.047623909347491,44.17377387639135
1664566696999,40.91344254665652,-73.13263067591254,13.200586773054656,44.17377387639135
1664566698999,40.91344254665652,-73.13263067591254,13.435386580644227,44.17377387639135
1664566700999,40.91344254665652,-73.13263067591254,13.509676991903971,44.17377387639135
1664566702999,40.91344254665652,-73.13263067591254,13.727840618513946,44.17377387639135
1664566704999,40.91344254665652,-73.13263067591254,13.872125741147752,44.17377387639135
1664566706999,40.91344254665652,-73.13263067591254,14.014831341555013,44.17377387639135
1664566708999,40.91344254665652,-73.13263067591254,11.555030527449219,44.17377387639135
1664566710999,40.91344254665652,-73.13263067591254,11.722285121648717,44.17377387639135
1664566712999,40.91344254665652,-73.13263067591254,11.868527135789247,44.17377387639135
1664566714999,40.91344254665652,-73.13263067591254,12.049103288134322,44.17377387639135
1664566716999,40.91344254665652,-73.13263067591254,12.206943492591103,44.17377387639135
1664566718999,40.91344254665652,-73.13263067591254,12.448918336517478,44.17377387639135
1664566720999,40.91344254665652,-73.13263067591254,12.6090616614863,44.17377387639135
1664566722999,40.91344254665652,-73.13263067591254,12.766723490062036,44.17377387639135
1664566724999,40.91344254665652,-73.13263067591254,12.928388871172592,44.17377387639135
1664566726999,40.91344254665652,-73.13263067591254,13.062875230198252,44.17377387639135
1664566728999,40.91344254665652,-73.13263067591254,13.230943284455803,44.17377387639135
1664566730999,40.91344254665652,-73.13263067591254,13.380781774949186,44.17377387639135
1664566732999,40.91344254665652,-73.13263067591254,13.52366717970941,44.17377387639135
1664566734999,40.91344254665652,-73.13263067591254,13.679320123673381,44.17377387639135
1664566736999,40.91344254665652,-73.13263067591254,13.90812317193017,44.17377387639135
1664566738999,40.91344254665652,-73.13263067591254,14.054325647920427,44.17377387639135
1664566740999,40.91344254665652,-73.13263067591254,14.188479687979886,44.17377387639135
1664566742999,40.91344254665652,-73.13263067591254,11.822029048454551,44.17377387639135
1664566744999,40.91344254665652,-73.13263067591254,11.986173814288426,44.17377387639135
1664566746999,40.91344254665652,-73.13263067591254,12.141823534793822,44.17377387639135
1664566748999,40.91344254665652,-73.13263067591254,12.313097431974462,44.17377387639135
1664566750999,40.91344254665652,-73.13263067591254,12.562440872656348,44.17377387639135
1664566752999,40.91344254665652,-73.13263067591254,12.707420348113473,44.17377387639135
1664566754999,40.91344254665652,-73.13263067591254,12.860617220207093,44.17377387639135
1664566756999,40.91344254665652,-73.13263067591254,13.01234254006952,44.17377387639135
1664566758999,40.91344254665652,-73.13263067591254,13.173961510166157,44.17377387639135
1664566760999,40.91344254665652,-73.13263067591254,13.325079206307663,44.17377387639135
1664566762999,40.91344254665652,-73.13263067591254,13.476672699953012,44.17377387639135
1664566764999,40.91344254665652,-73.13263067591254,13.706962601686447,44.17377387639135
1664566766998,40.91344254665652,-73.13263067591254,13.848422249010063,44.17377387639135
1664566768998,40.91344254665652,-73.13263067591254,13.994553178920576,44.17377387639135
1664566770998,40.91344254665652,-73.13263067591254,14.12996686504833,44.17377387639135
1664566772998,40.91344254665652,-73.13263067591254,11.718215806955243,44.17377387639135
1664566774998,40.91344254665652,-73.13263067591254,11.87715203751596,44.17377387639135
1664566776998,40.91344254665652,-73.13263067591254,12.050347553252609,44.17377387639135
1664566778998,40.91344254665652,-73.13263067591254,12.19347839122947,44.17377387639135
1664566780998,40.91344254665652,-73.13263067591254,12.37248960945544,44.17377387639135
1664566782998,40.91344254665652,-73.13263067591254,12.58868706703055,44.17377387639135
1664566784998,40.91344254665652,-73.13263067591254,12.766376290412577,44.17377387639135
1664566786998,40.91344254665652,-73.13263067591254,12.920053604868274,44.17377387639135
1664566788998,40.91344254665652,-73.13263067591254,13.05408827146881,44.17377387639135
1664566790998,40.91344254665652,-73.13263067591254,13.175660792708742,44.17377387639135
1664566792999,40.91344254665652,-73.13263067591254,13.299829660508818,44.17377387639135
1664566794999,40.91344254665652,-73.13263067591254,13.434167388207381,44.17377387639135
1664566797000,40.91344254665652,-73.13263067591254,13.579172112736437,44.17377387639135
1664566799000,40.91344254665652,-73.13263067591254,13.794857936682877,44.17377387639135
1664566801000,40.91344254665652,-73.13263067591254,13.915688278082166,44.17377387639135
1664566803000,40.91344254665652,-73.13263067591254,14.01967433376653,44.17377387639135
1664566805000,40.91344254665652,-73.13263067591254,11.547414813777173,44.17377387639135
1664566807000,40.91344254665652,-73.13263067591254,11.698221284031565,44.17377387639135
1664566809000,40.91344254665652,-73.13263067591254,11.851147301085593,44.17377387639135
1664566811000,40.91344254665652,-73.13263067591254,11.992940582550954,44.17377387639135
1664566812999,40.91344254665652,-73.13263067591254,12.147098295326341,44.17377387639135
1664566814999,40.91344254665652,-73.13263067591254,12.33312925252569,44.17377387639135
1664566816999,40.91344254665652,-73.13263067591254,12.497137781760303,44.17377387639135
1664566818999,40.91344254665652,-73.13263067591254,12.649789852924034,44.17377387639135
1664566820999,40.91344254665652,-73.13263067591254,12.777135900719477,44.17377387639135
1664566822999,40.91344254665652,-73.13263067591254,12.919617250478044,44.17377387639135
1664566824999,40.91344254665652,-73.13263067591254,13.057916359774447,44.17377387639135
1664566826999,40.91344254665652,-73.13263067591254,13.28640550112273,44.17377387639135
1664566828999,40.91344254665652,-73.13263067591254,13.396119738746918,44.17377387639135
1664566830999,40.91344254665652,-73.13263067591254,13.507732077614637,44.17377387639135
1664566832999,40.91344254665652,-73.13263067591254,13.61326387118565,44.17377387639135
1664566834999,40.91344254665652,-73.13263067591254,13.678797705528357,44.17377387639135
1664566836999,40.91344254665652,-73.13263067591254,11.433662721672992,44.17377387639135
1664566838999,40.91344254665652,-73.13263067591254,11.553412693154204,44.17377387639135
1664566840999,40.91344254665652,-73.13263067591254,11.768446484595994,44.17377387639135
1664566842999,40.91344254665652,-73.13263067591254,11.887654544159531,44.17377387639135
1664566844999,40.91344254665652,-73.13263067591254,11.98350543615268,44.17377387639135
1664566846999,40.91344254665652,-73.13263067591254,12.119105788651542,44.17377387639135
1664566848999,40.91344254665652,-73.13263067591254,12.181096906038391,44.17377387639135
1664566850999,40.91344254665652,-73.13263067591254,12.25631665265237,44.17377387639135
1664566852999,40.91344254665652,-73.13263067591254,12.374471365843068,44.17377387639135
1664566854999,40.91344254665652,-73.13263067591254,12.477398569336557,44.17377387639135
1664566856999,40.91344254665652,-73.13263067591254,12.596499614587398,44.17377387639135
1664566858999,40.91344254665652,-73.13263067591254,12.70761222659331,44.17377387639135
1664566860999,40.91344254665652,-73.13263067591254,12.851202289121614,44.17377387639135
1664566862999,40.91344254665652,-73.13263067591254,13.05292827787024,44.17377387639135
1664566864999,40.91344254665652,-73.13263067591254,13.152636614717736,44.17377387639135
1664566866999,40.91344254665652,-73.13263067591254,13.238595968536803,44.17377387639135
1664566868999,40.91344254665652,-73.13263067591254,13.290104912846846,44.17377387639135
1664566870999,40.91344254665652,-73.13263067591254,13.3086000162271,44.17377387639135
1664566872999,40.91344254665652,-73.13263067591254,13.294458292841332,44.17377387639135
1664566874999,40.91344254665652,-73.13263067591254,13.35530663729872,44.17377387639135
1664566876999,40.91344254665652,-73.13263067591254,13.383599165252393,44.17377387639135
1664566878999,40.91344254665652,-73.13263067591254,13.46192164014669,44.17377387639135
1664566880999,40.91344254665652,-73.13263067591254,13.498092359384625,44.17377387639135
1664566882999,40.91344254665652,-73.13263067591254,13.472718895237756,44.17377387639135
1664566884999,40.91344254665652,-73.13263067591254,13.54511521187751,44.17377387639135
1664566886999,40.91344254665652,-73.13263067591254,13.57810048495496,44.17377387639135
1664566888999,40.91344254665652,-73.13263067591254,13.62508980578408,44.17377387639135
1664566890999,40.91344254665652,-73.13263067591254,13.682135703750317,44.17377387639135
1664566892998,40.91344254665652,-73.13263067591254,13.76657422509107,44.17377387639135
1664566894998,40.91344254665652,-73.13263067591254,13.790645841454435,44.17377387639135
1664566896998,40.91344254665652,-73.13263067591254,13.922258059324482,44.17377387639135
1664566898998,40.91344254665652,-73.13263067591254,13.983347434580585,44.17377387639135
1664566900998,40.91344254665652,-73.13263067591254,14.00387514325197,44.17377387639135
1664566902998,40.91344254665652,-73.13263067591254,11.635372163697768,44.17377387639135
1664566904998,40.91344254665652,-73.13263067591254,11.741470021156156,44.17377387639135
1664566906998,40.91344254665652,-73.13263067591254,11.847493327568177,44.17377387639135
1664566908998,40.91344254665652,-73.13263067591254,11.962493541864806,44.17377387639135
1664566910998,40.91344254665652,-73.13263067591254,12.03881802693741,44.17377387639135
1664566912998,40.91344254665652,-73.13263067591254,12.150642075991792,44.17377387639135
1664566914998,40.91344254665652,-73.13263067591254,12.234173856509484,44.17377387639135
1664566916998,40.91344254665652,-73.13263067591254,12.397722175565228,44.17377387639135
1664566918999,40.91344254665652,-73.13263067591254,12.499570041744606,44.17377387639135
1664566920999,40.91344254665652,-73.13263067591254,12.616000714296492,44.17377387639135
1664566922999,40.91344254665652,-73.13263067591254,12.641692926374075,44.17377387639135
1664566925000,40.91344254665652,-73.13263067591254,12.660004291408358,44.17377387639135
1664566927000,40.91344254665652,-73.13263067591254,12.730878792991733,44.17377387639135
1664566929000,40.91344254665652,-73.13263067591254,12.843086425485176,44.17377387639135
1664566931000,40.91344254665652,-73.13263067591254,12.962251435207948,44.17377387639135
1664566933000,40.91344254665652,-73.13263067591254,10.966580749830895,44.17377387639135
1664566935000,40.91344254665652,-73.13263067591254,11.107975041215058,44.17377387639135
1664566937000,40.91344254665652,-73.13263067591254,11.315020614302787,44.17377387639135
1664566938999,40.91344254665652,-73.13263067591254,11.468974096985521,44.17377387639135
1664566940999,40.91344254665652,-73.13263067591254,11.581774678712003,44.17377387639135
1664566942999,40.91344254665652,-73.13263067591254,11.710106836462975,44.17377387639135
1664566944999,40.91344254665652,-73.13263067591254,11.91108513227404,44.17377387639135
1664566946999,40.91344254665652,-73.13263067591254,12.0256497602527,44.17377387639135
1664566948999,40.91344254665652,-73.13263067591254,12.106119242454918,44.17377387639135
1664566950999,40.91344254665652,-73.13263067591254,12.23514462088336,44.17377387639135
1664566952999,40.91344254665652,-73.13263067591254,12.32384994475391,44.17377387639135
1664566954999,40.91344254665652,-73.13263067591254,12.408627487851787,44.17377387639135
1664566956999,40.91344254665652,-73.13263067591254,12.58057639978111,44.17377387639135
1664566958999,40.91344254665652,-73.13263067591254,12.529596123271675,44.17377387639135
1664566960999,40.91344254665652,-73.13263067591254,12.67673314789424,44.17377387639135
1664566962999,40.91344254665652,-73.13263067591254,12.734141586723723,44.17377387639135
1664566964999,40.91344254665652,-73.13263067591254,12.705042865682465,44.17377387639135
1664566966999,40.91344254665652,-73.13263067591254,12.720979889045713,44.17377387639135
1664566968999,40.91344254665652,-73.13263067591254,12.697513112378546,44.17377387639135
1664566970999,40.91344254665652,-73.13263067591254,12.734341991217654,44.17377387639135
1664566972999,40.91344254665652,-73.13263067591254,12.792333014887156,44.17377387639135
1664566974999,40.91344254665652,-73.13263067591254,12.972300106176915,44.17377387639135
1664566976999,40.91344254665652,-73.13263067591254,12.999365978628445,44.17377387639135
1664566978999,40.91344254665652,-73.13263067591254,13.075609794929644,44.17377387639135
1664566980999,40.91344254665652,-73.13263067591254,13.121359036234267,44.17377387639135
1664566982999,40.91344254665652,-73.13263067591254,13.128451976649863,44.17377387639135
1664566984999,40.91344254665652,-73.13263067591254,13.210363015728303,44.17377387639135
1664566986999,40.91344254665652,-73.13263067591254,13.34230192682777,44.17377387639135
1664566988999,40.91344254665652,-73.13263067591254,13.425180605580621,44.17377387639135
1664566990999,40.91344254665652,-73.13263067591254,13.399428992373943,44.17377387639135
1664566992999,40.91344254665652,-73.13263067591254,13.478209992894506,44.17377387639135
1664566994999,40.91344254665652,-73.13263067591254,13.377248030120994,44.17377387639135
1664566996999,40.91344254665652,-73.13263067591254,11.068983634850012,44.17377387639135
1664566998999,40.91344254665652,-73.13263067591254,11.095370953948366,44.17377387639135
1664567000999,40.91344254665652,-73.13263067591254,11.100758573227575,44.17377387639135
1664567002999,40.91344254665652,-73.13263067591254,11.179142622132067,44.17377387639135
1664567004999,40.91344254665652,-73.13263067591254,11.32592269356281,44.17377387639135
1664567006999,40.91344254665652,-73.13263067591254,11.425786084366871,44.17377387639135
1664567008999,40.91344254665652,-73.13263067591254,11.551968085929214,44.17377387639135
1664567010999,40.91344254665652,-73.13263067591254,11.585911379975267,44.17377387639135
1664567012999,40.91344254665652,-73.13263067591254,11.56874174147855,44.17377387639135
1664567014999,40.91344254665652,-73.13263067591254,11.625697234964383,44.17377387639135
1664567016999,40.91344254665652,-73.13263067591254,11.718773037219366,44.17377387639135
1664567018999,40.91344254665652,-73.13263067591254,11.802843009133925,44.17377387639135
1664567020999,40.91344254665652,-73.13263067591254,11.834163562676716,44.17377387639135
1664567022998,40.91344254665652,-73.13263067591254,11.865128596930404,44.17377387639135
1664567024998,40.91344254665652,-73.13263067591254,11.925626998110296,44.17377387639135
1664567026998,40.91344254665652,-73.13263067591254,11.936818548294971,44.17377387639135
1664567028998,40.91344254665652,-73.13263067591254,10.252320323502127,44.17377387639135
1664567030998,40.91344254665652,-73.13263067591254,10.383025166112938,44.17377387639135
1664567032998,40.91344254665652,-73.13263067591254,10.453141962366837,44.17377387639135
1664567034998,40.91344254665652,-73.13263067591254,10.539971234535079,44.17377387639135
1664567036998,40.91344254665652,-73.13263067591254,10.58116668031009,44.17377387639135
1664567038998,40.91344254665652,-73.13263067591254,10.622775009264604,44.17377387639135
1664567040998,40.91344254665652,-73.13263067591254,10.702359867161421,44.17377387639135
1664567042998,40.91344254665652,-73.13263067591254,10.683026315807279,44.17377387639135
1664567045000,40.91344254665652,-73.13263067591254,10.770681748139488,44.17377387639135
1664567047000,40.91344254665652,-73.13263067591254,10.851138565140166,44.17377387639135
1664567049000,40.91344254665652,-73.13263067591254,10.987338247194595,44.17377387639135
1664567051000,40.91344254665652,-73.13263067591254,11.000853750069595,44.17377387639135
1664567053000,40.91344254665652,-73.13263067591254,11.068327789993267,44.17377387639135
1664567055000,40.91344254665652,-73.13263067591254,11.107993701377294,44.17377387639135
1664567057000,40.91344254665652,-73.13263067591254,11.151620141385212,44.17377387639135
1664567059000,40.91344254665652,-73.13263067591254,11.179318656858829,44.17377387639135
1664567061000,40.91344254665652,-73.13263067591254,9.751803056138064,44.17377387639135
1664567063000,40.91344254665652,-73.13263067591254,9.905801078386663,44.17377387639135
1664567064999,40.91344254665652,-73.13263067591254,10.038883446051171,44.17377387639135
1664567066999,40.91344254665652,-73.13263067591254,10.182404656913809,44.17377387639135
1664567068999,40.91344254665652,-73.13263067591254,10.325608618729554,44.17377387639135
1664567070999,40.91344254665652,-73.13263067591254,10.48179410142869,44.17377387639135
1664567072999,40.91344254665652,-73.13263067591254,10.62531204270234,44.17377387639135
1664567074999,40.91344254665652,-73.13263067591254,10.790101421105382,44.17377387639135
1664567076999,40.91344254665652,-73.13263067591254,10.863317486576506,44.17377387639135
1664567078999,40.91344254665652,-73.13263067591254,10.90358007341971,44.17377387639135
1664567080999,40.91344254665652,-73.13263067591254,11.00104526561183,44.17377387639135
1664567082999,40.91344254665652,-73.13263067591254,11.067357396849822,44.17377387639135
1664567084999,40.91344254665652,-73.13263067591254,11.203049648202143,44.17377387639135
1664567086999,40.91344254665652,-73.13263067591254,11.305259718521224,44.17377387639135
1664567088999,40.91344254665652,-73.13263067591254,11.4321086542094,44.17377387639135
1664567090999,40.91344254665652,-73.13263067591254,11.54085770108295,44.17377387639135
1664567092999,40.91344254665652,-73.13263067591254,11.6012054939164,44.17377387639135
1664567094999,40.91344254665652,-73.13263067591254,10.187401286254563,44.17377387639135
1664567096999,40.91344254665652,-73.13263067591254,10.315842871478786,44.17377387639135
1664567098999,40.91344254665652,-73.13263067591254,10.453687288720852,44.17377387639135
1664567100999,40.91344254665652,-73.13263067591254,10.609385630951202,44.17377387639135
1664567102999,40.91344254665652,-73.13263067591254,10.808374104043535,44.17377387639135
1664567104999,40.91344254665652,-73.13263067591254,10.820624131213393,44.17377387639135
1664567106999,40.91344254665652,-73.13263067591254,10.885191349527384,44.17377387639135
1664567108999,40.91344254665652,-73.13263067591254,11.002573706655507,44.17377387639135
1664567110999,40.91344254665652,-73.13263067591254,11.227533203961668,44.17377387639135
1664567112999,40.91344254665652,-73.13263067591254,11.253021053465421,44.17377387639135
1664567114999,40.91344254665652,-73.13263067591254,11.388774443485715,44.17377387639135
1664567116999,40.91344254665652,-73.13263067591254,11.462439678835132,44.17377387639135
1664567118999,40.91344254665652,-73.13263067591254,11.57109693845104,44.17377387639135
1664567120999,40.91344254665652,-73.13263067591254,11.63200156528875,44.17377387639135
1664567122999,40.91344254665652,-73.13263067591254,11.70725137355803,44.17377387639135
1664567124999,40.91344254665652,-73.13263067591254,10.0912856089722,44.17377387639135
1664567126999,40.91344254665652,-73.13263067591254,10.232476221669247,44.17377387639135
1664567128999,40.91344254665652,-73.13263067591254,10.354212600072513,44.17377387639135
1664567130999,40.91344254665652,-73.13263067591254,10.568143310086073,44.17377387639135
1664567132999,40.91344254665652,-73.13263067591254,10.737249578485498,44.17377387639135
1664567134999,40.91344254665652,-73.13263067591254,10.76576210343495,44.17377387639135
1664567136999,40.91344254665652,-73.13263067591254,10.872962351045429,44.17377387639135
1664567138999,40.91344254665652,-73.13263067591254,10.97356234556105,44.17377387639135
1664567140998,40.91344254665652,-73.13263067591254,11.095983615422867,44.17377387639135
1664567142998,40.91344254665652,-73.13263067591254,11.236530082491615,44.17377387639135
1664567144998,40.91344254665652,-73.13263067591254,11.351274452740233,44.17377387639135
1664567146998,40.91344254665652,-73.13263067591254,11.49673234214657,44.17377387639135
1664567148998,40.91344254665652,-73.13263067591254,11.642508580644293,44.17377387639135
1664567150998,40.91344254665652,-73.13263067591254,11.852032404881665,44.17377387639135
1664567152998,40.91344254665652,-73.13263067591254,11.96947591478085,44.17377387639135
1664567154998,40.91344254665652,-73.13263067591254,12.102931159972604,44.17377387639135
1664567156998,40.91344254665652,-73.13263067591254,12.223238132798963,44.17377387639135
1664567158998,40.91344254665652,-73.13263067591254,10.577080606456098,44.17377387639135
1664567160998,40.91344254665652,-73.13263067591254,10.727072389524057,44.17377387639135
1664567162998,40.91344254665652,-73.13263067591254,10.889044107439398,44.17377387639135
1664567164998,40.91344254665652,-73.13263067591254,11.129581258950815,44.17377387639135
1664567166998,40.91344254665652,-73.13263067591254,11.271917698840287,44.17377387639135
1664567168998,40.91344254665652,-73.13263067591254,11.400469671220076,44.17377387639135
1664567170999,40.91344254665652,-73.13263067591254,11.579291629234845,44.17377387639135
1664567172999,40.91344254665652,-73.13263067591254,11.7226611080405,44.17377387639135
1664567174999,40.91344254665652,-73.13263067591254,11.92414303577416,44.17377387639135
1664567176999,40.91344254665652,-73.13263067591254,11.949881026495152,44.17377387639135
1664567178999,40.91344254665652,-73.13263067591254,12.110822288581828,44.17377387639135
1664567180999,40.91344254665652,-73.13263067591254,12.231369241189663,44.17377387639135
1664567182999,40.91344254665652,-73.13263067591254,12.358466774525064,44.17377387639135
1664567184999,40.91344254665652,-73.13263067591254,12.473172797731365,44.17377387639135
1664567186999,40.91344254665652,-73.13263067591254,12.629836848076438,44.17377387639135
1664567189000,40.91344254665652,-73.13263067591254,12.763954198971454,44.17377387639135
1664567190999,40.91344254665652,-73.13263067591254,10.9147457528821,44.17377387639135
1664567192999,40.91344254665652,-73.13263067591254,11.096180021882693,44.17377387639135
1664567194999,40.91344254665652,-73.13263067591254,11.280721171474083,44.17377387639135
1664567196999,40.91344254665652,-73.13263067591254,11.457581537980408,44.17377387639135
1664567198999,40.91344254665652,-73.13263067591254,11.584622127033235,44.17377387639135
1664567200999,40.91344254665652,-73.13263067591254,11.708314811098317,44.17377387639135
1664567202999,40.91344254665652,-73.13263067591254,11.826461741496406,44.17377387639135
1664567204999,40.91344254665652,-73.13263067591254,12.071305894489653,44.17377387639135
1664567206999,40.91344254665652,-73.13263067591254,12.203885001598183,44.17377387639135
1664567208999,40.91344254665652,-73.13263067591254,12.339086281549752,44.17377387639135
1664567210999,40.91344254665652,-73.13263067591254,12.472815137735328,44.17377387639135
1664567212999,40.91344254665652,-73.13263067591254,12.600696684321626,44.17377387639135
1664567214999,40.91344254665652,-73.13263067591254,12.735501822762929,44.17377387639135
1664567216999,40.91344254665652,-73.13263067591254,12.883524621262152,44.17377387639135
1664567218999,40.91344254665652,-73.13263067591254,12.99720269004574,44.17377387639135
1664567220999,40.91344254665652,-73.13263067591254,11.064628136286965,44.17377387639135
1664567222999,40.91344254665652,-73.13263067591254,11.186149996214448,44.17377387639135
1664567224999,40.91344254665652,-73.13263067591254,11.357710893439322,44.17377387639135
1664567226999,40.91344254665652,-73.13263067591254,11.504148454172373,44.17377387639135
1664567228999,40.91344254665652,-73.13263067591254,11.644425540214991,44.17377387639135
1664567230999,40.91344254665652,-73.13263067591254,11.764418517497267,44.17377387639135
1664567232999,40.91344254665652,-73.13263067591254,11.880868952500533,44.17377387639135
1664567234999,40.91344254665652,-73.13263067591254,12.06470942918174,44.17377387639135
1664567236999,40.91344254665652,-73.13263067591254,12.19827916487821,44.17377387639135
1664567238999,40.91344254665652,-73.13263067591254,12.303272191894688,44.17377387639135
1664567240999,40.91344254665652,-73.13263067591254,12.412958541757915,44.17377387639135
1664567242999,40.91344254665652,-73.13263067591254,12.482498285991644,44.17377387639135
1664567244999,40.91344254665652,-73.13263067591254,12.567179738839867,44.17377387639135
1664567246999,40.91344254665652,-73.13263067591254,12.665345291717577,44.17377387639135
1664567248999,40.91344254665652,-73.13263067591254,12.761279964008422,44.17377387639135
1664567250999,40.91344254665652,-73.13263067591254,12.854669222567132,44.17377387639135
1664567252999,40.91344254665652,-73.13263067591254,13.01274211646083,44.17377387639135
1664567254999,40.91344254665652,-73.13263067591254,13.12119502686243,44.17377387639135
1664567256999,40.91344254665652,-73.13263067591254,13.181699526543769,44.17377387639135
1664567258999,40.91344254665652,-73.13263067591254,13.268062426912866,44.17377387639135
1664567260999,40.91344254665652,-73.13263067591254,13.324668840593832,44.17377387639135
1664567262999,40.91344254665652,-73.13263067591254,13.366511896248314,44.17377387639135
1664567264999,40.91344254665652,-73.13263067591254,13.427112820500723,44.17377387639135
1664567266999,40.91344254665652,-73.13263067591254,13.591221289560757,44.17377387639135
1664567268999,40.91344254665652,-73.13263067591254,13.55549422988034,44.17377387639135
1664567270999,40.91344254665652,-73.13263067591254,13.70223250316681,44.17377387639135
1664567272998,40.91344254665652,-73.13263067591254,13.7288124524562,44.17377387639135
1664567274998,40.91344254665652,-73.13263067591254,13.738265832490482,44.17377387639135
1664567276998,40.91344254665652,-73.13263067591254,13.773132476049575,44.17377387639135
1664567278998,40.91344254665652,-73.13263067591254,13.829657854808042,44.17377387639135
1664567280998,40.91344254665652,-73.13263067591254,13.867079896618321,44.17377387639135
1664567282998,40.91344254665652,-73.13263067591254,13.889009062977548,44.17377387639135
1664567284998,40.91344254665652,-73.13263067591254,13.939520690909912,44.17377387639135
1664567286998,40.91344254665652,-73.13263067591254,13.986154050831878,44.17377387639135
1664567288998,40.91344254665652,-73.13263067591254,14.077767147418944,44.17377387639135
1664567290998,40.91344254665652,-73.13263067591254,14.058132188116737,44.17377387639135
1664567292998,40.91344254665652,-73.13263067591254,14.085986956432519,44.17377387639135
1664567294998,40.91344254665652,-73.13263067591254,13.962692934664386,44.17377387639135
1664567297000,40.91344254665652,-73.13263067591254,14.029235358922284,44.17377387639135
1664567299000,40.91344254665652,-73.13263067591254,14.052040859477778,44.17377387639135
1664567301000,40.91344254665652,-73.13263067591254,14.048052725079517,44.17377387639135
1664567303000,40.91344254665652,-73.13263067591254,14.119958864197063,44.17377387639135
1664567305000,40.91344254665652,-73.13263067591254,14.155746861133,44.17377387639135
1664567307000,40.91344254665652,-73.13263067591254,14.174034004863865,44.17377387639135
1664567309000,40.91344254665652,-73.13263067591254,14.190355847034516,44.17377387639135
1664567311000,40.91344254665652,-73.13263067591254,14.180168465189729,44.17377387639135
1664567313000,40.91344254665652,-73.13263067591254,14.116913075004216,44.17377387639135
1664567315000,40.91344254665652,-73.13263067591254,14.097611218198209,44.17377387639135
1664567316999,40.91344254665652,-73.13263067591254,11.404333886446434,44.17377387639135
1664567318999,40.91344254665652,-73.13263067591254,11.477760549371014,44.17377387639135
1664567320999,40.91344254665652,-73.13263067591254,11.545438265087315,44.17377387639135
1664567322999,40.91344254665652,-73.13263067591254,11.61207944346771,44.17377387639135
1664567324999,40.91344254665652,-73.13263067591254,11.652295235760258,44.17377387639135
1664567326999,40.91344254665652,-73.13263067591254,11.65679648543538,44.17377387639135
1664567328999,40.91344254665652,-73.13263067591254,11.684964262525083,44.17377387639135
1664567330999,40.91344254665652,-73.13263067591254,11.756557621344195,44.17377387639135
1664567332999,40.91344254665652,-73.13263067591254,11.805212231857931,44.17377387639135
1664567334999,40.91344254665652,-73.13263067591254,11.868409944444196,44.17377387639135
1664567336999,40.91344254665652,-73.13263067591254,11.91899737975639,44.17377387639135
1664567338999,40.91344254665652,-73.13263067591254,12.010145761242457,44.17377387639135
1664567340999,40.91344254665652,-73.13263067591254,12.056715825702064,44.17377387639135
1664567342999,40.91344254665652,-73.13263067591254,12.10913917427334,44.17377387639135
1664567344999,40.91344254665652,-73.13263067591254,12.175069209559748,44.17377387639135
1664567346999,40.91344254665652,-73.13263067591254,12.21963742393257,44.17377387639135
1664567348999,40.91344254665652,-73.13263067591254,10.383866417831621,44.17377387639135
1664567350999,40.91344254665652,-73.13263067591254,10.556117680909232,44.17377387639135
1664567352999,40.91344254665652,-73.13263067591254,10.590264056835796,44.17377387639135
1664567354999,40.91344254665652,-73.13263067591254,10.686532206046031,44.17377387639135
1664567356999,40.91344254665652,-73.13263067591254,10.74895857739867,44.17377387639135
1664567358999,40.91344254665652,-73.13263067591254,10.857522843929802,44.17377387639135
1664567360999,40.91344254665652,-73.13263067591254,10.873694767269244,44.17377387639135
1664567362999,40.91344254665652,-73.13263067591254,10.955224465926515,44.17377387639135
1664567364999,40.91344254665652,-73.13263067591254,11.071103669045527,44.17377387639135
1664567366999,40.91344254665652,-73.13263067591254,11.157383388077172,44.17377387639135
1664567368999,40.91344254665652,-73.13263067591254,11.248611603978715,44.17377387639135
1664567370999,40.91344254665652,-73.13263067591254,11.336646960379898,44.17377387639135
1664567372999,40.91344254665652,-73.13263067591254,11.408129723144178,44.17377387639135
1664567374999,40.91344254665652,-73.13263067591254,11.437254691409837,44.17377387639135
1664567376999,40.91344254665652,-73.13263067591254,11.534135947263067,44.17377387639135
1664567378999,40.91344254665652,-73.13263067591254,11.69305605258076,44.17377387639135
1664567380999,40.91344254665652,-73.13263067591254,10.102655431708314,44.17377387639135
1664567382999,40.91344254665652,-73.13263067591254,10.197511667581468,44.17377387639135
1664567384999,40.91344254665652,-73.13263067591254,10.28745790325625,44.17377387639135
1664567386999,40.91344254665652,-73.13263067591254,10.349108639413979,44.17377387639135
1664567388999,40.91344254665652,-73.13263067591254,10.4357004814318,44.17377387639135
1664567390999,40.91344254665652,-73.13263067591254,10.56268810563387,44.17377387639135
1664567392998,40.91344254665652,-73.13263067591254,10.687404415392567,44.17377387639135
1664567394998,40.91344254665652,-73.13263067591254,10.886600311138876,44.17377387639135
1664567396998,40.91344254665652,-73.13263067591254,10.976755564851421,44.17377387639135
1664567398998,40.91344254665652,-73.13263067591254,11.098352939547928,44.17377387639135
1664567400998,40.91344254665652,-73.13263067591254,11.140597187240093,44.17377387639135
1664567402998,40.91344254665652,-73.13263067591254,11.18782035156765,44.17377387639135
1664567404998,40.91344254665652,-73.13263067591254,11.297338274210524,44.17377387639135
1664567406998,40.91344254665652,-73.13263067591254,11.281064033615042,44.17377387639135
1664567408998,40.91344254665652,-73.13263067591254,11.430381869871713,44.17377387639135
1664567410998,40.91344254665652,-73.13263067591254,11.511505124137821,44.17377387639135
1664567412998,40.91344254665652,-73.13263067591254,10.007119916982832,44.17377387639135
1664567414998,40.91344254665652,-73.13263067591254,10.070916623798647,44.17377387639135
1664567416998,40.91344254665652,-73.13263067591254,10.12880255388827,44.17377387639135
1664567418998,40.91344254665652,-73.13263067591254,10.241950098615096,44.17377387639135
1664567420998,40.91344254665652,-73.13263067591254,10.37229378851914,44.17377387639135
1664567422999,40.91344254665652,-73.13263067591254,10.474379261378342,44.17377387639135
1664567424999,40.91344254665652,-73.13263067591254,10.500209777279043,44.17377387639135
1664567426999,40.91344254665652,-73.13263067591254,10.609591173367363,44.17377387639135
1664567428999,40.91344254665652,-73.13263067591254,10.69330053886054,44.17377387639135
1664567430999,40.91344254665652,-73.13263067591254,10.839673007830834,44.17377387639135
1664567432999,40.91344254665652,-73.13263067591254,11.014803164006722,44.17377387639135
1664567434999,40.91344254665652,-73.13263067591254,11.019812030470453,44.17377387639135
1664567436999,40.91344254665652,-73.13263067591254,11.051083199652671,44.17377387639135
1664567438999,40.91344254665652,-73.13263067591254,11.119138932218322,44.17377387639135
1664567440999,40.91344254665652,-73.13263067591254,11.018340404362297,44.17377387639135
1664567442999,40.91344254665652,-73.13263067591254,11.037845988722088,44.17377387639135
1664567444999,40.91344254665652,-73.13263067591254,11.01491235288363,44.17377387639135
1664567446999,40.91344254665652,-73.13263067591254,9.677938312111015,44.17377387639135
1664567448999,40.91344254665652,-73.13263067591254,9.753460018593923,44.17377387639135
1664567450999,40.91344254665652,-73.13263067591254,9.8920382783333,44.17377387639135
1664567452999,40.91344254665652,-73.13263067591254,9.957279402776518,44.17377387639135
1664567454999,40.91344254665652,-73.13263067591254,10.024064239587544,44.17377387639135
1664567456999,40.91344254665652,-73.13263067591254,10.107075308044681,44.17377387639135
1664567458999,40.91344254665652,-73.13263067591254,10.146442737362511,44.17377387639135
1664567460999,40.91344254665652,-73.13263067591254,10.235864963600834,44.17377387639135
1664567462999,40.91344254665652,-73.13263067591254,10.258513405357753,44.17377387639135
1664567464999,40.91344254665652,-73.13263067591254,10.409817709283692,44.17377387639135
1664567466999,40.91344254665652,-73.13263067591254,10.53024356332861,44.17377387639135
1664567468999,40.91344254665652,-73.13263067591254,10.593356128768072,44.17377387639135
1664567470999,40.91344254665652,-73.13263067591254,10.683968191460867,44.17377387639135
1664567472999,40.91344254665652,-73.13263067591254,10.82230148903281,44.17377387639135
1664567474999,40.91344254665652,-73.13263067591254,10.893290993344033,44.17377387639135
1664567476999,40.91344254665652,-73.13263067591254,9.654686902706269,44.17377387639135
1664567478999,40.91344254665652,-73.13263067591254,9.87683892335098,44.17377387639135
1664567480999,40.91344254665652,-73.13263067591254,10.032002878576575,44.17377387639135
1664567482999,40.91344254665652,-73.13263067591254,10.151922201960145,44.17377387639135
1664567484999,40.91344254665652,-73.13263067591254,10.307798425120428,44.17377387639135
1664567486999,40.91344254665652,-73.13263067591254,10.472601692951166,44.17377387639135
1664567488999,40.91344254665652,-73.13263067591254,10.610410683545124,44.17377387639135
1664567490999,40.91344254665652,-73.13263067591254,10.744254279172369,44.17377387639135
1664567492999,40.91344254665652,-73.13263067591254,10.867872128893602,44.17377387639135
1664567494999,40.91344254665652,-73.13263067591254,11.008981829963751,44.17377387639135
1664567496999,40.91344254665652,-73.13263067591254,11.065753013727914,44.17377387639135
1664567498999,40.91344254665652,-73.13263067591254,11.208603836772712,44.17377387639135
1664567500999,40.91344254665652,-73.13263067591254,11.399837840429264,44.17377387639135
1664567502999,40.91344254665652,-73.13263067591254,11.529557903342566,44.17377387639135
1664567504999,40.91344254665652,-73.13263067591254,11.586172395357663,44.17377387639135
1664567506999,40.91344254665652,-73.13263067591254,11.719730477516173,44.17377387639135
1664567508999,40.91344254665652,-73.13263067591254,11.834166630444573,44.17377387639135
1664567510999,40.91344254665652,-73.13263067591254,10.292663200367093,44.17377387639135
1664567512999,40.91344254665652,-73.13263067591254,10.35720054437354,44.17377387639135
1664567514999,40.91344254665652,-73.13263067591254,10.494554782027281,44.17377387639135
1664567516999,40.91344254665652,-73.13263067591254,10.647143488382165,44.17377387639135
1664567518999,40.91344254665652,-73.13263067591254,10.784720305186346,44.17377387639135
1664567520998,40.91344254665652,-73.13263067591254,10.932173665445573,44.17377387639135
1664567522998,40.91344254665652,-73.13263067591254,11.03220541811078,44.17377387639135
1664567524998,40.91344254665652,-73.13263067591254,11.190656276694563,44.17377387639135
1664567526998,40.91344254665652,-73.13263067591254,11.320603671274792,44.17377387639135
1664567528998,40.91344254665652,-73.13263067591254,11.418631818938508,44.17377387639135
1664567530998,40.91344254665652,-73.13263067591254,11.51418112782978,44.17377387639135
1664567532998,40.91344254665652,-73.13263067591254,11.5892422773711,44.17377387639135
1664567534998,40.91344254665652,-73.13263067591254,11.694672582655741,44.17377387639135
1664567536998,40.91344254665652,-73.13263067591254,11.806578861080363,44.17377387639135
1664567538998,40.91344254665652,-73.13263067591254,11.945354661023627,44.17377387639135
1664567540998,40.91344254665652,-73.13263067591254,10.335603347539127,44.17377387639135
1664567542998,40.91344254665652,-73.13263067591254,10.42338628795612,44.17377387639135
1664567544998,40.91344254665652,-73.13263067591254,10.490383579665567,44.17377387639135
1664567546998,40.91344254665652,-73.13263067591254,10.602422210781874,44.17377387639135
1664567548999,40.91344254665652,-73.13263067591254,10.66978809000732,44.17377387639135
1664567550999,40.91344254665652,-73.13263067591254,10.720425085823916,44.17377387639135
1664567552999,40.91344254665652,-73.13263067591254,10.883518097320948,44.17377387639135
1664567554999,40.91344254665652,-73.13263067591254,10.847423170506412,44.17377387639135
1664567556999,40.91344254665652,-73.13263067591254,10.80263642582934,44.17377387639135
1664567558999,40.91344254665652,-73.13263067591254,10.782224172455576,44.17377387639135
1664567560999,40.91344254665652,-73.13263067591254,10.748369643973186,44.17377387639135
1664567563000,40.91344254665652,-73.13263067591254,10.887064032052571,44.17377387639135
1664567564999,40.91344254665652,-73.13263067591254,11.021883914058376,44.17377387639135
1664567567000,40.91344254665652,-73.13263067591254,11.124939342440145,44.17377387639135
1664567568999,40.91344254665652,-73.13263067591254,11.157420301569747,44.17377387639135
1664567570999,40.91344254665652,-73.13263067591254,11.233446429674414,44.17377387639135
1664567572999,40.91344254665652,-73.13263067591254,9.852084630612687,44.17377387639135
1664567574999,40.91344254665652,-73.13263067591254,10.022158764405662,44.17377387639135
1664567576999,40.91344254665652,-73.13263067591254,10.2057100660083,44.17377387639135
1664567578999,40.91344254665652,-73.13263067591254,10.353080407198412,44.17377387639135
1664567580999,40.91344254665652,-73.13263067591254,10.508544520946439,44.17377387639135
1664567582999,40.91344254665652,-73.13263067591254,10.64690951731353,44.17377387639135
1664567584999,40.91344254665652,-73.13263067591254,10.840088141373034,44.17377387639135
1664567586999,40.91344254665652,-73.13263067591254,11.096397932627688,44.17377387639135
1664567588999,40.91344254665652,-73.13263067591254,11.192857188764478,44.17377387639135
1664567590999,40.91344254665652,-73.13263067591254,11.457119858897972,44.17377387639135
1664567592999,40.91344254665652,-73.13263067591254,11.616285139249598,44.17377387639135
1664567594999,40.91344254665652,-73.13263067591254,11.780522911380185,44.17377387639135
1664567596999,40.91344254665652,-73.13263067591254,11.920490023728703,44.17377387639135
1664567598999,40.91344254665652,-73.13263067591254,12.042288826906084,44.17377387639135
1664567600999,40.91344254665652,-73.13263067591254,12.17411078876195,44.17377387639135
1664567602999,40.91344254665652,-73.13263067591254,12.412746088253723,44.17377387639135
1664567604999,40.91344254665652,-73.13263067591254,12.53580206090851,44.17377387639135
1664567606999,40.91344254665652,-73.13263067591254,10.841055994638603,44.17377387639135
1664567608999,40.91344254665652,-73.13263067591254,10.990175185014637,44.17377387639135
1664567610999,40.91344254665652,-73.13263067591254,11.17553846340001,44.17377387639135
1664567612999,40.91344254665652,-73.13263067591254,11.308381641003546,44.17377387639135
1664567614999,40.91344254665652,-73.13263067591254,11.462987782666266,44.17377387639135
1664567616999,40.91344254665652,-73.13263067591254,11.52929968100099,44.17377387639135
1664567618999,40.91344254665652,-73.13263067591254,11.59813779741271,44.17377387639135
1664567620999,40.91344254665652,-73.13263067591254,11.71151046713179,44.17377387639135
1664567622999,40.91344254665652,-73.13263067591254,11.903313911757765,44.17377387639135
1664567624999,40.91344254665652,-73.13263067591254,12.013108872649399,44.17377387639135
1664567626999,40.91344254665652,-73.13263067591254,12.06549670116522,44.17377387639135
1664567628999,40.91344254665652,-73.13263067591254,12.066577956299222,44.17377387639135
1664567630999,40.91344254665652,-73.13263067591254,12.068955496260795,44.17377387639135
1664567632999,40.91344254665652,-73.13263067591254,12.130455393034199,44.17377387639135
1664567634999,40.91344254665652,-73.13263067591254,12.135040761122127,44.17377387639135
1664567636999,40.91344254665652,-73.13263067591254,10.331226844727466,44.17377387639135
1664567638999,40.91344254665652,-73.13263067591254,10.488951727324537,44.17377387639135
1664567640999,40.91344254665652,-73.13263067591254,10.549836779869064,44.17377387639135
1664567642999,40.91344254665652,-73.13263067591254,10.634867187650023,44.17377387639135
1664567644999,40.91344254665652,-73.13263067591254,10.67800388066568,44.17377387639135
1664567646999,40.91344254665652,-73.13263067591254,10.702368774940497,44.17377387639135
1664567648999,40.91344254665652,-73.13263067591254,10.789589776322359,44.17377387639135
1664567650998,40.91344254665652,-73.13263067591254,10.863247055507161,44.17377387639135
1664567652998,40.91344254665652,-73.13263067591254,10.988559891975834,44.17377387639135
1664567654998,40.91344254665652,-73.13263067591254,11.003960657342422,44.17377387639135
1664567656998,40.91344254665652,-73.13263067591254,11.173236583660973,44.17377387639135
1664567658998,40.91344254665652,-73.13263067591254,11.21788727001795,44.17377387639135
1664567660998,40.91344254665652,-73.13263067591254,11.280313014968153,44.17377387639135
1664567662998,40.91344254665652,-73.13263067591254,11.355536158119019,44.17377387639135
1664567664998,40.91344254665652,-73.13263067591254,11.392293899803393,44.17377387639135
1664567666998,40.91344254665652,-73.13263067591254,11.477447292931364,44.17377387639135
1664567668998,40.91344254665652,-73.13263067591254,11.504010382012892,44.17377387639135
1664567670998,40.91344254665652,-73.13263067591254,10.063851690500815,44.17377387639135
1664567672998,40.91344254665652,-73.13263067591254,10.159301032572776,44.17377387639135
1664567675000,40.91344254665652,-73.13263067591254,10.249381875614466,44.17377387639135
1664567677000,40.91344254665652,-73.13263067591254,10.34953070990623,44.17377387639135
1664567679000,40.91344254665652,-73.13263067591254,10.391968592650887,44.17377387639135
1664567681000,40.91344254665652,-73.13263067591254,10.477595803152095,44.17377387639135
1664567683000,40.91344254665652,-73.13263067591254,10.578453518796072,44.17377387639135
1664567685000,40.91344254665652,-73.13263067591254,10.694430329900735,44.17377387639135
1664567687000,40.91344254665652,-73.13263067591254,10.872547868382703,44.17377387639135
1664567689000,40.91344254665652,-73.13263067591254,10.98866534060413,44.17377387639135
1664567691000,40.91344254665652,-73.13263067591254,11.102158091449258,44.17377387639135
1664567693000,40.91344254665652,-73.13263067591254,11.18550804498964,44.17377387639135
1664567694999,40.91344254665652,-73.13263067591254,11.19641782026796,44.17377387639135
1664567696999,40.91344254665652,-73.13263067591254,11.238471422866738,44.17377387639135
1664567698999,40.91344254665652,-73.13263067591254,11.413646433822288,44.17377387639135
1664567700999,40.91344254665652,-73.13263067591254,11.530343208127075,44.17377387639135
1664567702999,40.91344254665652,-73.13263067591254,11.589048600805214,44.17377387639135
1664567704999,40.91344254665652,-73.13263067591254,11.69694257961169,44.17377387639135
1664567706999,40.91344254665652,-73.13263067591254,11.773493806745524,44.17377387639135
1664567708999,40.91344254665652,-73.13263067591254,11.862760986390283,44.17377387639135
1664567710999,40.91344254665652,-73.13263067591254,11.948900719590938,44.17377387639135
1664567712999,40.91344254665652,-73.13263067591254,12.055033302850031,44.17377387639135
1664567714999,40.91344254665652,-73.13263067591254,12.16602114444727,44.17377387639135
1664567716999,40.91344254665652,-73.13263067591254,12.34867077485622,44.17377387639135
1664567718999,40.91344254665652,-73.13263067591254,12.459512271830645,44.17377387639135
1664567720999,40.91344254665652,-73.13263067591254,12.567750101939426,44.17377387639135
1664567722999,40.91344254665652,-73.13263067591254,12.656646342496858,44.17377387639135
1664567724999,40.91344254665652,-73.13263067591254,12.763761881326143,44.17377387639135
1664567726999,40.91344254665652,-73.13263067591254,12.86562988201717,44.17377387639135
1664567728999,40.91344254665652,-73.13263067591254,12.987562456749503,44.17377387639135
1664567730999,40.91344254665652,-73.13263067591254,13.062745669529864,44.17377387639135
1664567732999,40.91344254665652,-73.13263067591254,10.94671980383384,44.17377387639135
1664567734999,40.91344254665652,-73.13263067591254,11.08374856503403,44.17377387639135
1664567736999,40.91344254665652,-73.13263067591254,11.223498168718367,44.17377387639135
1664567738999,40.91344254665652,-73.13263067591254,11.433827738897428,44.17377387639135
1664567740999,40.91344254665652,-73.13263067591254,11.589744247146301,44.17377387639135
1664567742999,40.91344254665652,-73.13263067591254,11.710139915173562,44.17377387639135
1664567744999,40.91344254665652,-73.13263067591254,11.854932271810892,44.17377387639135
1664567746999,40.91344254665652,-73.13263067591254,12.0008760680112,44.17377387639135
1664567748999,40.91344254665652,-73.13263067591254,12.158083617447144,44.17377387639135
1664567750999,40.91344254665652,-73.13263067591254,12.31116767202087,44.17377387639135
1664567752999,40.91344254665652,-73.13263067591254,12.444728128509999,44.17377387639135
1664567754999,40.91344254665652,-73.13263067591254,12.572076929181492,44.17377387639135
1664567756999,40.91344254665652,-73.13263067591254,12.782621819236798,44.17377387639135
1664567758999,40.91344254665652,-73.13263067591254,12.907999921710296,44.17377387639135
1664567760999,40.91344254665652,-73.13263067591254,13.021791174245294,44.17377387639135
1664567762999,40.91344254665652,-73.13263067591254,13.152798994861033,44.17377387639135
1664567764999,40.91344254665652,-73.13263067591254,11.025842561539445,44.17377387639135
1664567766999,40.91344254665652,-73.13263067591254,11.171870714539832,44.17377387639135
1664567768999,40.91344254665652,-73.13263067591254,11.356822904533855,44.17377387639135
1664567770999,40.91344254665652,-73.13263067591254,11.587656541472265,44.17377387639135
1664567772998,40.91344254665652,-73.13263067591254,11.72453235212222,44.17377387639135
1664567774998,40.91344254665652,-73.13263067591254,11.837550903502256,44.17377387639135
1664567776998,40.91344254665652,-73.13263067591254,12.014568195972197,44.17377387639135
1664567778998,40.91344254665652,-73.13263067591254,12.155430147948453,44.17377387639135
1664567780998,40.91344254665652,-73.13263067591254,12.28574306387906,44.17377387639135
1664567782998,40.91344254665652,-73.13263067591254,12.337316684888277,44.17377387639135
1664567784998,40.91344254665652,-73.13263067591254,12.456752947923315,44.17377387639135
1664567786998,40.91344254665652,-73.13263067591254,12.63855722929229,44.17377387639135
1664567788998,40.91344254665652,-73.13263067591254,12.742468081618961,44.17377387639135
1664567790998,40.91344254665652,-73.13263067591254,12.781110852177575,44.17377387639135
1664567792998,40.91344254665652,-73.13263067591254,12.854192305245911,44.17377387639135
1664567794998,40.91344254665652,-73.13263067591254,12.952967836519775,44.17377387639135
1664567796998,40.91344254665652,-73.13263067591254,13.006743745429418,44.17377387639135
1664567798998,40.91344254665652,-73.13263067591254,11.006177084227927,44.17377387639135
1664567800999,40.91344254665652,-73.13263067591254,11.15498210428725,44.17377387639135
1664567802999,40.91344254665652,-73.13263067591254,11.22710276637403,44.17377387639135
1664567804999,40.91344254665652,-73.13263067591254,11.442625441722415,44.17377387639135
1664567806999,40.91344254665652,-73.13263067591254,11.608505445576624,44.17377387639135
1664567808999,40.91344254665652,-73.13263067591254,11.697325274729973,44.17377387639135
1664567810999,40.91344254665652,-73.13263067591254,11.835111333787742,44.17377387639135
1664567812999,40.91344254665652,-73.13263067591254,11.928517518766064,44.17377387639135
1664567814999,40.91344254665652,-73.13263067591254,12.024251046587388,44.17377387639135
1664567816999,40.91344254665652,-73.13263067591254,12.121357535443686,44.17377387639135
1664567818999,40.91344254665652,-73.13263067591254,12.268685177337668,44.17377387639135
1664567820999,40.91344254665652,-73.13263067591254,12.353806002290964,44.17377387639135
1664567822999,40.91344254665652,-73.13263067591254,12.472987434037972,44.17377387639135
1664567824999,40.91344254665652,-73.13263067591254,12.576471090664954,44.17377387639135
1664567826999,40.91344254665652,-73.13263067591254,12.608043377414306,44.17377387639135
1664567828999,40.91344254665652,-73.13263067591254,12.658575808059204,44.17377387639135
1664567830999,40.91344254665652,-73.13263067591254,10.75892110408218,44.17377387639135
1664567832999,40.91344254665652,-73.13263067591254,10.89390485280889,44.17377387639135
1664567834999,40.91344254665652,-73.13263067591254,11.064703414264311,44.17377387639135
1664567836999,40.91344254665652,-73.13263067591254,11.202568551347841,44.17377387639135
1664567838999,40.91344254665652,-73.13263067591254,11.225298391743484,44.17377387639135
1664567840999,40.91344254665652,-73.13263067591254,11.388318394499864,44.17377387639135
1664567842999,40.91344254665652,-73.13263067591254,11.538444923281709,44.17377387639135
1664567844999,40.91344254665652,-73.13263067591254,11.725453603555877,44.17377387639135
1664567846999,40.91344254665652,-73.13263067591254,11.970675445869436,44.17377387639135
1664567848999,40.91344254665652,-73.13263067591254,12.148037503820118,44.17377387639135
1664567850999,40.91344254665652,-73.13263067591254,12.310878912643584,44.17377387639135
1664567852999,40.91344254665652,-73.13263067591254,12.444728029368594,44.17377387639135
1664567854999,40.91344254665652,-73.13263067591254,12.594529171546498,44.17377387639135
1664567856999,40.91344254665652,-73.13263067591254,12.75525916221201,44.17377387639135
1664567858999,40.91344254665652,-73.13263067591254,12.906843291155958,44.17377387639135
1664567860999,40.91344254665652,-73.13263067591254,13.046165461605943,44.17377387639135
1664567862999,40.91344254665652,-73.13263067591254,11.195506740412787,44.17377387639135
1664567864999,40.91344254665652,-73.13263067591254,11.376648818008736,44.17377387639135
1664567866999,40.91344254665652,-73.13263067591254,11.556966820000985,44.17377387639135
1664567868999,40.91344254665652,-73.13263067591254,11.70933577588383,44.17377387639135
1664567870999,40.91344254665652,-73.13263067591254,11.843669533302588,44.17377387639135
1664567872999,40.91344254665652,-73.13263067591254,11.996880417385029,44.17377387639135
1664567874999,40.91344254665652,-73.13263067591254,12.130497357009931,44.17377387639135
1664567876999,40.91344254665652,-73.13263067591254,12.288919648172184,44.17377387639135
1664567878999,40.91344254665652,-73.13263067591254,12.460475435332713,44.17377387639135
1664567880999,40.91344254665652,-73.13263067591254,12.519886315608659,44.17377387639135
1664567882999,40.91344254665652,-73.13263067591254,12.645072271175087,44.17377387639135
1664567884999,40.91344254665652,-73.13263067591254,12.801873114315931,44.17377387639135
1664567886999,40.91344254665652,-73.13263067591254,12.93596647740755,44.17377387639135
1664567888999,40.91344254665652,-73.13263067591254,13.10330937698613,44.17377387639135
1664567890999,40.91344254665652,-73.13263067591254,13.233192849189457,44.17377387639135
1664567892999,40.91344254665652,-73.13263067591254,11.159834982024117,44.17377387639135
1664567894999,40.91344254665652,-73.13263067591254,11.328065648816866,44.17377387639135
1664567896998,40.91344254665652,-73.13263067591254,11.493656404325359,44.17377387639135
1664567898998,40.91344254665652,-73.13263067591254,11.645546139473582,44.17377387639135
1664567900998,40.91344254665652,-73.13263067591254,11.76593546340529,44.17377387639135
1664567902998,40.91344254665652,-73.13263067591254,11.876416717394635,44.17377387639135
1664567904998,40.91344254665652,-73.13263067591254,12.035176061802584,44.17377387639135
1664567906998,40.91344254665652,-73.13263067591254,12.185073916578741,44.17377387639135
1664567908998,40.91344254665652,-73.13263067591254,12.393026466198389,44.17377387639135
1664567910998,40.91344254665652,-73.13263067591254,12.54331320976408,44.17377387639135
1664567912998,40.91344254665652,-73.13263067591254,12.61392473124055,44.17377387639135
1664567914998,40.91344254665652,-73.13263067591254,12.737427214005166,44.17377387639135
1664567916998,40.91344254665652,-73.13263067591254,12.875200800819938,44.17377387639135
1664567918998,40.91344254665652,-73.13263067591254,12.986873031218424,44.17377387639135
1664567920998,40.91344254665652,-73.13263067591254,13.137361361935358,44.17377387639135
1664567922998,40.91344254665652,-73.13263067591254,13.256522373463566,44.17377387639135
1664567924998,40.91344254665652,-73.13263067591254,11.092037194519268,44.17377387639135
1664567926999,40.91344254665652,-73.13263067591254,11.270689286266688,44.17377387639135
1664567928999,40.91344254665652,-73.13263067591254,11.430022876843404,44.17377387639135
1664567930999,40.91344254665652,-73.13263067591254,11.584036470005259,44.17377387639135
1664567932999,40.91344254665652,-73.13263067591254,11.709433630978983,44.17377387639135
1664567934999,40.91344254665652,-73.13263067591254,11.846339165293191,44.17377387639135
1664567936999,40.91344254665652,-73.13263067591254,11.991804759561596,44.17377387639135
1664567938999,40.91344254665652,-73.13263067591254,12.125744532444495,44.17377387639135
1664567941000,40.91344254665652,-73.13263067591254,12.24323392854404,44.17377387639135
1664567943000,40.91344254665652,-73.13263067591254,12.450914018894169,44.17377387639135
1664567945000,40.91344254665652,-73.13263067591254,12.557226296388935,44.17377387639135
1664567946999,40.91344254665652,-73.13263067591254,12.681488146855825,44.17377387639135
1664567948999,40.91344254665652,-73.13263067591254,12.798248197278205,44.17377387639135
1664567950999,40.91344254665652,-73.13263067591254,12.910570791457086,44.17377387639135
1664567952999,40.91344254665652,-73.13263067591254,13.027020112309229,44.17377387639135
1664567954999,40.91344254665652,-73.13263067591254,13.133690305406466,44.17377387639135
1664567956999,40.91344254665652,-73.13263067591254,11.035368411962317,44.17377387639135
1664567958999,40.91344254665652,-73.13263067591254,11.18265632731108,44.17377387639135
1664567960999,40.91344254665652,-73.13263067591254,11.383069072165688,44.17377387639135
1664567962999,40.91344254665652,-73.13263067591254,11.533770250877735,44.17377387639135
1664567964999,40.91344254665652,-73.13263067591254,11.665163080372908,44.17377387639135
1664567966999,40.91344254665652,-73.13263067591254,11.820815081517537,44.17377387639135
1664567968999,40.91344254665652,-73.13263067591254,11.954982298977084,44.17377387639135
1664567970999,40.91344254665652,-73.13263067591254,12.072374776829689,44.17377387639135
1664567972999,40.91344254665652,-73.13263067591254,12.28209342097442,44.17377387639135
1664567974999,40.91344254665652,-73.13263067591254,12.40966583592819,44.17377387639135
1664567976999,40.91344254665652,-73.13263067591254,12.521376537789806,44.17377387639135
1664567978999,40.91344254665652,-73.13263067591254,12.652995567284552,44.17377387639135
1664567980999,40.91344254665652,-73.13263067591254,12.777302668332627,44.17377387639135
1664567982999,40.91344254665652,-73.13263067591254,12.903151211387542,44.17377387639135
1664567984999,40.91344254665652,-73.13263067591254,13.030400248066526,44.17377387639135
1664567986999,40.91344254665652,-73.13263067591254,13.164211848426495,44.17377387639135
1664567988999,40.91344254665652,-73.13263067591254,11.179545730976976,44.17377387639135
1664567990999,40.91344254665652,-73.13263067591254,11.339481632134508,44.17377387639135
1664567992999,40.91344254665652,-73.13263067591254,11.470784453303636,44.17377387639135
1664567994999,40.91344254665652,-73.13263067591254,11.594368189110611,44.17377387639135
1664567996999,40.91344254665652,-73.13263067591254,11.699604344710709,44.17377387639135
1664567998999,40.91344254665652,-73.13263067591254,11.841104480443386,44.17377387639135
1664568000999,40.91344254665652,-73.13263067591254,11.965400011927048,44.17377387639135
1664568002999,40.91344254665652,-73.13263067591254,12.099743402020144,44.17377387639135
1664568004999,40.91344254665652,-73.13263067591254,12.305347832180773,44.17377387639135
1664568006999,40.91344254665652,-73.13263067591254,12.38564587442858,44.17377387639135
1664568008999,40.91344254665652,-73.13263067591254,12.526488401463201,44.17377387639135
1664568010999,40.91344254665652,-73.13263067591254,12.658929461088876,44.17377387639135
1664568012999,40.91344254665652,-73.13263067591254,12.77418397134293,44.17377387639135
1664568014999,40.91344254665652,-73.13263067591254,12.877893759585877,44.17377387639135
1664568016999,40.91344254665652,-73.13263067591254,12.991935037961856,44.17377387639135
1664568018999,40.91344254665652,-73.13263067591254,13.166768511872567,44.17377387639135
1664568020999,40.91344254665652,-73.13263067591254,11.091930364602977,44.17377387639135
1664568022999,40.91344254665652,-73.13263067591254,11.23514164704843,44.17377387639135
1664568024998,40.91344254665652,-73.13263067591254,11.385730539314416,44.17377387639135
1664568026998,40.91344254665652,-73.13263067591254,11.542334070801882,44.17377387639135
1664568028998,40.91344254665652,-73.13263067591254,11.679210113872747,44.17377387639135
1664568030998,40.91344254665652,-73.13263067591254,11.815140618442072,44.17377387639135
1664568032998,40.91344254665652,-73.13263067591254,12.015042212274187,44.17377387639135
1664568034998,40.91344254665652,-73.13263067591254,12.168679420103178,44.17377387639135
1664568036998,40.91344254665652,-73.13263067591254,12.318617206264998,44.17377387639135
1664568038998,40.91344254665652,-73.13263067591254,12.435415496252038,44.17377387639135
1664568040998,40.91344254665652,-73.13263067591254,12.572485593419188,44.17377387639135
1664568042998,40.91344254665652,-73.13263067591254,12.72128388180734,44.17377387639135
1664568044998,40.91344254665652,-73.13263067591254,12.851110761294624,44.17377387639135
1664568046998,40.91344254665652,-73.13263067591254,13.052116354849337,44.17377387639135
1664568048998,40.91344254665652,-73.13263067591254,13.201712723129965,44.17377387639135
1664568050998,40.91344254665652,-73.13263067591254,13.328508369968254,44.17377387639135
1664568052999,40.91344254665652,-73.13263067591254,11.22836854640384,44.17377387639135
1664568054999,40.91344254665652,-73.13263067591254,11.377809613386336,44.17377387639135
1664568056999,40.91344254665652,-73.13263067591254,11.53199936509305,44.17377387639135
1664568058999,40.91344254665652,-73.13263067591254,11.690828313572645,44.17377387639135
1664568060999,40.91344254665652,-73.13263067591254,11.844023301044833,44.17377387639135
1664568062999,40.91344254665652,-73.13263067591254,12.001367273145814,44.17377387639135
1664568064999,40.91344254665652,-73.13263067591254,12.217078849071601,44.17377387639135
1664568066999,40.91344254665652,-73.13263067591254,12.30354860330992,44.17377387639135
1664568068999,40.91344254665652,-73.13263067591254,12.529065373233122,44.17377387639135
1664568070999,40.91344254665652,-73.13263067591254,12.676488359718881,44.17377387639135
1664568072999,40.91344254665652,-73.13263067591254,12.831677993540989,44.17377387639135
1664568074999,40.91344254665652,-73.13263067591254,12.956278892075707,44.17377387639135
1664568076999,40.91344254665652,-73.13263067591254,13.10727594045412,44.17377387639135
1664568078999,40.91344254665652,-73.13263067591254,13.222574091382752,44.17377387639135
1664568080999,40.91344254665652,-73.13263067591254,13.384635250439814,44.17377387639135
1664568082999,40.91344254665652,-73.13263067591254,13.527699299821696,44.17377387639135
1664568084999,40.91344254665652,-73.13263067591254,11.313497474947994,44.17377387639135
1664568086999,40.91344254665652,-73.13263067591254,11.46911840401901,44.17377387639135
1664568088999,40.91344254665652,-73.13263067591254,11.618464656581033,44.17377387639135
1664568090999,40.91344254665652,-73.13263067591254,11.807776797834814,44.17377387639135
1664568092999,40.91344254665652,-73.13263067591254,11.976512287196483,44.17377387639135
1664568094999,40.91344254665652,-73.13263067591254,12.099079001271807,44.17377387639135
1664568096999,40.91344254665652,-73.13263067591254,12.282379604007023,44.17377387639135
1664568098999,40.91344254665652,-73.13263067591254,12.43143340009459,44.17377387639135
1664568100999,40.91344254665652,-73.13263067591254,12.59966351551189,44.17377387639135
1664568102999,40.91344254665652,-73.13263067591254,12.849668876244468,44.17377387639135
1664568104999,40.91344254665652,-73.13263067591254,12.99945140014226,44.17377387639135
1664568106999,40.91344254665652,-73.13263067591254,13.132631680879202,44.17377387639135
1664568108999,40.91344254665652,-73.13263067591254,13.26200082106387,44.17377387639135
1664568110999,40.91344254665652,-73.13263067591254,13.435325734547787,44.17377387639135
1664568112999,40.91344254665652,-73.13263067591254,13.538013816689974,44.17377387639135
1664568114999,40.91344254665652,-73.13263067591254,13.622128128934863,44.17377387639135
1664568116999,40.91344254665652,-73.13263067591254,13.840276296283996,44.17377387639135
1664568118999,40.91341727417047,-73.13258696354286,23.089527427791744,44.90060043334961
1664568119999,40.91344254665652,-73.13263067591254,11.622432357918703,44.17377387639135
1664568121999,40.91344254665652,-73.13263067591254,10.052290682320612,44.17377387639135
1664568123999,40.91344254665652,-73.13263067591254,10.211730733083234,44.17377387639135
1664568125999,40.91344254665652,-73.13263067591254,10.393879260735888,44.17377387639135
1664568127999,40.91344254665652,-73.13263067591254,10.5771140838952,44.17377387639135
1664568129999,40.91344254665652,-73.13263067591254,10.735429233095042,44.17377387639135
1664568131999,40.91344254665652,-73.13263067591254,10.897871815765592,44.17377387639135
1664568133999,40.91344254665652,-73.13263067591254,11.149991438782934,44.17377387639135
1664568135999,40.91344254665652,-73.13263067591254,11.313387886282321,44.17377387639135
1664568137999,40.91344254665652,-73.13263067591254,11.463708339696812,44.17377387639135
1664568139999,40.91344254665652,-73.13263067591254,11.66063784719611,44.17377387639135
1664568141999,40.91344254665652,-73.13263067591254,11.837716251031074,44.17377387639135
1664568143999,40.91344254665652,-73.13263067591254,11.990410420158225,44.17377387639135
1664568145999,40.91344254665652,-73.13263067591254,12.153317625784469,44.17377387639135
1664568147999,40.91344254665652,-73.13263067591254,12.313472288227674,44.17377387639135
1664568149999,40.91344254665652,-73.13263067591254,9.9455318196437,44.17377387639135
1664568151999,40.91344254665652,-73.13263067591254,8.758810674301223,44.17377387639135
1664568153998,40.91344254665652,-73.13263067591254,8.944226553933573,44.17377387639135
1664568154998,40.9134477481853,-73.13253525638261,9.185991106583357,43.79834399931133
1664568156998,40.9134477481853,-73.13253525638261,9.120868227323033,43.79834399931133
1664568158998,40.9134477481853,-73.13253525638261,8.534355733581972,43.79834399931133
1664568160998,40.91344294943701,-73.1325332276473,8.751789199889947,43.966216870583594
1664568161998,40.91344331115286,-73.13253411270398,9.32967884741252,44.33978820964694
1664568162998,40.91344329969911,-73.13253414183222,10.62388365753762,44.25954296533018
1664568163998,40.91344338557208,-73.1325345203824,12.76985602826094,44.1134639615193
1664568164998,40.91343597592979,-73.1325305342713,12.932234534614027,44.09569174423814
1664568165998,40.91343448199605,-73.13252978231411,16.20524495058139,44.26485912874341
1664568166998,40.91343295016096,-73.13252901433584,20.222043050707143,44.0801417035982
1664568167998,40.91343131756552,-73.13252819456243,25.15479790354081,44.065760511904955
1664568168998,40.913417567537266,-73.13259241177992,36.49524335742751,44.256374393589795
1664568169998,40.91341756753727,-73.13259241177992,38.60089573645101,44.252712284214795
1664568170998,40.91342681776532,-73.13252593364747,41.38496554546608,43.915912287309766
1664568171998,40.91340521922942,-73.13249939485114,45.06973248628657,44.00089202541858
1664568172998,40.913400934769435,-73.13249499581826,50.976060783294706,44.02094653341919
1664568173998,40.91339625391172,-73.13249019180894,57.82295608864224,44.26203696150333
1664568174998,40.91339167830344,-73.13248548938085,64.74748268037942,44.11110688187182
1664568175998,40.91338756279717,-73.13248126305092,71.27511744248955,44.06011137086898
1664568176998,40.91341286503379,-73.13252291062118,27.03659622937491,44.040331774391234
1664568177998,40.91341752562775,-73.1325923279609,27.42309500259919,44.7253074971959
1664568178999,40.91341752562775,-73.1325923279609,35.40363330980236,44.4419823018834
1664568180999,40.91341752562775,-73.1325923279609,58.382182119814736,44.26589587610215
1664568182999,40.91341752562775,-73.1325923279609,83.38343737633372,44.26589587610215
1664568184999,40.91341752562775,-73.1325923279609,98.3496708103091,44.26589587610215
1664568186999,40.91341752562775,-73.1325923279609,142.776951527013,44.26589587610215
1664568188999,40.91341752562775,-73.1325923279609,197.17051370847662,44.26589587610215
1664568190999,40.91341752562775,-73.1325923279609,253.94134499465451,44.26589587610215
1664568191999,40.913417525627665,-73.13259232796088,253.94153164899768,44.26589584350586
1664568192999,40.91341752562775,-73.1325923279609,314.05974066992076,44.26589587610215
1664568193999,40.913417525627665,-73.13259232796088,314.0598915941589,44.26589584350586
1664568195020,40.91341752562775,-73.1325923279609,386.13337493160077,44.26589587610215
1664568207014,40.91342209549208,-73.13255360590632,10.476639955964595,41.84914016723633
1664568218015,40.91342248292114,-73.13252966474002,11.64804316694025,44.36362731643021
1664568220015,40.91342248292114,-73.13252966474002,10.240943684925293,44.36362731643021
1664568222015,40.91342248292114,-73.13252966474002,10.432743976578942,44.36362731643021
1664568239013,40.913422457950475,-73.13252976917312,10.158626268165527,44.130774541758
1664568240015,40.913422457950475,-73.13252976917312,10.25673373550641,44.130774541758
1664568242014,40.913422457950475,-73.13252976917312,10.450269574004247,44.130774541758
1664568243015,40.913422457950475,-73.13252976917312,8.870073842429528,44.130774541758
1664568244999,40.913422457950475,-73.13252976917312,9.076182718712925,44.130774541758
1664568248015,40.913423643256316,-73.1325247458509,9.785643794496266,44.083946448750794
1664568249016,40.913423643256316,-73.1325247458509,10.747251336194594,44.083946448750794
1664568250999,40.913423643256316,-73.1325247458509,9.436681444670642,44.083946448750794
1664568252999,40.913423643256316,-73.1325247458509,9.47667407451062,44.083946448750794
1664568254999,40.913423643256316,-73.1325247458509,9.846093610750883,44.083946448750794
1664568256999,40.913423643256316,-73.1325247458509,9.996125000192599,44.083946448750794
1664568258999,40.913423643256316,-73.1325247458509,10.191499321748474,44.083946448750794
1664568260999,40.913423643256316,-73.1325247458509,9.761854695588982,44.083946448750794
1664568262999,40.913423643256316,-73.1325247458509,8.983968834957496,44.083946448750794
1664568264999,40.913423643256316,-73.1325247458509,9.174426849869063,44.083946448750794
1664568266999,40.913423643256316,-73.1325247458509,9.400930004150219,44.083946448750794
1664568268999,40.913423643256316,-73.1325247458509,9.70843677699164,44.083946448750794
1664568270998,40.913423643256316,-73.1325247458509,9.92340466263084,44.083946448750794
1664568272998,40.913423643256316,-73.1325247458509,9.544159691381926,44.083946448750794
1664568274998,40.913423643256316,-73.1325247458509,8.82175831518439,44.083946448750794
1664568276998,40.913423643256316,-73.1325247458509,7.949934009156747,44.083946448750794
1664568278998,40.913423643256316,-73.1325247458509,8.170993449303024,44.083946448750794
1664568280998,40.913423643256316,-73.1325247458509,8.056547079751404,44.083946448750794
1664568282998,40.913423643256316,-73.1325247458509,8.304954734286325,44.083946448750794
1664568284998,40.913423643256316,-73.1325247458509,8.622618832613155,44.083946448750794
1664568286998,40.913423643256316,-73.1325247458509,8.839420916928713,44.083946448750794
1664568288998,40.913423643256316,-73.1325247458509,9.076365588587928,44.083946448750794
1664568290998,40.913423643256316,-73.1325247458509,9.306360389398684,44.083946448750794
1664568292998,40.913423643256316,-73.1325247458509,9.518358410994033,44.083946448750794
1664568294998,40.913423643256316,-73.1325247458509,9.712434420927284,44.083946448750794
1664568296998,40.913423643256316,-73.1325247458509,9.907558987799119,44.083946448750794
1664568298998,40.913423643256316,-73.1325247458509,10.206552202838681,44.083946448750794
1664568300998,40.913423643256316,-73.1325247458509,10.400568780474279,44.083946448750794
1664568302998,40.913423643256316,-73.1325247458509,10.589895200624811,44.083946448750794
1664568304999,40.913423643256316,-73.1325247458509,10.784143702320794,44.083946448750794
1664568306999,40.913423643256316,-73.1325247458509,10.980017604027415,44.083946448750794
1664568308999,40.913423643256316,-73.1325247458509,11.240715467942012,44.083946448750794
1664568310999,40.913423643256316,-73.1325247458509,9.988987624081483,44.083946448750794
1664568312999,40.913423643256316,-73.1325247458509,10.169459054907872,44.083946448750794
1664568314999,40.913423643256316,-73.1325247458509,10.357577171268833,44.083946448750794
1664568316999,40.913423643256316,-73.1325247458509,10.535988486677104,44.083946448750794
1664568318999,40.913423643256316,-73.1325247458509,10.736733661378857,44.083946448750794
1664568320999,40.913423643256316,-73.1325247458509,10.865909991526486,44.083946448750794
1664568322999,40.913423643256316,-73.1325247458509,11.034245607107751,44.083946448750794
1664568324999,40.913423643256316,-73.1325247458509,11.27965407685788,44.083946448750794
1664568326999,40.913423643256316,-73.1325247458509,11.441793365792828,44.083946448750794
1664568328999,40.913423643256316,-73.1325247458509,11.63198110604261,44.083946448750794
1664568330999,40.913423643256316,-73.1325247458509,11.804950285036403,44.083946448750794
1664568332999,40.913423643256316,-73.1325247458509,11.963774990308243,44.083946448750794
1664568334999,40.913423643256316,-73.1325247458509,12.11505308066407,44.083946448750794
1664568336999,40.913423643256316,-73.1325247458509,12.274947418183848,44.083946448750794
1664568338999,40.913423643256316,-73.1325247458509,12.4269382801477,44.083946448750794
1664568340999,40.913423643256316,-73.1325247458509,12.598118028950985,44.083946448750794
1664568342999,40.913423643256316,-73.1325247458509,12.824206289891901,44.083946448750794
1664568344999,40.913423643256316,-73.1325247458509,12.994832272042776,44.083946448750794
1664568346999,40.913423643256316,-73.1325247458509,13.101932629238767,44.083946448750794
1664568348999,40.913423643256316,-73.1325247458509,13.229626073902123,44.083946448750794
1664568350999,40.913423643256316,-73.1325247458509,13.368411207004371,44.083946448750794
1664568352999,40.913423643256316,-73.1325247458509,13.495402377089954,44.083946448750794
1664568354999,40.913423643256316,-73.1325247458509,13.702696473144847,44.083946448750794
1664568356999,40.913423643256316,-73.1325247458509,13.809414082853694,44.083946448750794
1664568358999,40.913423643256316,-73.1325247458509,13.934319534950964,44.083946448750794
1664568360999,40.913423643256316,-73.1325247458509,14.093345992879517,44.083946448750794
1664568362999,40.913423643256316,-73.1325247458509,14.219950947758175,44.083946448750794
1664568364999,40.913423643256316,-73.1325247458509,14.366061019814161,44.083946448750794
1664568366999,40.913423643256316,-73.1325247458509,14.585724593876462,44.083946448750794
1664568368999,40.913423643256316,-73.1325247458509,14.718968311518251,44.083946448750794
1664568370999,40.913423643256316,-73.1325247458509,14.829353492638456,44.083946448750794
1664568372999,40.913423643256316,-73.1325247458509,13.304439813499263,44.083946448750794
1664568374999,40.913423643256316,-73.1325247458509,13.425840299093984,44.083946448750794
1664568376999,40.913423643256316,-73.1325247458509,11.223793356547127,44.083946448750794
1664568378999,40.913423643256316,-73.1325247458509,11.444885852573233,44.083946448750794
1664568380999,40.913423643256316,-73.1325247458509,11.607498638436349,44.083946448750794
1664568382999,40.913423643256316,-73.1325247458509,11.75450720252182,44.083946448750794
1664568384999,40.913423643256316,-73.1325247458509,11.92949119870916,44.083946448750794
1664568386999,40.913423643256316,-73.1325247458509,12.077806351906302,44.083946448750794
1664568388999,40.913423643256316,-73.1325247458509,12.2534284862229,44.083946448750794
1664568390999,40.913423643256316,-73.1325247458509,12.405392914397812,44.083946448750794
1664568392999,40.913423643256316,-73.1325247458509,12.569908192394857,44.083946448750794
1664568394999,40.913423643256316,-73.1325247458509,12.808304081325389,44.083946448750794
1664568396999,40.913423643256316,-73.1325247458509,12.969233273691074,44.083946448750794
1664568398999,40.913423643256316,-73.1325247458509,13.125223481756157,44.083946448750794
1664568400999,40.913423643256316,-73.1325247458509,13.266123793875717,44.083946448750794
1664568402998,40.913423643256316,-73.1325247458509,13.418190072290537,44.083946448750794
1664568404998,40.913423643256316,-73.1325247458509,12.288817492852614,44.083946448750794
1664568406998,40.913423643256316,-73.1325247458509,12.441207280409087,44.083946448750794
1664568408998,40.913423643256316,-73.1325247458509,12.67853764408295,44.083946448750794
1664568410998,40.913423643256316,-73.1325247458509,12.775804507600382,44.083946448750794
1664568412998,40.913423643256316,-73.1325247458509,13.004155718910294,44.083946448750794
1664568414998,40.913423643256316,-73.1325247458509,13.160466381187717,44.083946448750794
1664568416998,40.913423643256316,-73.1325247458509,13.296304779753163,44.083946448750794
1664568418998,40.913423643256316,-73.1325247458509,13.446368758941802,44.083946448750794
1664568420998,40.913423643256316,-73.1325247458509,13.596541898014793,44.083946448750794
1664568422998,40.913423643256316,-73.1325247458509,13.735250210987713,44.083946448750794
1664568424998,40.913423643256316,-73.1325247458509,13.88084447115528,44.083946448750794
1664568426998,40.913423643256316,-73.1325247458509,14.10535563435275,44.083946448750794
1664568428998,40.913423643256316,-73.1325247458509,14.260182316484471,44.083946448750794
1664568431000,40.913423643256316,-73.1325247458509,14.38299475007828,44.083946448750794
1664568433000,40.913423643256316,-73.1325247458509,14.526494297099926,44.083946448750794
1664568435000,40.913423643256316,-73.1325247458509,14.640632178595402,44.083946448750794
1664568437000,40.913423643256316,-73.1325247458509,14.757501691240298,44.083946448750794
1664568439000,40.913423643256316,-73.1325247458509,14.959690009642664,44.083946448750794
1664568441000,40.913423643256316,-73.1325247458509,15.098630498264543,44.083946448750794
1664568443000,40.913423643256316,-73.1325247458509,15.206536411245734,44.083946448750794
1664568445000,40.913423643256316,-73.1325247458509,15.35951935180336,44.083946448750794
1664568447000,40.913423643256316,-73.1325247458509,15.469655025766397,44.083946448750794
1664568449000,40.913423643256316,-73.1325247458509,15.58101828640738,44.083946448750794
1664568451000,40.913423643256316,-73.1325247458509,15.725357276352995,44.083946448750794
1664568452999,40.913423643256316,-73.1325247458509,15.920581148806189,44.083946448750794
1664568454999,40.913423643256316,-73.1325247458509,16.041144092916884,44.083946448750794
1664568456999,40.913423643256316,-73.1325247458509,16.16961502222438,44.083946448750794
1664568458999,40.913423643256316,-73.1325247458509,16.300429737233436,44.083946448750794
1664568460999,40.913423643256316,-73.1325247458509,16.409625396316738,44.083946448750794
1664568462999,40.913423643256316,-73.1325247458509,16.52389344809386,44.083946448750794
1664568464999,40.913423643256316,-73.1325247458509,16.543278344090968,44.083946448750794
1664568466999,40.913423643256316,-73.1325247458509,16.54345353702501,44.083946448750794
1664568468999,40.913423643256316,-73.1325247458509,12.826019100388567,44.083946448750794
1664568470999,40.913423643256316,-73.1325247458509,12.988820999563714,44.083946448750794
1664568472999,40.913423643256316,-73.1325247458509,13.14429463276331,44.083946448750794
1664568474999,40.913423643256316,-73.1325247458509,13.343475019067888,44.083946448750794
1664568476999,40.913423643256316,-73.1325247458509,12.212055531761099,44.083946448750794
1664568478999,40.913423643256316,-73.1325247458509,10.569125581950635,44.083946448750794
1664568480999,40.913423643256316,-73.1325247458509,10.72234413752992,44.083946448750794
1664568482999,40.913423643256316,-73.1325247458509,10.892356159329688,44.083946448750794
1664568484999,40.913423643256316,-73.1325247458509,11.068243376965656,44.083946448750794
1664568486999,40.913423643256316,-73.1325247458509,11.247116895692312,44.083946448750794
1664568488999,40.913423643256316,-73.1325247458509,11.431195312179907,44.083946448750794
1664568490999,40.913423643256316,-73.1325247458509,11.55065249966882,44.083946448750794
1664568492999,40.913423643256316,-73.1325247458509,11.751758065619788,44.083946448750794
1664568494999,40.913423643256316,-73.1325247458509,11.904249514803876,44.083946448750794
1664568496999,40.913423643256316,-73.1325247458509,12.01118983486105,44.083946448750794
1664568498999,40.913423643256316,-73.1325247458509,12.147776314228397,44.083946448750794
1664568500999,40.913423643256316,-73.1325247458509,12.28652322972369,44.083946448750794
1664568502999,40.913423643256316,-73.1325247458509,12.453286969602251,44.083946448750794
1664568504999,40.913423643256316,-73.1325247458509,12.681181403136364,44.083946448750794
1664568506999,40.913423643256316,-73.1325247458509,12.835036393371196,44.083946448750794
1664568508999,40.913423643256316,-73.1325247458509,12.997664242385095,44.083946448750794
1664568510999,40.913423643256316,-73.1325247458509,11.063862171594721,44.083946448750794
1664568512999,40.913423643256316,-73.1325247458509,11.232165978031606,44.083946448750794
1664568514999,40.913423643256316,-73.1325247458509,11.416809052711482,44.083946448750794
1664568516999,40.913423643256316,-73.1325247458509,11.662037562193872,44.083946448750794
1664568518999,40.913423643256316,-73.1325247458509,11.808680936737225,44.083946448750794
1664568520999,40.913423643256316,-73.1325247458509,11.977201492507785,44.083946448750794
1664568522999,40.913423643256316,-73.1325247458509,12.145452296413472,44.083946448750794
1664568524999,40.913423643256316,-73.1325247458509,12.309866139066681,44.083946448750794
1664568526999,40.913423643256316,-73.1325247458509,12.395794742193504,44.083946448750794
1664568528999,40.913423643256316,-73.1325247458509,12.558277278150971,44.083946448750794
1664568530999,40.913423643256316,-73.1325247458509,12.713942331493564,44.083946448750794
1664568532999,40.913423643256316,-73.1325247458509,12.863166640334601,44.083946448750794
1664568534999,40.913423643256316,-73.1325247458509,13.102260319800795,44.083946448750794
1664568536998,40.913423643256316,-73.1325247458509,13.252736157597349,44.083946448750794
1664568538998,40.913423643256316,-73.1325247458509,13.401815531532268,44.083946448750794
1664568540998,40.913423643256316,-73.1325247458509,11.21869071026754,44.083946448750794
1664568542998,40.913423643256316,-73.1325247458509,11.391086917105673,44.083946448750794
1664568544998,40.913423643256316,-73.1325247458509,11.525041014863339,44.083946448750794
1664568546998,40.913423643256316,-73.1325247458509,11.77162594539878,44.083946448750794
1664568548998,40.913423643256316,-73.1325247458509,11.854075652822155,44.083946448750794
1664568550998,40.913423643256316,-73.1325247458509,12.087036536838218,44.083946448750794
1664568552998,40.913423643256316,-73.1325247458509,12.24222676480671,44.083946448750794
1664568554998,40.913423643256316,-73.1325247458509,12.395997553610313,44.083946448750794
1664568557000,40.913423643256316,-73.1325247458509,12.542365618927288,44.083946448750794
1664568559000,40.913423643256316,-73.1325247458509,12.643592166886904,44.083946448750794
1664568561000,40.913423643256316,-73.1325247458509,12.783850348108691,44.083946448750794
1664568563000,40.913423643256316,-73.1325247458509,12.93418919900852,44.083946448750794
1664568565000,40.913423643256316,-73.1325247458509,13.08077164606809,44.083946448750794
1664568567000,40.913423643256316,-73.1325247458509,13.310075863585102,44.083946448750794
1664568569000,40.913423643256316,-73.1325247458509,13.455591900859375,44.083946448750794
1664568571000,40.913423643256316,-73.1325247458509,13.584448077848627,44.083946448750794
1664568573000,40.913423643256316,-73.1325247458509,11.313246327678891,44.083946448750794
1664568575000,40.913423643256316,-73.1325247458509,11.467420220181744,44.083946448750794
1664568577000,40.913423643256316,-73.1325247458509,11.640329559551123,44.083946448750794
1664568579000,40.913423643256316,-73.1325247458509,11.798519842416766,44.083946448750794
1664568580999,40.913423643256316,-73.1325247458509,12.035678980645624,44.083946448750794
1664568582999,40.913423643256316,-73.1325247458509,12.172051096202203,44.083946448750794
1664568584999,40.913423643256316,-73.1325247458509,12.330527600702906,44.083946448750794
1664568586999,40.913423643256316,-73.1325247458509,12.496797114360524,44.083946448750794
1664568588999,40.913423643256316,-73.1325247458509,12.620580382500114,44.083946448750794
1664568590999,40.913423643256316,-73.1325247458509,12.800484969167158,44.083946448750794
1664568592999,40.913423643256316,-73.1325247458509,13.035219221047035,44.083946448750794
1664568594999,40.913423643256316,-73.1325247458509,13.200972778545589,44.083946448750794
1664568596999,40.913423643256316,-73.1325247458509,13.340698237773184,44.083946448750794
1664568598999,40.913423643256316,-73.1325247458509,13.432401475420445,44.083946448750794
1664568600999,40.913423643256316,-73.1325247458509,13.579147853223025,44.083946448750794
1664568602999,40.913423643256316,-73.1325247458509,13.714652563195457,44.083946448750794
1664568604999,40.913423643256316,-73.1325247458509,13.860700636601212,44.083946448750794
1664568606999,40.913423643256316,-73.1325247458509,11.531508029787304,44.083946448750794
1664568608999,40.913423643256316,-73.1325247458509,11.71867276480681,44.083946448750794
1664568610999,40.913423643256316,-73.1325247458509,11.899040710531448,44.083946448750794
1664568612999,40.913423643256316,-73.1325247458509,12.063749444575837,44.083946448750794
1664568614999,40.913423643256316,-73.1325247458509,12.231298002939402,44.083946448750794
1664568616999,40.913423643256316,-73.1325247458509,12.369913631898257,44.083946448750794
1664568618999,40.913423643256316,-73.1325247458509,12.52078081737108,44.083946448750794
1664568620999,40.913423643256316,-73.1325247458509,12.682006737068054,44.083946448750794
1664568622999,40.913423643256316,-73.1325247458509,12.925913645953482,44.083946448750794
1664568624999,40.913423643256316,-73.1325247458509,13.03190588444053,44.083946448750794
1664568626999,40.913423643256316,-73.1325247458509,13.1632756408613,44.083946448750794
1664568628999,40.913423643256316,-73.1325247458509,13.28414154525349,44.083946448750794
1664568630999,40.913423643256316,-73.1325247458509,13.454670997008714,44.083946448750794
1664568632999,40.913423643256316,-73.1325247458509,13.566703793063274,44.083946448750794
1664568634999,40.913423643256316,-73.1325247458509,13.72920250151877,44.083946448750794
1664568636999,40.913423643256316,-73.1325247458509,13.86671067082969,44.083946448750794
1664568638999,40.913423643256316,-73.1325247458509,11.6245289722571,44.083946448750794
1664568640999,40.913423643256316,-73.1325247458509,11.793819427670574,44.083946448750794
1664568642999,40.913423643256316,-73.1325247458509,12.008677810599302,44.083946448750794
1664568644999,40.913423643256316,-73.1325247458509,12.184930552106929,44.083946448750794
1664568646999,40.913423643256316,-73.1325247458509,12.336431852915961,44.083946448750794
1664568648999,40.913423643256316,-73.1325247458509,12.497962534335716,44.083946448750794
1664568650999,40.913423643256316,-73.1325247458509,12.63825100769432,44.083946448750794
1664568652999,40.913423643256316,-73.1325247458509,12.79557458134211,44.083946448750794
1664568654999,40.913423643256316,-73.1325247458509,12.996312148829183,44.083946448750794
1664568656999,40.913423643256316,-73.1325247458509,13.157224671366608,44.083946448750794
1664568658998,40.913423643256316,-73.1325247458509,13.303271302147749,44.083946448750794
1664568660998,40.913423643256316,-73.1325247458509,13.454710443166357,44.083946448750794
1664568662998,40.913423643256316,-73.1325247458509,13.58149410768529,44.083946448750794
1664568664998,40.913423643256316,-73.1325247458509,13.695306023430387,44.083946448750794
1664568666998,40.913423643256316,-73.1325247458509,13.845227524014545,44.083946448750794
1664568668998,40.913423643256316,-73.1325247458509,14.050781798783397,44.083946448750794
1664568670998,40.913423643256316,-73.1325247458509,11.653707932810665,44.083946448750794
1664568672998,40.913423643256316,-73.1325247458509,11.829991491063735,44.083946448750794
1664568674998,40.913423643256316,-73.1325247458509,11.975230333396736,44.083946448750794
1664568676998,40.913423643256316,-73.1325247458509,12.131381323273509,44.083946448750794
1664568678998,40.913423643256316,-73.1325247458509,12.264200662830033,44.083946448750794
1664568680998,40.913423643256316,-73.1325247458509,12.441402643935676,44.083946448750794
1664568683000,40.913423643256316,-73.1325247458509,12.583393690046124,44.083946448750794
1664568685000,40.913423643256316,-73.1325247458509,12.827933022289269,44.083946448750794
1664568687000,40.913423643256316,-73.1325247458509,12.953936229930209,44.083946448750794
1664568689000,40.913423643256316,-73.1325247458509,13.13023421435245,44.083946448750794
1664568691000,40.913423643256316,-73.1325247458509,13.273468522485723,44.083946448750794
1664568693000,40.913423643256316,-73.1325247458509,13.412390578353298,44.083946448750794
1664568695000,40.913423643256316,-73.1325247458509,13.536893618495085,44.083946448750794
1664568697000,40.913423643256316,-73.1325247458509,13.756920714222973,44.083946448750794
1664568699000,40.913423643256316,-73.1325247458509,13.870368648042541,44.083946448750794
1664568701000,40.913423643256316,-73.1325247458509,14.02825986908291,44.083946448750794
1664568703000,40.913423643256316,-73.1325247458509,11.649805122963445,44.083946448750794
1664568705000,40.913423643256316,-73.1325247458509,11.797771765426914,44.083946448750794
1664568706999,40.913423643256316,-73.1325247458509,11.96920460595365,44.083946448750794
1664568708999,40.913423643256316,-73.1325247458509,12.10341878757593,44.083946448750794
1664568710999,40.913423643256316,-73.1325247458509,12.252256490218604,44.083946448750794
1664568712999,40.913423643256316,-73.1325247458509,12.405259665765305,44.083946448750794
1664568714999,40.913423643256316,-73.1325247458509,12.568543932540829,44.083946448750794
1664568716999,40.913423643256316,-73.1325247458509,12.791974227834089,44.083946448750794
1664568718999,40.913423643256316,-73.1325247458509,12.946374887257786,44.083946448750794
1664568720999,40.913423643256316,-73.1325247458509,13.092911697161604,44.083946448750794
1664568722999,40.913423643256316,-73.1325247458509,13.232934331776987,44.083946448750794
1664568724999,40.913423643256316,-73.1325247458509,13.381784678925507,44.083946448750794
1664568726999,40.913423643256316,-73.1325247458509,13.451978257904933,44.083946448750794
1664568728999,40.913423643256316,-73.1325247458509,13.601155149218348,44.083946448750794
1664568730999,40.913423643256316,-73.1325247458509,13.734436356501517,44.083946448750794
1664568732999,40.913423643256316,-73.1325247458509,11.395806921023366,44.083946448750794
1664568734999,40.913423643256316,-73.1325247458509,11.550719478954578,44.083946448750794
1664568736999,40.913423643256316,-73.1325247458509,11.679213708341837,44.083946448750794
1664568738999,40.913423643256316,-73.1325247458509,11.903391784067185,44.083946448750794
1664568740999,40.913423643256316,-73.1325247458509,12.06597621797655,44.083946448750794
1664568742999,40.913423643256316,-73.1325247458509,12.205757759651126,44.083946448750794
1664568744999,40.913423643256316,-73.1325247458509,12.273215121456085,44.083946448750794
1664568746999,40.913423643256316,-73.1325247458509,12.413086572874889,44.083946448750794
1664568748999,40.913423643256316,-73.1325247458509,12.550442073133324,44.083946448750794
1664568750999,40.913423643256316,-73.1325247458509,12.693343796321662,44.083946448750794
1664568752999,40.913423643256316,-73.1325247458509,12.786370834888308,44.083946448750794
1664568754999,40.913423643256316,-73.1325247458509,12.868559222303329,44.083946448750794
1664568756999,40.913423643256316,-73.1325247458509,12.958976199370401,44.083946448750794
1664568758999,40.913423643256316,-73.1325247458509,13.029018416719756,44.083946448750794
1664568760999,40.913423643256316,-73.1325247458509,13.146600487816867,44.083946448750794
1664568762999,40.913423643256316,-73.1325247458509,13.13805461866927,44.083946448750794
1664568764999,40.913423643256316,-73.1325247458509,10.986170577831366,44.083946448750794
1664568766999,40.913423643256316,-73.1325247458509,11.113068428757234,44.083946448750794
1664568768999,40.913423643256316,-73.1325247458509,11.237478001796594,44.083946448750794
1664568770999,40.913423643256316,-73.1325247458509,11.2914086554322,44.083946448750794
1664568772999,40.913423643256316,-73.1325247458509,11.441377097125017,44.083946448750794
1664568774999,40.913423643256316,-73.1325247458509,11.534065958599127,44.083946448750794
1664568776999,40.913423643256316,-73.1325247458509,11.699464336532115,44.083946448750794
1664568778999,40.913423643256316,-73.1325247458509,11.878320933628698,44.083946448750794
1664568780999,40.913423643256316,-73.1325247458509,12.012046595053917,44.083946448750794
1664568782999,40.913423643256316,-73.1325247458509,12.241746305845925,44.083946448750794
1664568784999,40.913423643256316,-73.1325247458509,12.387052807475653,44.083946448750794
1664568786998,40.913423643256316,-73.1325247458509,12.51526933338944,44.083946448750794
1664568788998,40.913423643256316,-73.1325247458509,12.69006042296164,44.083946448750794
1664568790998,40.913423643256316,-73.1325247458509,12.855511295366549,44.083946448750794
1664568792998,40.913423643256316,-73.1325247458509,13.01007638114908,44.083946448750794
1664568794998,40.913423643256316,-73.1325247458509,13.178591501025643,44.083946448750794
1664568796998,40.913423643256316,-73.1325247458509,11.088617684216345,44.083946448750794
1664568798998,40.913423643256316,-73.1325247458509,11.26983342831313,44.083946448750794
1664568800998,40.913423643256316,-73.1325247458509,11.429119580773275,44.083946448750794
1664568802998,40.913423643256316,-73.1325247458509,11.606090817059016,44.083946448750794
1664568804998,40.913423643256316,-73.1325247458509,11.77213836061182,44.083946448750794
1664568806998,40.913423643256316,-73.1325247458509,11.941178306119067,44.083946448750794
1664568809000,40.913423643256316,-73.1325247458509,12.168181109629044,44.083946448750794
1664568811000,40.913423643256316,-73.1325247458509,12.339748014287654,44.083946448750794
1664568813000,40.913423643256316,-73.1325247458509,12.505671774133736,44.083946448750794
1664568815000,40.913423643256316,-73.1325247458509,12.648643054553357,44.083946448750794
1664568817000,40.913423643256316,-73.1325247458509,12.808989003149463,44.083946448750794
1664568819000,40.913423643256316,-73.1325247458509,12.963507294440337,44.083946448750794
1664568821000,40.913423643256316,-73.1325247458509,13.214968978456524,44.083946448750794
1664568823000,40.913423643256316,-73.1325247458509,13.35694308844512,44.083946448750794
1664568825000,40.913423643256316,-73.1325247458509,13.501329423902424,44.083946448750794
1664568827000,40.913423643256316,-73.1325247458509,13.652628155184882,44.083946448750794
1664568829000,40.913423643256316,-73.1325247458509,13.799201707147008,44.083946448750794
1664568830999,40.913423643256316,-73.1325247458509,11.513208419427768,44.083946448750794
1664568832999,40.913423643256316,-73.1325247458509,11.666481961530927,44.083946448750794
1664568834999,40.913423643256316,-73.1325247458509,11.826338087594953,44.083946448750794
1664568836999,40.913423643256316,-73.1325247458509,12.038743696708542,44.083946448750794
1664568838999,40.913423643256316,-73.1325247458509,12.231239915429002,44.083946448750794
1664568840999,40.913423643256316,-73.1325247458509,12.376355139955923,44.083946448750794
1664568842999,40.913423643256316,-73.1325247458509,12.540071499421318,44.083946448750794
1664568844999,40.913423643256316,-73.1325247458509,12.704176711018881,44.083946448750794
1664568846999,40.913423643256316,-73.1325247458509,12.861904018775363,44.083946448750794
1664568848999,40.913423643256316,-73.1325247458509,13.023141527320565,44.083946448750794
1664568850999,40.913423643256316,-73.1325247458509,13.16074119852338,44.083946448750794
1664568852999,40.913423643256316,-73.1325247458509,13.392841457979596,44.083946448750794
1664568854999,40.913423643256316,-73.1325247458509,13.524199790766643,44.083946448750794
1664568856999,40.913423643256316,-73.1325247458509,13.627385422590297,44.083946448750794
1664568858999,40.913423643256316,-73.1325247458509,13.725315179538182,44.083946448750794
1664568860999,40.913423643256316,-73.1325247458509,11.479118213956326,44.083946448750794
1664568862999,40.913423643256316,-73.1325247458509,11.62640077003095,44.083946448750794
1664568864999,40.913423643256316,-73.1325247458509,11.790780332712481,44.083946448750794
1664568866999,40.913423643256316,-73.1325247458509,12.01177943695975,44.083946448750794
1664568868999,40.913423643256316,-73.1325247458509,12.18321706793871,44.083946448750794
1664568870999,40.913423643256316,-73.1325247458509,12.326968222346768,44.083946448750794
1664568872999,40.913423643256316,-73.1325247458509,12.459832351883344,44.083946448750794
1664568874999,40.913423643256316,-73.1325247458509,12.54940002072065,44.083946448750794
1664568876999,40.913423643256316,-73.1325247458509,12.656285013958232,44.083946448750794
1664568878999,40.913423643256316,-73.1325247458509,12.787440551325387,44.083946448750794
1664568880999,40.913423643256316,-73.1325247458509,12.942302822692424,44.083946448750794
1664568882999,40.913423643256316,-73.1325247458509,13.170540625407329,44.083946448750794
1664568884999,40.913423643256316,-73.1325247458509,13.330682865359531,44.083946448750794
1664568886999,40.913423643256316,-73.1325247458509,13.478518903989295,44.083946448750794
1664568888999,40.913423643256316,-73.1325247458509,13.526645116218589,44.083946448750794
1664568890999,40.913423643256316,-73.1325247458509,13.568742527774925,44.083946448750794
1664568892999,40.913423643256316,-73.1325247458509,11.269195580244219,44.083946448750794
1664568894999,40.913423643256316,-73.1325247458509,11.414390869198703,44.083946448750794
1664568896999,40.913423643256316,-73.1325247458509,11.552263069564379,44.083946448750794
1664568898999,40.913423643256316,-73.1325247458509,11.680723568537548,44.083946448750794
1664568900999,40.913423643256316,-73.1325247458509,11.845175709340461,44.083946448750794
1664568902999,40.913423643256316,-73.1325247458509,11.986150311313487,44.083946448750794
1664568904998,40.913423643256316,-73.1325247458509,12.08806531642728,44.083946448750794
1664568906998,40.913423643256316,-73.1325247458509,12.239797165222138,44.083946448750794
1664568908998,40.913423643256316,-73.1325247458509,12.326223236658098,44.083946448750794
1664568910998,40.913423643256316,-73.1325247458509,12.42086688416058,44.083946448750794
1664568912998,40.913423643256316,-73.1325247458509,12.570062972300482,44.083946448750794
1664568914998,40.913423643256316,-73.1325247458509,12.728612683482037,44.083946448750794
1664568916998,40.913423643256316,-73.1325247458509,12.907399211543455,44.083946448750794
1664568918998,40.913423643256316,-73.1325247458509,13.00284822216736,44.083946448750794
1664568920998,40.913423643256316,-73.1325247458509,13.066482987220189,44.083946448750794
1664568922998,40.913423643256316,-73.1325247458509,13.13646631624606,44.083946448750794
1664568924998,40.913423643256316,-73.1325247458509,11.105034892869353,44.083946448750794
1664568926998,40.913423643256316,-73.1325247458509,11.22652507344504,44.083946448750794
1664568928998,40.913423643256316,-73.1325247458509,11.36103801421311,44.083946448750794
1664568930998,40.913423643256316,-73.1325247458509,11.531098142288432,44.083946448750794
1664568932998,40.913423643256316,-73.1325247458509,11.676649105193954,44.083946448750794
1664568935000,40.913423643256316,-73.1325247458509,11.751618352606586,44.083946448750794
1664568937000,40.913423643256316,-73.1325247458509,11.873225095074124,44.083946448750794
1664568939000,40.913423643256316,-73.1325247458509,11.952578320143562,44.083946448750794
1664568941000,40.913423643256316,-73.1325247458509,12.050480152578352,44.083946448750794
1664568943000,40.913423643256316,-73.1325247458509,12.192967807153721,44.083946448750794
1664568945000,40.913423643256316,-73.1325247458509,12.40146125224986,44.083946448750794
1664568947000,40.913423643256316,-73.1325247458509,12.537900147008175,44.083946448750794
1664568949000,40.913423643256316,-73.1325247458509,12.623510562521611,44.083946448750794
1664568951000,40.913423643256316,-73.1325247458509,12.716248961870717,44.083946448750794
1664568953000,40.913423643256316,-73.1325247458509,12.814760953147731,44.083946448750794
1664568954999,40.913423643256316,-73.1325247458509,12.935220168329629,44.083946448750794
1664568956999,40.913423643256316,-73.1325247458509,13.086081426076214,44.083946448750794
1664568958999,40.913423643256316,-73.1325247458509,13.25140388780692,44.083946448750794
1664568960999,40.913423643256316,-73.1325247458509,13.323130021597795,44.083946448750794
1664568962999,40.913423643256316,-73.1325247458509,13.450866669746876,44.083946448750794
1664568964999,40.913423643256316,-73.1325247458509,13.503130174307863,44.083946448750794
1664568966999,40.913423643256316,-73.1325247458509,13.634435805139248,44.083946448750794
1664568968999,40.913423643256316,-73.1325247458509,13.697730455917082,44.083946448750794
1664568970999,40.913423643256316,-73.1325247458509,13.77943013153436,44.083946448750794
1664568972999,40.913423643256316,-73.1325247458509,13.882352524522325,44.083946448750794
1664568974999,40.913423643256316,-73.1325247458509,13.972736839446682,44.083946448750794
1664568976999,40.913423643256316,-73.1325247458509,14.061013345454654,44.083946448750794
1664568978999,40.913423643256316,-73.1325247458509,14.145403371535306,44.083946448750794
1664568980999,40.913423643256316,-73.1325247458509,14.322364740689242,44.083946448750794
1664568982999,40.913423643256316,-73.1325247458509,14.385960663265214,44.083946448750794
1664568984999,40.913423643256316,-73.1325247458509,14.473946828289138,44.083946448750794
1664568986999,40.913423643256316,-73.1325247458509,14.542257591717311,44.083946448750794
1664568988999,40.913423643256316,-73.1325247458509,11.684298142245957,44.083946448750794
1664568990999,40.913423643256316,-73.1325247458509,11.782614492144422,44.083946448750794
1664568992999,40.913423643256316,-73.1325247458509,11.895391022919961,44.083946448750794
1664568994999,40.913423643256316,-73.1325247458509,12.029261369948527,44.083946448750794
1664568996999,40.913423643256316,-73.1325247458509,12.169142083575151,44.083946448750794
1664568998999,40.913423643256316,-73.1325247458509,12.33827838692036,44.083946448750794
1664569000999,40.913423643256316,-73.1325247458509,12.423817271882713,44.083946448750794
1664569002999,40.913423643256316,-73.1325247458509,12.420231090236634,44.083946448750794
1664569004999,40.913423643256316,-73.1325247458509,12.544664625019845,44.083946448750794
1664569006999,40.913423643256316,-73.1325247458509,12.645399691990969,44.083946448750794
1664569008999,40.913423643256316,-73.1325247458509,12.797437264588012,44.083946448750794
1664569010999,40.913423643256316,-73.1325247458509,12.922717027289934,44.083946448750794
1664569012999,40.913423643256316,-73.1325247458509,12.999588034991051,44.083946448750794
1664569014999,40.913423643256316,-73.1325247458509,13.17889030816726,44.083946448750794
1664569016999,40.913423643256316,-73.1325247458509,13.259629871455141,44.083946448750794
1664569018999,40.913423643256316,-73.1325247458509,13.36270468958939,44.083946448750794
1664569020999,40.913423643256316,-73.1325247458509,13.425022786854097,44.083946448750794
1664569022999,40.913423643256316,-73.1325247458509,11.248804781347552,44.083946448750794
1664569024999,40.913423643256316,-73.1325247458509,11.40545863736283,44.083946448750794
1664569026999,40.913423643256316,-73.1325247458509,11.613167372817607,44.083946448750794
1664569028999,40.913423643256316,-73.1325247458509,11.747742909077331,44.083946448750794
1664569030998,40.913423643256316,-73.1325247458509,11.877934306476154,44.083946448750794
1664569032998,40.913423643256316,-73.1325247458509,12.020236927532371,44.083946448750794
1664569034998,40.913423643256316,-73.1325247458509,12.170004435110378,44.083946448750794
1664569036998,40.913423643256316,-73.1325247458509,12.333366566629735,44.083946448750794
1664569038998,40.913423643256316,-73.1325247458509,12.490516350496002,44.083946448750794
1664569040998,40.913423643256316,-73.1325247458509,12.523612191877229,44.083946448750794
1664569042998,40.913423643256316,-73.1325247458509,11.863921200453062,44.083946448750794
1664569044998,40.913423643256316,-73.1325247458509,11.29149764497949,44.083946448750794
1664569046998,40.913423643256316,-73.1325247458509,10.927130444106902,44.083946448750794
1664569048998,40.913423643256316,-73.1325247458509,11.014763491497828,44.083946448750794
1664569050998,40.913423643256316,-73.1325247458509,11.186235811213857,44.083946448750794
1664569052998,40.913423643256316,-73.1325247458509,11.353720017219015,44.083946448750794
1664569054998,40.913423643256316,-73.1325247458509,19.122994939179687,44.083946448750794
1664569056998,40.913423643256316,-73.1325247458509,20.68616779519036,44.083946448750794
1664569058998,40.913423643256316,-73.1325247458509,23.041261471779137,44.083946448750794
1664569060999,40.913423643256316,-73.1325247458509,26.514121528038334,44.083946448750794
1664569063000,40.913423643256316,-73.1325247458509,32.07779364847289,44.083946448750794
1664569065000,40.913423643256316,-73.1325247458509,36.512651477127406,44.083946448750794
1664569067000,40.913423643256316,-73.1325247458509,36.58446617852699,44.083946448750794
1664569069000,40.913423643256316,-73.1325247458509,40.69914883337491,44.083946448750794
1664569071000,40.913423643256316,-73.1325247458509,41.65769742893046,44.083946448750794
1664569073000,40.913423643256316,-73.1325247458509,46.41974613233413,44.083946448750794
1664569075000,40.913423643256316,-73.1325247458509,52.95313438736266,44.083946448750794
1664569077000,40.913423643256316,-73.1325247458509,52.79157434513896,44.083946448750794
1664569079000,40.913423643256316,-73.1325247458509,47.10864669633993,44.083946448750794
1664569081000,40.913423643256316,-73.1325247458509,43.80495046335428,44.083946448750794
1664569082999,40.913423643256316,-73.1325247458509,39.62474623982078,44.083946448750794
1664569084999,40.913423643256316,-73.1325247458509,36.382685442685364,44.083946448750794
1664569086999,40.913423643256316,-73.1325247458509,11.052395705651003,44.083946448750794
1664569088999,40.913423643256316,-73.1325247458509,11.305436283475277,44.083946448750794
1664569090999,40.913423643256316,-73.1325247458509,11.482860599943962,44.083946448750794
1664569092999,40.913423643256316,-73.1325247458509,41.93693115393664,44.083946448750794
1664569094999,40.913423643256316,-73.1325247458509,35.370354408939775,44.083946448750794
1664569096999,40.913423643256316,-73.1325247458509,31.06981761865243,44.083946448750794
1664569098999,40.913423643256316,-73.1325247458509,32.27475151225236,44.083946448750794
1664569100999,40.913423643256316,-73.1325247458509,41.03140612972414,44.083946448750794
1664569102999,40.913423643256316,-73.1325247458509,54.37305921057835,44.083946448750794
1664569104999,40.913423643256316,-73.1325247458509,50.42058252325501,44.083946448750794
1664569106999,40.913423643256316,-73.1325247458509,48.980072502037316,44.083946448750794
1664569108999,40.913423643256316,-73.1325247458509,49.39712782260626,44.083946448750794
1664569110999,40.913423643256316,-73.1325247458509,61.876774490023614,44.083946448750794
1664569112999,40.913423643256316,-73.1325247458509,109.39216458327904,44.083946448750794
1664569114999,40.913423643256316,-73.1325247458509,138.5024152572536,44.083946448750794
1664569116999,40.913423643256316,-73.1325247458509,138.17094335032434,44.083946448750794
1664569118999,40.913423643256316,-73.1325247458509,119.01359145785321,44.083946448750794
1664569120999,40.913423643256316,-73.1325247458509,130.80287537054642,44.083946448750794
1664569122999,40.913423643256316,-73.1325247458509,107.86055310962077,44.083946448750794
1664569124999,40.913423643256316,-73.1325247458509,111.32155455087276,44.083946448750794
1664569126999,40.913423643256316,-73.1325247458509,126.25615274006208,44.083946448750794
1664569128999,40.913423643256316,-73.1325247458509,110.44433074949909,44.083946448750794
1664569130999,40.913423643256316,-73.1325247458509,109.78216163336612,44.083946448750794
1664569132999,40.913423643256316,-73.1325247458509,12.72186354308284,44.083946448750794
1664569134999,40.913423643256316,-73.1325247458509,12.8772138540747,44.083946448750794
1664569136999,40.913423643256316,-73.1325247458509,13.037617932629137,44.083946448750794
1664569138999,40.913423643256316,-73.1325247458509,13.190157835687366,44.083946448750794
1664569140999,40.913423643256316,-73.1325247458509,13.335593080154466,44.083946448750794
1664569142999,40.913423643256316,-73.1325247458509,13.48699942665346,44.083946448750794
1664569144999,40.913423643256316,-73.1325247458509,13.716516955922115,44.083946448750794
1664569146999,40.913423643256316,-73.1325247458509,13.864511044303867,44.083946448750794
1664569148999,40.913423643256316,-73.1325247458509,14.002608093098834,44.083946448750794
1664569150999,40.913423643256316,-73.1325247458509,11.641248840041195,44.083946448750794
1664569152999,40.913423643256316,-73.1325247458509,11.801017432284597,44.083946448750794
1664569154999,40.913423643256316,-73.1325247458509,11.968145326333826,44.083946448750794
1664569156999,40.913423643256316,-73.1325247458509,12.139762828171367,44.083946448750794
1664569158999,40.913423643256316,-73.1325247458509,12.297588081343656,44.083946448750794
1664569160998,40.913423643256316,-73.1325247458509,12.459329753364143,44.083946448750794
1664569162998,40.913423643256316,-73.1325247458509,12.62971219467901,44.083946448750794
1664569164998,40.913423643256316,-73.1325247458509,12.862107820545887,44.083946448750794
1664569166998,40.913423643256316,-73.1325247458509,13.028779781536887,44.083946448750794
1664569168998,40.913423643256316,-73.1325247458509,13.17583380436316,44.083946448750794
1664569170998,40.913423643256316,-73.1325247458509,13.318153070631114,44.083946448750794
1664569172998,40.913423643256316,-73.1325247458509,13.467907426009774,44.083946448750794
1664569174998,40.913423643256316,-73.1325247458509,13.628295182559159,44.083946448750794
1664569176998,40.913423643256316,-73.1325247458509,13.772010418020798,44.083946448750794
1664569178998,40.913423643256316,-73.1325247458509,13.997011628349673,44.083946448750794
1664569180998,40.913423643256316,-73.1325247458509,11.54220997421414,44.083946448750794
1664569182998,40.913423643256316,-73.1325247458509,11.703341618470272,44.083946448750794
1664569184998,40.913423643256316,-73.1325247458509,11.875142658448123,44.083946448750794
1664569187000,40.913423643256316,-73.1325247458509,12.049576185055978,44.083946448750794
1664569189000,40.913423643256316,-73.1325247458509,12.190029035115238,44.083946448750794
1664569191000,40.913423643256316,-73.1325247458509,12.371058036680417,44.083946448750794
1664569193000,40.913423643256316,-73.1325247458509,12.523951284069994,44.083946448750794
1664569195000,40.913423643256316,-73.1325247458509,12.683198312856423,44.083946448750794
1664569197000,40.913423643256316,-73.1325247458509,12.905995707737848,44.083946448750794
1664569199000,40.913423643256316,-73.1325247458509,13.089334738076868,44.083946448750794
1664569201000,40.913423643256316,-73.1325247458509,13.235592668514263,44.083946448750794
1664569203000,40.913423643256316,-73.1325247458509,13.377256749798805,44.083946448750794
1664569205000,40.913423643256316,-73.1325247458509,13.540995042496471,44.083946448750794
1664569207000,40.913423643256316,-73.1325247458509,13.63106601607608,44.083946448750794
1664569208999,40.913423643256316,-73.1325247458509,13.83334839485785,44.083946448750794
1664569210999,40.913423643256316,-73.1325247458509,13.91074444582846,44.083946448750794
1664569212999,40.913423643256316,-73.1325247458509,11.501852660154954,44.083946448750794
1664569214999,40.913423643256316,-73.1325247458509,11.711859645982717,44.083946448750794
1664569216999,40.913423643256316,-73.1325247458509,11.873880522704551,44.083946448750794
1664569218999,40.913423643256316,-73.1325247458509,12.026013273040512,44.083946448750794
1664569220999,40.913423643256316,-73.1325247458509,12.154846618863816,44.083946448750794
1664569222999,40.913423643256316,-73.1325247458509,12.301330330895452,44.083946448750794
1664569224999,40.913423643256316,-73.1325247458509,12.465643781472108,44.083946448750794
1664569226999,40.913423643256316,-73.1325247458509,12.617943754077874,44.083946448750794
1664569228999,40.913423643256316,-73.1325247458509,12.799742891648965,44.083946448750794
1664569230999,40.913423643256316,-73.1325247458509,12.9072332817813,44.083946448750794
1664569232999,40.913423643256316,-73.1325247458509,13.035521150456361,44.083946448750794
1664569234999,40.913423643256316,-73.1325247458509,13.106158994973443,44.083946448750794
1664569236999,40.913423643256316,-73.1325247458509,13.1860347167906,44.083946448750794
1664569238999,40.913423643256316,-73.1325247458509,13.34127446372013,44.083946448750794
1664569240999,40.913423643256316,-73.1325247458509,13.49894344896748,44.083946448750794
1664569242999,40.913423643256316,-73.1325247458509,13.569106869725017,44.083946448750794
1664569244999,40.913423643256316,-73.1325247458509,13.722442504061343,44.083946448750794
1664569246999,40.913423643256316,-73.1325247458509,11.473611746697037,44.083946448750794
1664569248999,40.913423643256316,-73.1325247458509,11.644320669947065,44.083946448750794
1664569250999,40.913423643256316,-73.1325247458509,11.822628650974627,44.083946448750794
1664569252999,40.913423643256316,-73.1325247458509,11.945910714957805,44.083946448750794
1664569254999,40.913423643256316,-73.1325247458509,12.11809595931268,44.083946448750794
1664569256999,40.913423643256316,-73.1325247458509,12.210049104725776,44.083946448750794
1664569258999,40.913423643256316,-73.1325247458509,12.342003985689178,44.083946448750794
1664569260999,40.913423643256316,-73.1325247458509,12.498385039901612,44.083946448750794
1664569262999,40.913423643256316,-73.1325247458509,12.664810112407475,44.083946448750794
1664569264999,40.913423643256316,-73.1325247458509,12.876833164055729,44.083946448750794
1664569266999,40.913423643256316,-73.1325247458509,12.988216640326323,44.083946448750794
1664569268999,40.913423643256316,-73.1325247458509,13.145269441997904,44.083946448750794
1664569270999,40.913423643256316,-73.1325247458509,13.288944067470931,44.083946448750794
1664569272999,40.913423643256316,-73.1325247458509,13.455546561156984,44.083946448750794
1664569274999,40.913423643256316,-73.1325247458509,13.60520795372116,44.083946448750794
1664569276999,40.913423643256316,-73.1325247458509,13.846844133301262,44.083946448750794
1664569278999,40.913423643256316,-73.1325247458509,11.519347633206895,44.083946448750794
1664569280998,40.913423643256316,-73.1325247458509,11.701789047415485,44.083946448750794
1664569282998,40.913423643256316,-73.1325247458509,11.87764829889135,44.083946448750794
1664569284998,40.913423643256316,-73.1325247458509,12.01724076238876,44.083946448750794
1664569286998,40.913423643256316,-73.1325247458509,12.199397445900592,44.083946448750794
1664569288998,40.913423643256316,-73.1325247458509,12.362254148344919,44.083946448750794
1664569290998,40.913423643256316,-73.1325247458509,12.516932709704584,44.083946448750794
1664569292998,40.913423643256316,-73.1325247458509,12.6150178224163,44.083946448750794
1664569294998,40.913423643256316,-73.1325247458509,12.77445773200064,44.083946448750794
1664569296998,40.913423643256316,-73.1325247458509,13.01248726839918,44.083946448750794
1664569298998,40.913423643256316,-73.1325247458509,13.148438157861223,44.083946448750794
1664569300998,40.913423643256316,-73.1325247458509,13.299441525248394,44.083946448750794
1664569302998,40.913423643256316,-73.1325247458509,13.447040362372924,44.083946448750794
1664569304998,40.913423643256316,-73.1325247458509,13.555971652091353,44.083946448750794
1664569306998,40.913423643256316,-73.1325247458509,13.689145261018009,44.083946448750794
1664569308998,40.913423643256316,-73.1325247458509,11.375621672857546,44.083946448750794
1664569310998,40.913423643256316,-73.1325247458509,11.59035858072177,44.083946448750794
1664569312999,40.913423643256316,-73.1325247458509,11.752679019866035,44.083946448750794
1664569314999,40.913423643256316,-73.1325247458509,11.926142048297725,44.083946448750794
1664569316999,40.913423643256316,-73.1325247458509,12.089465889625334,44.083946448750794
1664569318999,40.913423643256316,-73.1325247458509,12.187110767302572,44.083946448750794
1664569321000,40.913423643256316,-73.1325247458509,12.29354442041814,44.083946448750794
1664569323000,40.913423643256316,-73.1325247458509,12.391977508010735,44.083946448750794
1664569324999,40.913423643256316,-73.1325247458509,12.51758241159123,44.083946448750794
1664569326999,40.913423643256316,-73.1325247458509,12.668569654397155,44.083946448750794
1664569329000,40.913423643256316,-73.1325247458509,12.924477093379275,44.083946448750794
1664569331000,40.913423643256316,-73.1325247458509,12.988167245706984,44.083946448750794
1664569332999,40.913423643256316,-73.1325247458509,13.15496977034536,44.083946448750794
1664569334999,40.913423643256316,-73.1325247458509,13.300527399874554,44.083946448750794
1664569336999,40.913423643256316,-73.1325247458509,13.344396728896609,44.083946448750794
1664569338999,40.913423643256316,-73.1325247458509,13.458995557481762,44.083946448750794
1664569340999,40.913423643256316,-73.1325247458509,13.61383235894178,44.083946448750794
1664569342999,40.913423643256316,-73.1325247458509,13.670544816520593,44.083946448750794
1664569344999,40.913423643256316,-73.1325247458509,13.872571777933832,44.083946448750794
1664569346999,40.913423643256316,-73.1325247458509,13.997927128090073,44.083946448750794
1664569348999,40.913423643256316,-73.1325247458509,14.050183829726627,44.083946448750794
1664569350999,40.913423643256316,-73.1325247458509,14.150404300186695,44.083946448750794
1664569352999,40.913423643256316,-73.1325247458509,14.269895081490285,44.083946448750794
1664569354999,40.913423643256316,-73.1325247458509,14.378852462933612,44.083946448750794
1664569356999,40.913423643256316,-73.1325247458509,14.498634963921688,44.083946448750794
1664569358999,40.913423643256316,-73.1325247458509,14.672580591285188,44.083946448750794
1664569360999,40.913423643256316,-73.1325247458509,14.795405191453273,44.083946448750794
1664569362999,40.913423643256316,-73.1325247458509,14.883396911369395,44.083946448750794
1664569364999,40.913423643256316,-73.1325247458509,14.946729372559114,44.083946448750794
1664569366999,40.913423643256316,-73.1325247458509,15.094294703331036,44.083946448750794
1664569368999,40.913423643256316,-73.1325247458509,15.13818665673836,44.083946448750794
1664569370999,40.913423643256316,-73.1325247458509,15.241438605557738,44.083946448750794
1664569372999,40.913423643256316,-73.1325247458509,15.372742410925678,44.083946448750794
1664569374999,40.913423643256316,-73.1325247458509,15.41936674431319,44.083946448750794
1664569376999,40.913423643256316,-73.1325247458509,15.4728314411361,44.083946448750794
1664569378999,40.913423643256316,-73.1325247458509,15.534165986479785,44.083946448750794
1664569380999,40.913423643256316,-73.1325247458509,15.530710567608283,44.083946448750794
1664569382999,40.913423643256316,-73.1325247458509,15.571688279149006,44.083946448750794
1664569384999,40.913423643256316,-73.1325247458509,15.599450679908308,44.083946448750794
1664569386999,40.913423643256316,-73.1325247458509,15.713893848843044,44.083946448750794
1664569388999,40.913423643256316,-73.1325247458509,15.820421242700291,44.083946448750794
1664569390999,40.913423643256316,-73.1325247458509,15.945805397459461,44.083946448750794
1664569392999,40.913423643256316,-73.1325247458509,16.062433917763943,44.083946448750794
1664569394999,40.913423643256316,-73.1325247458509,16.17874859563121,44.083946448750794
1664569396999,40.913423643256316,-73.1325247458509,16.187497512715677,44.083946448750794
1664569398999,40.913423643256316,-73.1325247458509,16.237039064758385,44.083946448750794
1664569400999,40.913423643256316,-73.1325247458509,16.28886986859618,44.083946448750794
1664569402999,40.913423643256316,-73.1325247458509,16.36437645187608,44.083946448750794
1664569404999,40.913423643256316,-73.1325247458509,12.614500093690523,44.083946448750794
1664569406999,40.913423643256316,-73.1325247458509,12.733981544491927,44.083946448750794
1664569408999,40.913423643256316,-73.1325247458509,12.879466405921479,44.083946448750794
1664569410999,40.913423643256316,-73.1325247458509,13.018490920780648,44.083946448750794
1664569412998,40.913423643256316,-73.1325247458509,13.178047702246651,44.083946448750794
1664569414998,40.913423643256316,-73.1325247458509,13.314629407293424,44.083946448750794
1664569416998,40.913423643256316,-73.1325247458509,13.450456090698324,44.083946448750794
1664569418998,40.913423643256316,-73.1325247458509,13.585598218694951,44.083946448750794
1664569420998,40.913423643256316,-73.1325247458509,13.792124059743106,44.083946448750794
1664569422998,40.913423643256316,-73.1325247458509,13.861277874115913,44.083946448750794
1664569424998,40.913423643256316,-73.1325247458509,14.00877225615569,44.083946448750794
1664569426998,40.913423643256316,-73.1325247458509,40.61758272174302,44.083946448750794
1664569428998,40.913423643256316,-73.1325247458509,14.326940910827293,44.083946448750794
1664569430998,40.913423643256316,-73.1325247458509,14.459449397433554,44.083946448750794
1664569432998,40.913423643256316,-73.1325247458509,14.592978122686056,44.083946448750794
1664569434998,40.913423643256316,-73.1325247458509,14.723693026390825,44.083946448750794
1664569436998,40.913423643256316,-73.1325247458509,14.863486172194378,44.083946448750794
1664569439000,40.913423643256316,-73.1325247458509,12.070732801423091,44.083946448750794
1664569441000,40.913423643256316,-73.1325247458509,12.229770659915264,44.083946448750794
1664569443000,40.913423643256316,-73.1325247458509,33.79323464636132,44.083946448750794
1664569445000,40.913423643256316,-73.1325247458509,36.475588223357065,44.083946448750794
1664569447000,40.913423643256316,-73.1325247458509,47.53225902197637,44.083946448750794
1664569449000,40.913423643256316,-73.1325247458509,39.21559688842787,44.083946448750794
1664569451000,40.913423643256316,-73.1325247458509,36.89636595103978,44.083946448750794
1664569453000,40.913423643256316,-73.1325247458509,31.519833655922035,44.083946448750794
1664569455000,40.913423643256316,-73.1325247458509,13.354494113718003,44.083946448750794
1664569457000,40.913423643256316,-73.1325247458509,13.454328275907981,44.083946448750794
1664569458999,40.913423643256316,-73.1325247458509,13.60824998360507,44.083946448750794
1664569460999,40.913423643256316,-73.1325247458509,13.760785931565692,44.083946448750794
1664569462999,40.913423643256316,-73.1325247458509,39.57657832253138,44.083946448750794
1664569464999,40.913423643256316,-73.1325247458509,32.51972011850855,44.083946448750794
1664569466999,40.913423643256316,-73.1325247458509,27.62144876184338,44.083946448750794
1664569468999,40.913423643256316,-73.1325247458509,34.04585361174124,44.083946448750794
1664569470999,40.913423643256316,-73.1325247458509,11.842734198982454,44.083946448750794
1664569472999,40.913423643256316,-73.1325247458509,12.003116996863339,44.083946448750794
1664569474999,40.913423643256316,-73.1325247458509,12.14064231156744,44.083946448750794
1664569476999,40.913423643256316,-73.1325247458509,12.371449666387369,44.083946448750794
1664569478999,40.913423643256316,-73.1325247458509,12.531064798752336,44.083946448750794
1664569480999,40.913423643256316,-73.1325247458509,12.707806343331614,44.083946448750794
1664569482999,40.913423643256316,-73.1325247458509,12.851358977838824,44.083946448750794
1664569484999,40.913423643256316,-73.1325247458509,13.006837966451242,44.083946448750794
1664569486999,40.913423643256316,-73.1325247458509,13.17062520550588,44.083946448750794
1664569488999,40.913423643256316,-73.1325247458509,13.377212601063915,44.083946448750794
1664569490999,40.913423643256316,-73.1325247458509,13.519288753199362,44.083946448750794
1664569492999,40.913423643256316,-73.1325247458509,13.664472845418292,44.083946448750794
1664569494999,40.913423643256316,-73.1325247458509,13.816584298588907,44.083946448750794
1664569496999,40.913423643256316,-73.1325247458509,13.953382527682503,44.083946448750794
1664569498999,40.913423643256316,-73.1325247458509,14.114862765717032,44.083946448750794
1664569500999,40.913423643256316,-73.1325247458509,43.42798328232294,44.083946448750794
1664569502999,40.913423643256316,-73.1325247458509,46.57791747156698,44.083946448750794
1664569504999,40.913423643256316,-73.1325247458509,11.917304069419732,44.083946448750794
1664569506999,40.913423643256316,-73.1325247458509,12.15505792366575,44.083946448750794
1664569508999,40.913423643256316,-73.1325247458509,12.319365424935029,44.083946448750794
1664569510999,40.913423643256316,-73.1325247458509,12.461689406245593,44.083946448750794
1664569512999,40.913423643256316,-73.1325247458509,12.612934024336983,44.083946448750794
1664569514999,40.913423643256316,-73.1325247458509,12.770867246105992,44.083946448750794
1664569516999,40.913423643256316,-73.1325247458509,12.92687942761004,44.083946448750794
1664569518999,40.913423643256316,-73.1325247458509,13.062707473694584,44.083946448750794
1664569520999,40.913423643256316,-73.1325247458509,13.210891697430734,44.083946448750794
1664569522999,40.913423643256316,-73.1325247458509,13.449792595146507,44.083946448750794
1664569524999,40.913423643256316,-73.1325247458509,13.583789303387242,44.083946448750794
1664569526999,40.913423643256316,-73.1325247458509,13.720062255680048,44.083946448750794
1664569528999,40.913423643256316,-73.1325247458509,13.886179665922112,44.083946448750794
1664569530999,40.913423643256316,-73.1325247458509,14.020348741644172,44.083946448750794
1664569532999,40.913423643256316,-73.1325247458509,11.55821687323842,44.083946448750794
1664569534999,40.913423643256316,-73.1325247458509,11.721352991458083,44.083946448750794
1664569536999,40.913423643256316,-73.1325247458509,11.873113221439755,44.083946448750794
1664569538998,40.913423643256316,-73.1325247458509,12.088140072216458,44.083946448750794
1664569540998,40.913423643256316,-73.1325247458509,12.254509667089035,44.083946448750794
1664569542998,40.913423643256316,-73.1325247458509,12.394070947241559,44.083946448750794
1664569544998,40.913423643256316,-73.1325247458509,12.530841964933652,44.083946448750794
1664569546998,40.913423643256316,-73.1325247458509,12.693780713580981,44.083946448750794
1664569548998,40.913423643256316,-73.1325247458509,12.837148499396333,44.083946448750794
1664569550998,40.913423643256316,-73.1325247458509,13.007879034008871,44.083946448750794
1664569552998,40.913423643256316,-73.1325247458509,13.145864276738575,44.083946448750794
1664569554998,40.913423643256316,-73.1325247458509,13.287782755269873,44.083946448750794
1664569556998,40.913423643256316,-73.1325247458509,13.521666054541779,44.083946448750794
1664569558998,40.913423643256316,-73.1325247458509,13.664922736973857,44.083946448750794
1664569560998,40.913423643256316,-73.1325247458509,13.793820824156008,44.083946448750794
1664569562998,40.913423643256316,-73.1325247458509,13.937708972555843,44.083946448750794
1664569565000,40.913423643256316,-73.1325247458509,11.485790420353075,44.083946448750794
1664569567000,40.913423643256316,-73.1325247458509,11.624436078599668,44.083946448750794
1664569569000,40.913423643256316,-73.1325247458509,11.803206492287375,44.083946448750794
1664569571000,40.913423643256316,-73.1325247458509,12.016064077009194,44.083946448750794
1664569573000,40.913423643256316,-73.1325247458509,12.199505415758752,44.083946448750794
1664569575000,40.913423643256316,-73.1325247458509,12.359224991956994,44.083946448750794
1664569577000,40.913423643256316,-73.1325247458509,12.475161055722905,44.083946448750794
1664569579000,40.913423643256316,-73.1325247458509,12.60716300170863,44.083946448750794
1664569581000,40.913423643256316,-73.1325247458509,12.775520184006396,44.083946448750794
1664569583000,40.913423643256316,-73.1325247458509,12.90390020533533,44.083946448750794
1664569584999,40.913423643256316,-73.1325247458509,13.042239954576326,44.083946448750794
1664569586999,40.913423643256316,-73.1325247458509,13.284281139222413,44.083946448750794
1664569588999,40.913423643256316,-73.1325247458509,13.442899618032174,44.083946448750794
1664569590999,40.913423643256316,-73.1325247458509,13.582066239665739,44.083946448750794
1664569592999,40.913423643256316,-73.1325247458509,13.730275107262736,44.083946448750794
1664569594999,40.913423643256316,-73.1325247458509,21.286018714922985,44.083946448750794
1664569596999,40.913423643256316,-73.1325247458509,14.009329722001183,44.083946448750794
1664569598999,40.913423643256316,-73.1325247458509,11.644577882889449,44.083946448750794
1664569600999,40.913423643256316,-73.1325247458509,11.858433619005332,44.083946448750794
1664569602999,40.913423643256316,-73.1325247458509,11.93845447245003,44.083946448750794
1664569604999,40.913423643256316,-73.1325247458509,12.198658893495518,44.083946448750794
1664569606999,40.913423643256316,-73.1325247458509,12.372625694910699,44.083946448750794
1664569608999,40.913423643256316,-73.1325247458509,12.525923699799737,44.083946448750794
1664569610999,40.913423643256316,-73.1325247458509,12.676547607408525,44.083946448750794
1664569612999,40.913423643256316,-73.1325247458509,12.8331488958094,44.083946448750794
1664569614999,40.913423643256316,-73.1325247458509,31.3544182596787,44.083946448750794
1664569616999,40.913423643256316,-73.1325247458509,13.151002019755518,44.083946448750794
1664569618999,40.913423643256316,-73.1325247458509,13.305326822418351,44.083946448750794
1664569620999,40.913423643256316,-73.1325247458509,13.526220312210318,44.083946448750794
1664569622999,40.913423643256316,-73.1325247458509,13.654759929944092,44.083946448750794
1664569624999,40.913423643256316,-73.1325247458509,13.774212926562988,44.083946448750794
1664569626999,40.913423643256316,-73.1325247458509,13.879038631492925,44.083946448750794
1664569628999,40.913423643256316,-73.1325247458509,13.987068531312731,44.083946448750794
1664569630999,40.913423643256316,-73.1325247458509,11.593240030836498,44.083946448750794
1664569632999,40.913423643256316,-73.1325247458509,11.796682209457964,44.083946448750794
1664569634999,40.913423643256316,-73.1325247458509,11.94201643464723,44.083946448750794
1664569636999,40.913423643256316,-73.1325247458509,12.052658897536713,44.083946448750794
1664569638999,40.913423643256316,-73.1325247458509,12.199923766253706,44.083946448750794
1664569640999,40.913423643256316,-73.1325247458509,12.322782683556788,44.083946448750794
1664569642999,40.913423643256316,-73.1325247458509,12.455720971354305,44.083946448750794
1664569644999,40.913423643256316,-73.1325247458509,12.605246367438184,44.083946448750794
1664569646999,40.913423643256316,-73.1325247458509,12.667770307806816,44.083946448750794
1664569648999,40.913423643256316,-73.1325247458509,12.74728891849397,44.083946448750794
1664569650999,40.913423643256316,-73.1325247458509,12.856458709918824,44.083946448750794
1664569652999,40.913423643256316,-73.1325247458509,12.953334085506429,44.083946448750794
1664569654999,40.913423643256316,-73.1325247458509,12.941091366667942,44.083946448750794
1664569656999,40.913423643256316,-73.1325247458509,12.869199565009684,44.083946448750794
1664569658999,40.913423643256316,-73.1325247458509,12.941490682821977,44.083946448750794
1664569660998,40.913423643256316,-73.1325247458509,10.767113638154306,44.083946448750794
1664569662998,40.913423643256316,-73.1325247458509,10.88980543371411,44.083946448750794
1664569664998,40.913423643256316,-73.1325247458509,11.007570919190837,44.083946448750794
1664569666998,40.913423643256316,-73.1325247458509,11.18851426607975,44.083946448750794
1664569668998,40.913423643256316,-73.1325247458509,11.33854151226499,44.083946448750794
1664569670998,40.913423643256316,-73.1325247458509,11.447296228378983,44.083946448750794
1664569672998,40.913423643256316,-73.1325247458509,11.565890977906315,44.083946448750794
1664569674998,40.913423643256316,-73.1325247458509,11.683325585468694,44.083946448750794
1664569676998,40.913423643256316,-73.1325247458509,11.887867762223172,44.083946448750794
1664569678998,40.913423643256316,-73.1325247458509,11.789097263279528,44.083946448750794
1664569680998,40.913423643256316,-73.1325247458509,11.745759077366396,44.083946448750794
1664569682998,40.913423643256316,-73.1325247458509,11.79348541781196,44.083946448750794
1664569684998,40.913423643256316,-73.1325247458509,11.940511126341281,44.083946448750794
1664569686998,40.913423643256316,-73.1325247458509,12.087865816105783,44.083946448750794
1664569688998,40.913423643256316,-73.1325247458509,12.203626752176618,44.083946448750794
1664569691000,40.913423643256316,-73.1325247458509,12.382244738184538,44.083946448750794
1664569693000,40.913423643256316,-73.1325247458509,10.643805253911456,44.083946448750794
1664569695000,40.913423643256316,-73.1325247458509,10.773711831699703,44.083946448750794
1664569697000,40.913423643256316,-73.1325247458509,10.934535889507153,44.083946448750794
1664569699000,40.913423643256316,-73.1325247458509,11.106622857570384,44.083946448750794
1664569701000,40.913423643256316,-73.1325247458509,11.26040712346659,44.083946448750794
1664569703000,40.913423643256316,-73.1325247458509,11.390806815781517,44.083946448750794
1664569705000,40.913423643256316,-73.1325247458509,11.524320159319675,44.083946448750794
1664569707000,40.913423643256316,-73.1325247458509,11.752936654573547,44.083946448750794
1664569708999,40.913423643256316,-73.1325247458509,11.885142181954977,44.083946448750794
1664569710999,40.913423643256316,-73.1325247458509,12.014199636889183,44.083946448750794
1664569712999,40.913423643256316,-73.1325247458509,12.161276952520796,44.083946448750794
1664569714999,40.913423643256316,-73.1325247458509,12.28485271323811,44.083946448750794
1664569716999,40.913423643256316,-73.1325247458509,12.40900860858969,44.083946448750794
1664569718999,40.913423643256316,-73.1325247458509,12.542543971834002,44.083946448750794
1664569720999,40.913423643256316,-73.1325247458509,12.685476060040942,44.083946448750794
1664569722999,40.913423643256316,-73.1325247458509,12.9087421567054,44.083946448750794
1664569724999,40.913423643256316,-73.1325247458509,10.92818653875677,44.083946448750794
1664569726999,40.913423643256316,-73.1325247458509,11.057549898550308,44.083946448750794
1664569728999,40.913423643256316,-73.1325247458509,11.23328639596791,44.083946448750794
1664569730999,40.913423643256316,-73.1325247458509,11.414958896537058,44.083946448750794
1664569732999,40.913423643256316,-73.1325247458509,11.556358345949686,44.083946448750794
1664569734999,40.913423643256316,-73.1325247458509,11.708952530344249,44.083946448750794
1664569736999,40.913423643256316,-73.1325247458509,11.83650113356353,44.083946448750794
1664569738999,40.913423643256316,-73.1325247458509,11.989855826680488,44.083946448750794
1664569740999,40.913423643256316,-73.1325247458509,12.21065595581966,44.083946448750794
1664569742999,40.913423643256316,-73.1325247458509,12.334218217921638,44.083946448750794
1664569744999,40.913423643256316,-73.1325247458509,12.475682878178752,44.083946448750794
1664569746999,40.913423643256316,-73.1325247458509,12.604553036580215,44.083946448750794
1664569748999,40.913423643256316,-73.1325247458509,12.715842865075336,44.083946448750794
1664569750999,40.913423643256316,-73.1325247458509,12.859305502367674,44.083946448750794
1664569752999,40.913423643256316,-73.1325247458509,13.079261020663877,44.083946448750794
1664569754999,40.913423643256316,-73.1325247458509,13.220873332139933,44.083946448750794
1664569756999,40.913423643256316,-73.1325247458509,13.366840318346998,44.083946448750794
1664569758999,40.913423643256316,-73.1325247458509,11.259012581864033,44.083946448750794
1664569760999,40.913423643256316,-73.1325247458509,11.41900861783318,44.083946448750794
1664569762999,40.913423643256316,-73.1325247458509,11.576881348368415,44.083946448750794
1664569764999,40.913423643256316,-73.1325247458509,11.729858319774094,44.083946448750794
1664569766999,40.913423643256316,-73.1325247458509,11.96220712693102,44.083946448750794
1664569768999,40.913423643256316,-73.1325247458509,12.130813800294963,44.083946448750794
1664569770999,40.913423643256316,-73.1325247458509,12.277064588983086,44.083946448750794
1664569772999,40.913423643256316,-73.1325247458509,12.437294506191884,44.083946448750794
1664569774999,40.913423643256316,-73.1325247458509,12.59267812436363,44.083946448750794
1664569776999,40.913423643256316,-73.1325247458509,12.716325785168321,44.083946448750794
1664569778021,40.913423643256316,-73.1325247458509,12.797454117689263,44.083946448750794
1664569780020,40.913423643256316,-73.1325247458509,10.19785782823351,44.083946448750794
1664569781020,40.913423643256316,-73.1325247458509,10.272861255545848,44.083946448750794
1664569783071,40.913423643256316,-73.1325247458509,10.445834722749481,44.083946448750794
1664569785020,40.913423643256316,-73.1325247458509,10.701974307653375,44.083946448750794
1664569787019,40.913423643256316,-73.1325247458509,10.877947202871294,44.083946448750794
1664569789019,40.913423643256316,-73.1325247458509,11.045315809575586,44.083946448750794
1664569791015,40.913423643256316,-73.1325247458509,10.463911199796167,44.083946448750794
1664569793015,40.913423643256316,-73.1325247458509,9.462674086226182,44.083946448750794
1664569795014,40.913423643256316,-73.1325247458509,9.663416842801432,44.083946448750794
1664569796015,40.913423643256316,-73.1325247458509,9.855412672581316,44.083946448750794
1664569798015,40.913423643256316,-73.1325247458509,10.030475096836069,44.083946448750794
1664569799016,40.913423643256316,-73.1325247458509,10.149815037296372,44.083946448750794
1664569801016,40.913423643256316,-73.1325247458509,10.36621265610309,44.083946448750794
1664569804998,40.913423692333986,-73.13252474240419,200.0,44.083946228027344
1664569806015,40.913423643256316,-73.1325247458509,398.7909938261328,44.083946448750794
1664569814998,40.91346118245696,-73.13252210798129,384.42339409468127,44.187007904052734
1664569815998,40.91347944750936,-73.13252082450094,366.6668224962276,44.22508239746094
1664569816998,40.913496064060475,-73.1325196568604,8.252888623609422,44.23281482234597
1664569818998,40.913496064060475,-73.1325196568604,8.500589343995369,44.23281482234597
1664569820999,40.913496064060475,-73.1325196568604,8.709986704452705,44.23281482234597
1664569822999,40.913496064060475,-73.1325196568604,8.94170758949522,44.23281482234597
1664569825015,40.913496064060475,-73.1325196568604,9.263356853987844,44.23281482234597
1664569827016,40.913496064060475,-73.1325196568604,8.209996602162398,44.23281482234597
1664569829015,40.913496064060475,-73.1325196568604,8.357744710777158,44.23281482234597
1664569840016,40.913429229840446,-73.13251873807008,8.379896990906449,44.379132555797696
1664569841017,40.913429229840446,-73.13251873807008,8.567045150237623,44.379132555797696
1664569843016,40.913429229840446,-73.13251873807008,7.937081028567814,44.379132555797696
1664569845014,40.913429229840446,-73.13251873807008,8.093267344700013,44.379132555797696
1664569847014,40.913429229840446,-73.13251873807008,8.43166890325508,44.379132555797696
1664569849012,40.913429229840446,-73.13251873807008,8.661119395509814,44.379132555797696
1664569850014,40.913429229840446,-73.13251873807008,8.780234378373065,44.379132555797696
1664569851015,40.913429229840446,-73.13251873807008,8.873090598082568,44.379132555797696
1664569864016,40.91342209549208,-73.13255360590632,10.476639955964595,41.785972595214844
1664569867016,40.91343214780128,-73.13252372859581,8.391696689029441,44.419930272735655
1664569869015,40.91343214780128,-73.13252372859581,8.61949040271532,44.419930272735655
1664569870016,40.91343214780128,-73.13252372859581,8.798109515070795,44.419930272735655
1664569872015,40.91343214780128,-73.13252372859581,9.053483846573291,44.419930272735655
1664569873016,40.91343214780128,-73.13252372859581,9.054510675509848,44.419930272735655
1664569884015,40.91342209549208,-73.13255360590632,10.476639955964595,41.82540512084961
1664569885016,40.91343096270156,-73.13252500087768,10.002127645322528,44.23197211418301
1664569887015,40.91343096270156,-73.13252500087768,9.258082688046553,44.23197211418301
1664569888016,40.91343096270156,-73.13252500087768,9.36639326949481,44.23197211418301
1664569890015,40.91343096270156,-73.13252500087768,9.560761179388134,44.23197211418301
1664569894015,40.91343096270156,-73.13252500087768,9.975640060905095,44.23197211418301
1664569896015,40.91343096270156,-73.13252500087768,10.177757152188295,44.23197211418301
1664569898015,40.91343096270156,-73.13252500087768,8.809947738067214,44.23197211418301
1664569903015,40.91343096270156,-73.13252500087768,9.431723935250993,44.23197211418301
1664569904015,40.91343096270156,-73.13252500087768,9.511487495110527,44.23197211418301
1664569905016,40.91343096270156,-73.13252500087768,9.160976335128334,44.23197211418301
1664569906016,40.91343096270156,-73.13252500087768,9.268930379701013,44.23197211418301
1664569908016,40.91343096270156,-73.13252500087768,9.374448264715069,44.23197211418301
1664569910015,40.91343096270156,-73.13252500087768,9.680467286869666,44.23197211418301
1664569912014,40.91343096270156,-73.13252500087768,9.885286790039391,44.23197211418301
1664569913015,40.91343096270156,-73.13252500087768,9.986814572368298,44.23197211418301
1664569915015,40.91343096270156,-73.13252500087768,10.185014278183075,44.23197211418301
1664569916016,40.91343096270156,-73.13252500087768,10.274042980404618,44.23197211418301
1664569918015,40.91343096270156,-73.13252500087768,9.426159167811614,44.23197211418301
1664569919015,40.91343096270156,-73.13252500087768,9.531385883419759,44.23197211418301
1664569920016,40.91343096270156,-73.13252500087768,9.654846424548225,44.23197211418301
1664569922015,40.91343096270156,-73.13252500087768,9.820141708543813,44.23197211418301
1664569923015,40.91343096270156,-73.13252500087768,9.961721596458064,44.23197211418301
1664569924015,40.91343096270156,-73.13252500087768,10.041408666786406,44.23197211418301
1664569926015,40.91343096270156,-73.13252500087768,10.249415719168567,44.23197211418301
1664569928016,40.91343096270156,-73.13252500087768,9.814002373036674,44.23197211418301
1664569930015,40.91343096270156,-73.13252500087768,9.045502739415287,44.23197211418301
1664569934998,40.91343102745008,-73.13252499590256,200.0,44.23197937011719
1664569935998,40.9134268998728,-73.13252375774962,8.784626359402152,44.165109912864864
1664569937998,40.9134268998728,-73.13252375774962,8.998292056813098,44.165109912864864
1664569939998,40.9134268998728,-73.13252375774962,9.206661882285726,44.165109912864864
1664569941998,40.9134268998728,-73.13252375774962,9.387210742972634,44.165109912864864
1664569943998,40.9134268998728,-73.13252375774962,9.597147540745706,44.165109912864864
1664569945998,40.9134268998728,-73.13252375774962,9.803586522365494,44.165109912864864
1664569946999,40.9134268998728,-73.13252375774962,9.92140441266649,44.165109912864864
1664569948999,40.9134268998728,-73.13252375774962,8.643337922491915,44.165109912864864
1664569950999,40.9134268998728,-73.13252375774962,50.979999056917464,44.165109912864864
1664569952999,40.9134268998728,-73.13252375774962,9.173052028275508,44.165109912864864
1664569954999,40.9134268998728,-73.13252375774962,9.383893448333053,44.165109912864864
1664569956999,40.9134268998728,-73.13252375774962,9.572079258833158,44.165109912864864
1664569958999,40.9134268998728,-73.13252375774962,9.787682984516177,44.165109912864864
1664569960999,40.9134268998728,-73.13252375774962,8.666992746101505,44.165109912864864
1664569962999,40.9134268998728,-73.13252375774962,8.885227155361102,44.165109912864864
1664569964999,40.9134268998728,-73.13252375774962,9.0887573617954,44.165109912864864
1664569966999,40.9134268998728,-73.13252375774962,8.863056641603624,44.165109912864864
1664569968999,40.9134268998728,-73.13252375774962,9.060034810065732,44.165109912864864
1664569970999,40.9134268998728,-73.13252375774962,9.252377074630898,44.165109912864864
1664569972999,40.9134268998728,-73.13252375774962,9.447280484643205,44.165109912864864
1664569974999,40.9134268998728,-73.13252375774962,9.644374128698958,44.165109912864864
1664569976999,40.9134268998728,-73.13252375774962,9.92984504701304,44.165109912864864
1664569978999,40.9134268998728,-73.13252375774962,10.098331075044745,44.165109912864864
1664569980999,40.9134268998728,-73.13252375774962,10.285372859884903,44.165109912864864
1664569982999,40.9134268998728,-73.13252375774962,10.449254413602372,44.165109912864864
1664569984999,40.9134268998728,-73.13252375774962,10.647113470073567,44.165109912864864
1664569986999,40.9134268998728,-73.13252375774962,10.827379967831291,44.165109912864864
1664569988999,40.9134268998728,-73.13252375774962,11.071995182407633,44.165109912864864
1664569990999,40.9134268998728,-73.13252375774962,11.248447528469617,44.165109912864864
1664569992999,40.9134268998728,-73.13252375774962,11.382546844413048,44.165109912864864
1664569994999,40.9134268998728,-73.13252375774962,11.57243859456391,44.165109912864864
1664569996999,40.9134268998728,-73.13252375774962,11.750713593710985,44.165109912864864
1664569998999,40.9134268998728,-73.13252375774962,9.691717260425534,44.165109912864864
1664570000999,40.9134268998728,-73.13252375774962,9.856938454620789,44.165109912864864
1664570002999,40.9134268998728,-73.13252375774962,10.04436066054043,44.165109912864864
1664570004999,40.9134268998728,-73.13252375774962,10.240376619101715,44.165109912864864
1664570006999,40.9134268998728,-73.13252375774962,10.516978253025236,44.165109912864864
1664570008999,40.9134268998728,-73.13252375774962,10.677456523007574,44.165109912864864
1664570010999,40.9134268998728,-73.13252375774962,10.850575287442583,44.165109912864864
1664570012999,40.9134268998728,-73.13252375774962,11.03021263095109,44.165109912864864
1664570014999,40.9134268998728,-73.13252375774962,11.194332079799448,44.165109912864864
1664570016999,40.9134268998728,-73.13252375774962,11.368906702223187,44.165109912864864
1664570018999,40.9134268998728,-73.13252375774962,11.514409819417601,44.165109912864864
1664570020999,40.9134268998728,-73.13252375774962,11.68597759638064,44.165109912864864
1664570022999,40.9134268998728,-73.13252375774962,11.854180078315679,44.165109912864864
1664570024999,40.9134268998728,-73.13252375774962,12.022482585555068,44.165109912864864
1664570026999,40.9134268998728,-73.13252375774962,12.22438454034232,44.165109912864864
1664570028999,40.9134268998728,-73.13252375774962,10.575323442738778,44.165109912864864
1664570030999,40.9134268998728,-73.13252375774962,10.720330459668132,44.165109912864864
1664570032999,40.9134268998728,-73.13252375774962,10.871736746198927,44.165109912864864
1664570034999,40.9134268998728,-73.13252375774962,11.013454011739677,44.165109912864864
1664570036999,40.9134268998728,-73.13252375774962,11.15061905988451,44.165109912864864
1664570038998,40.9134268998728,-73.13252375774962,11.233612136555504,44.165109912864864
1664570040998,40.9134268998728,-73.13252375774962,11.36374338343974,44.165109912864864
1664570042998,40.9134268998728,-73.13252375774962,11.49064731809721,44.165109912864864
1664570044998,40.9134268998728,-73.13252375774962,11.690440245774056,44.165109912864864
1664570046998,40.9134268998728,-73.13252375774962,11.765098343979528,44.165109912864864
1664570048998,40.9134268998728,-73.13252375774962,11.852595418702403,44.165109912864864
1664570050998,40.9134268998728,-73.13252375774962,11.931464287318226,44.165109912864864
1664570052998,40.9134268998728,-73.13252375774962,12.00446750363572,44.165109912864864
1664570054998,40.9134268998728,-73.13252375774962,12.088271213086701,44.165109912864864
1664570056998,40.9134268998728,-73.13252375774962,12.226978736996502,44.165109912864864
1664570058998,40.9134268998728,-73.13252375774962,12.233838869397442,44.165109912864864
1664570060998,40.9134268998728,-73.13252375774962,12.276825557702152,44.165109912864864
1664570062998,40.9134268998728,-73.13252375774962,12.35130665333624,44.165109912864864
1664570064998,40.9134268998728,-73.13252375774962,12.402175816810276,44.165109912864864
1664570066998,40.9134268998728,-73.13252375774962,12.417968489715648,44.165109912864864
1664570068998,40.9134268998728,-73.13252375774962,12.414732115401412,44.165109912864864
1664570070998,40.9134268998728,-73.13252375774962,12.560915277743266,44.165109912864864
1664570072999,40.9134268998728,-73.13252375774962,12.53019168702696,44.165109912864864
1664570074999,40.9134268998728,-73.13252375774962,12.47981870779385,44.165109912864864
1664570076999,40.9134268998728,-73.13252375774962,12.537841225289105,44.165109912864864
1664570078999,40.9134268998728,-73.13252375774962,12.562699661884963,44.165109912864864
1664570080999,40.9134268998728,-73.13252375774962,12.573059301152238,44.165109912864864
1664570082999,40.9134268998728,-73.13252375774962,12.675655587032544,44.165109912864864
1664570084999,40.9134268998728,-73.13252375774962,12.70120791931985,44.165109912864864
1664570086999,40.9134268998728,-73.13252375774962,12.717693133965504,44.165109912864864
1664570088999,40.9134268998728,-73.13252375774962,12.67126473133259,44.165109912864864
1664570090999,40.9134268998728,-73.13252375774962,11.688646568641534,44.165109912864864
1664570092999,40.9134268998728,-73.13252375774962,11.756804154663449,44.165109912864864
1664570094999,40.9134268998728,-73.13252375774962,11.81554712312655,44.165109912864864
1664570096999,40.9134268998728,-73.13252375774962,11.870482491392368,44.165109912864864
1664570098999,40.9134268998728,-73.13252375774962,11.90308068500609,44.165109912864864
1664570100999,40.9134268998728,-73.13252375774962,12.015158247213659,44.165109912864864
1664570102999,40.9134268998728,-73.13252375774962,12.153104056341142,44.165109912864864
1664570104999,40.9134268998728,-73.13252375774962,12.20844458124588,44.165109912864864
1664570106999,40.9134268998728,-73.13252375774962,12.26905816056419,44.165109912864864
1664570108999,40.9134268998728,-73.13252375774962,12.339496292008766,44.165109912864864
1664570110999,40.9134268998728,-73.13252375774962,12.446961659660838,44.165109912864864
1664570112999,40.9134268998728,-73.13252375774962,12.444979596704279,44.165109912864864
1664570114999,40.9134268998728,-73.13252375774962,12.524209480298353,44.165109912864864
1664570116999,40.9134268998728,-73.13252375774962,12.60392800449712,44.165109912864864
1664570118999,40.9134268998728,-73.13252375774962,12.769051242249413,44.165109912864864
1664570120999,40.9134268998728,-73.13252375774962,11.679893118736066,44.165109912864864
1664570122999,40.9134268998728,-73.13252375774962,11.711914428171822,44.165109912864864
1664570124999,40.9134268998728,-73.13252375774962,11.789770881160921,44.165109912864864
1664570126999,40.9134268998728,-73.13252375774962,11.872721176224099,44.165109912864864
1664570128999,40.9134268998728,-73.13252375774962,11.922998693248143,44.165109912864864
1664570130999,40.9134268998728,-73.13252375774962,12.034010594634823,44.165109912864864
1664570132999,40.9134268998728,-73.13252375774962,12.115535628116227,44.165109912864864
1664570134999,40.9134268998728,-73.13252375774962,12.259238586315712,44.165109912864864
1664570136999,40.9134268998728,-73.13252375774962,12.331115403051372,44.165109912864864
1664570138999,40.9134268998728,-73.13252375774962,12.349627362266487,44.165109912864864
1664570140999,40.9134268998728,-73.13252375774962,12.430077001473775,44.165109912864864
1664570142999,40.9134268998728,-73.13252375774962,12.472336959341668,44.165109912864864
1664570144999,40.9134268998728,-73.13252375774962,12.545785223186886,44.165109912864864
1664570146999,40.9134268998728,-73.13252375774962,12.692318497238682,44.165109912864864
1664570148999,40.9134268998728,-73.13252375774962,12.75265857199953,44.165109912864864
1664570150999,40.9134268998728,-73.13252375774962,12.759988267076533,44.165109912864864
1664570152999,40.9134268998728,-73.13252375774962,10.843322141364855,44.165109912864864
1664570154999,40.9134268998728,-73.13252375774962,10.942603839212692,44.165109912864864
1664570156999,40.9134268998728,-73.13252375774962,11.057115096865322,44.165109912864864
1664570158999,40.9134268998728,-73.13252375774962,11.178002992639081,44.165109912864864
1664570160999,40.9134268998728,-73.13252375774962,11.252616829665765,44.165109912864864
1664570162999,40.9134268998728,-73.13252375774962,11.354469168763913,44.165109912864864
1664570164999,40.9134268998728,-73.13252375774962,11.483466350535604,44.165109912864864
1664570166999,40.9134268998728,-73.13252375774962,11.611995753886626,44.165109912864864
1664570168999,40.9134268998728,-73.13252375774962,11.655731352639238,44.165109912864864
1664570170998,40.9134268998728,-73.13252375774962,11.73637849464352,44.165109912864864
1664570172998,40.9134268998728,-73.13252375774962,11.852594412924256,44.165109912864864
1664570174998,40.9134268998728,-73.13252375774962,11.896882444219099,44.165109912864864
1664570176998,40.9134268998728,-73.13252375774962,12.016283619023165,44.165109912864864
1664570178998,40.9134268998728,-73.13252375774962,12.119931795276933,44.165109912864864
1664570180998,40.9134268998728,-73.13252375774962,12.185708366270953,44.165109912864864
1664570182998,40.9134268998728,-73.13252375774962,12.330696563024782,44.165109912864864
1664570184998,40.9134268998728,-73.13252375774962,10.571243391634424,44.165109912864864
1664570186998,40.9134268998728,-73.13252375774962,10.744442426557754,44.165109912864864
1664570188998,40.9134268998728,-73.13252375774962,10.906697286655175,44.165109912864864
1664570190998,40.9134268998728,-73.13252375774962,11.061188588957402,44.165109912864864
1664570192998,40.9134268998728,-73.13252375774962,11.201016484961519,44.165109912864864
1664570194998,40.9134268998728,-73.13252375774962,11.280045164482528,44.165109912864864
1664570196998,40.9134268998728,-73.13252375774962,11.327071256846793,44.165109912864864
1664570199000,40.9134268998728,-73.13252375774962,11.415045007788649,44.165109912864864
1664570201000,40.9134268998728,-73.13252375774962,11.630784991802678,44.165109912864864
1664570203000,40.9134268998728,-73.13252375774962,11.74892872893229,44.165109912864864
1664570205000,40.9134268998728,-73.13252375774962,11.885244886302669,44.165109912864864
1664570207000,40.9134268998728,-73.13252375774962,11.968657538920331,44.165109912864864
1664570209000,40.9134268998728,-73.13252375774962,12.061890187909315,44.165109912864864
1664570211000,40.9134268998728,-73.13252375774962,12.182780628050823,44.165109912864864
1664570213000,40.9134268998728,-73.13252375774962,12.312000074734078,44.165109912864864
1664570215000,40.9134268998728,-73.13252375774962,12.407441334477648,44.165109912864864
1664570217000,40.9134268998728,-73.13252375774962,10.596181576024952,44.165109912864864
1664570218999,40.9134268998728,-73.13252375774962,10.756998460431209,44.165109912864864
1664570220999,40.9134268998728,-73.13252375774962,10.879027426378675,44.165109912864864
1664570222999,40.9134268998728,-73.13252375774962,10.995951104197532,44.165109912864864
1664570224999,40.9134268998728,-73.13252375774962,11.135788724147181,44.165109912864864
1664570226999,40.9134268998728,-73.13252375774962,11.262593278700493,44.165109912864864
1664570228999,40.9134268998728,-73.13252375774962,11.283864311756655,44.165109912864864
1664570230999,40.9134268998728,-73.13252375774962,11.297978264133656,44.165109912864864
1664570232999,40.9134268998728,-73.13252375774962,11.35646434060624,44.165109912864864
1664570234999,40.9134268998728,-73.13252375774962,11.428140713601744,44.165109912864864
1664570236999,40.9134268998728,-73.13252375774962,11.486275557845431,44.165109912864864
1664570238999,40.9134268998728,-73.13252375774962,11.64492305991834,44.165109912864864
1664570240999,40.9134268998728,-73.13252375774962,11.722013300695176,44.165109912864864
1664570242999,40.9134268998728,-73.13252375774962,11.799135661918713,44.165109912864864
1664570244999,40.9134268998728,-73.13252375774962,11.848490983641677,44.165109912864864
1664570246999,40.9134268998728,-73.13252375774962,11.950179927534023,44.165109912864864
1664570248999,40.9134268998728,-73.13252375774962,12.09753769185932,44.165109912864864
1664570250999,40.9134268998728,-73.13252375774962,12.165105038343599,44.165109912864864
1664570252999,40.9134268998728,-73.13252375774962,12.28432741645731,44.165109912864864
1664570254999,40.9134268998728,-73.13252375774962,12.408786854940649,44.165109912864864
1664570256999,40.9134268998728,-73.13252375774962,12.611069176330526,44.165109912864864
1664570258999,40.9134268998728,-73.13252375774962,12.736355746451485,44.165109912864864
1664570260999,40.9134268998728,-73.13252375774962,12.79837322723806,44.165109912864864
1664570262999,40.9134268998728,-73.13252375774962,12.886080105153953,44.165109912864864
1664570264999,40.9134268998728,-73.13252375774962,12.913079294420859,44.165109912864864
1664570266999,40.9134268998728,-73.13252375774962,12.936779969467251,44.165109912864864
1664570268999,40.9134268998728,-73.13252375774962,13.006197270079591,44.165109912864864
1664570270999,40.9134268998728,-73.13252375774962,13.167260995325336,44.165109912864864
1664570272999,40.9134268998728,-73.13252375774962,13.222788205605678,44.165109912864864
1664570274999,40.9134268998728,-73.13252375774962,13.323778813746705,44.165109912864864
1664570276999,40.9134268998728,-73.13252375774962,13.37250491020345,44.165109912864864
1664570278999,40.9134268998728,-73.13252375774962,13.456228038118297,44.165109912864864
1664570280999,40.9134268998728,-73.13252375774962,11.21027376667704,44.165109912864864
1664570282999,40.9134268998728,-73.13252375774962,11.35444177192863,44.165109912864864
1664570284999,40.9134268998728,-73.13252375774962,11.50421935219214,44.165109912864864
1664570286999,40.9134268998728,-73.13252375774962,11.717679444596492,44.165109912864864
1664570288999,40.9134268998728,-73.13252375774962,11.855199689119804,44.165109912864864
1664570290999,40.9134268998728,-73.13252375774962,11.94271214694291,44.165109912864864
1664570292998,40.9134268998728,-73.13252375774962,12.06042476648612,44.165109912864864
1664570294998,40.9134268998728,-73.13252375774962,12.200871172262586,44.165109912864864
1664570296998,40.9134268998728,-73.13252375774962,12.341354960163079,44.165109912864864
1664570298998,40.9134268998728,-73.13252375774962,12.496565940228185,44.165109912864864
1664570300998,40.9134268998728,-73.13252375774962,12.717934851296079,44.165109912864864
1664570302998,40.9134268998728,-73.13252375774962,12.813836703059183,44.165109912864864
1664570304998,40.9134268998728,-73.13252375774962,12.951859266514893,44.165109912864864
1664570306998,40.9134268998728,-73.13252375774962,13.061923877752992,44.165109912864864
1664570308998,40.9134268998728,-73.13252375774962,13.168160167620979,44.165109912864864
1664570310998,40.9134268998728,-73.13252375774962,13.29243360487914,44.165109912864864
1664570312998,40.9134268998728,-73.13252375774962,11.186163800765476,44.165109912864864
1664570314998,40.9134268998728,-73.13252375774962,11.359681491606517,44.165109912864864
1664570316998,40.9134268998728,-73.13252375774962,11.493887433765053,44.165109912864864
1664570318998,40.9134268998728,-73.13252375774962,11.65375719371924,44.165109912864864
1664570320998,40.9134268998728,-73.13252375774962,11.787947898086246,44.165109912864864
1664570322998,40.9134268998728,-73.13252375774962,11.89548010771384,44.165109912864864
1664570324999,40.9134268998728,-73.13252375774962,12.029381346359914,44.165109912864864
1664570326999,40.9134268998728,-73.13252375774962,12.175127601234687,44.165109912864864
1664570328999,40.9134268998728,-73.13252375774962,12.320839717600668,44.165109912864864
1664570330999,40.9134268998728,-73.13252375774962,12.461360632938279,44.165109912864864
1664570332999,40.9134268998728,-73.13252375774962,12.625200562062615,44.165109912864864
1664570334999,40.9134268998728,-73.13252375774962,12.848505766922521,44.165109912864864
1664570336999,40.9134268998728,-73.13252375774962,12.992785254708703,44.165109912864864
1664570338999,40.9134268998728,-73.13252375774962,13.079679045189172,44.165109912864864
1664570340999,40.9134268998728,-73.13252375774962,13.15492234825376,44.165109912864864
1664570343000,40.9134268998728,-73.13252375774962,13.293780199612073,44.165109912864864
1664570344999,40.9134268998728,-73.13252375774962,11.147051234165184,44.165109912864864
1664570346999,40.9134268998728,-73.13252375774962,11.227586354863154,44.165109912864864
1664570348999,40.9134268998728,-73.13252375774962,11.409613194438517,44.165109912864864
1664570350999,40.9134268998728,-73.13252375774962,11.460121203235767,44.165109912864864
1664570352999,40.9134268998728,-73.13252375774962,11.607385825709004,44.165109912864864
1664570354999,40.9134268998728,-73.13252375774962,11.73136095602592,44.165109912864864
1664570356999,40.9134268998728,-73.13252375774962,11.844199940167748,44.165109912864864
1664570358999,40.9134268998728,-73.13252375774962,12.049995547957339,44.165109912864864
1664570360999,40.9134268998728,-73.13252375774962,12.192640918038155,44.165109912864864
1664570362999,40.9134268998728,-73.13252375774962,12.324188988442454,44.165109912864864
1664570364999,40.9134268998728,-73.13252375774962,12.450701467894604,44.165109912864864
1664570366999,40.9134268998728,-73.13252375774962,12.485477289858798,44.165109912864864
1664570368999,40.9134268998728,-73.13252375774962,12.625793263320121,44.165109912864864
1664570370999,40.9134268998728,-73.13252375774962,12.696877238227165,44.165109912864864
1664570372999,40.9134268998728,-73.13252375774962,12.814323614941605,44.165109912864864
1664570374999,40.9134268998728,-73.13252375774962,12.840045006475489,44.165109912864864
1664570376999,40.9134268998728,-73.13252375774962,10.882564699931631,44.165109912864864
1664570378999,40.9134268998728,-73.13252375774962,11.098388494138984,44.165109912864864
1664570380999,40.9134268998728,-73.13252375774962,11.229894486979232,44.165109912864864
1664570382999,40.9134268998728,-73.13252375774962,11.395968514781815,44.165109912864864
1664570384999,40.9134268998728,-73.13252375774962,11.501972747733442,44.165109912864864
1664570386999,40.9134268998728,-73.13252375774962,11.652270913203068,44.165109912864864
1664570388999,40.9134268998728,-73.13252375774962,11.796525261020927,44.165109912864864
1664570390999,40.9134268998728,-73.13252375774962,11.917696036373796,44.165109912864864
1664570392999,40.9134268998728,-73.13252375774962,12.09234898234603,44.165109912864864
1664570394999,40.9134268998728,-73.13252375774962,12.321226448448902,44.165109912864864
1664570396999,40.9134268998728,-73.13252375774962,12.404874567992051,44.165109912864864
1664570398999,40.9134268998728,-73.13252375774962,12.532118941524674,44.165109912864864
1664570400999,40.9134268998728,-73.13252375774962,12.613479351338972,44.165109912864864
1664570402999,40.9134268998728,-73.13252375774962,12.747538304394052,44.165109912864864
1664570404999,40.9134268998728,-73.13252375774962,12.756202040096381,44.165109912864864
1664570406999,40.9134268998728,-73.13252375774962,12.785627743692366,44.165109912864864
1664570408999,40.9134268998728,-73.13252375774962,10.909640319440557,44.165109912864864
1664570410999,40.9134268998728,-73.13252375774962,11.09879782581408,44.165109912864864
1664570412999,40.9134268998728,-73.13252375774962,11.249850185320355,44.165109912864864
1664570414999,40.9134268998728,-73.13252375774962,11.369607331326847,44.165109912864864
1664570416999,40.9134268998728,-73.13252375774962,11.516201339661288,44.165109912864864
1664570418998,40.9134268998728,-73.13252375774962,11.630271726500135,44.165109912864864
1664570420998,40.9134268998728,-73.13252375774962,11.681406674280074,44.165109912864864
1664570422998,40.9134268998728,-73.13252375774962,11.802070787532829,44.165109912864864
1664570424998,40.9134268998728,-73.13252375774962,11.913526581011883,44.165109912864864
1664570426998,40.9134268998728,-73.13252375774962,12.002897341169767,44.165109912864864
1664570428998,40.9134268998728,-73.13252375774962,12.177290493398035,44.165109912864864
1664570430998,40.9134268998728,-73.13252375774962,12.236738877602564,44.165109912864864
1664570432998,40.9134268998728,-73.13252375774962,12.297769977731107,44.165109912864864
1664570434998,40.9134268998728,-73.13252375774962,12.345027923479847,44.165109912864864
1664570436998,40.9134268998728,-73.13252375774962,12.33169178086813,44.165109912864864
1664570438998,40.9134268998728,-73.13252375774962,12.352728689926614,44.165109912864864
1664570440998,40.9134268998728,-73.13252375774962,12.446590529683572,44.165109912864864
1664570442998,40.9134268998728,-73.13252375774962,12.540674833491423,44.165109912864864
1664570444998,40.9134268998728,-73.13252375774962,12.520033972471564,44.165109912864864
1664570446998,40.9134268998728,-73.13252375774962,12.57461626839309,44.165109912864864
1664570448998,40.9134268998728,-73.13252375774962,12.498121742760855,44.165109912864864
1664570450999,40.9134268998728,-73.13252375774962,12.63128849420906,44.165109912864864
1664570452999,40.9134268998728,-73.13252375774962,12.748333846726135,44.165109912864864
1664570454999,40.9134268998728,-73.13252375774962,12.875706877350556,44.165109912864864
1664570456999,40.9134268998728,-73.13252375774962,13.027850330094273,44.165109912864864
1664570458999,40.9134268998728,-73.13252375774962,13.248687068521471,44.165109912864864
1664570460999,40.9134268998728,-73.13252375774962,13.358960129184435,44.165109912864864
1664570462999,40.9134268998728,-73.13252375774962,13.483158969971017,44.165109912864864
1664570464999,40.9134268998728,-73.13252375774962,13.608303743363212,44.165109912864864
1664570466999,40.9134268998728,-73.13252375774962,13.722283188922342,44.165109912864864
1664570468999,40.9134268998728,-73.13252375774962,13.848537087054671,44.165109912864864
1664570470999,40.9134268998728,-73.13252375774962,13.9057987504771,44.165109912864864
1664570472999,40.9134268998728,-73.13252375774962,11.536657019840117,44.165109912864864
1664570474999,40.9134268998728,-73.13252375774962,11.710406057840327,44.165109912864864
1664570476999,40.9134268998728,-73.13252375774962,11.889978828402276,44.165109912864864
1664570478999,40.9134268998728,-73.13252375774962,12.037780244909204,44.165109912864864
1664570480999,40.9134268998728,-73.13252375774962,12.18401164838182,44.165109912864864
1664570482999,40.9134268998728,-73.13252375774962,12.292470272458775,44.165109912864864
1664570484999,40.9134268998728,-73.13252375774962,12.527303704073777,44.165109912864864
1664570486999,40.9134268998728,-73.13252375774962,12.675125664264844,44.165109912864864
1664570488999,40.9134268998728,-73.13252375774962,12.835718154001569,44.165109912864864
1664570490999,40.9134268998728,-73.13252375774962,12.98897710168983,44.165109912864864
1664570492999,40.9134268998728,-73.13252375774962,12.97307256880257,44.165109912864864
1664570494999,40.9134268998728,-73.13252375774962,13.082841447302036,44.165109912864864
1664570496999,40.9134268998728,-73.13252375774962,13.187499085117764,44.165109912864864
1664570498999,40.9134268998728,-73.13252375774962,13.248001730247418,44.165109912864864
1664570500999,40.9134268998728,-73.13252375774962,13.383734021226394,44.165109912864864
1664570502999,40.9134268998728,-73.13252375774962,13.477371003851728,44.165109912864864
1664570504999,40.9134268998728,-73.13252375774962,11.256611510246946,44.165109912864864
1664570506999,40.9134268998728,-73.13252375774962,11.423996142323572,44.165109912864864
1664570508999,40.9134268998728,-73.13252375774962,11.59204107129671,44.165109912864864
1664570510999,40.9134268998728,-73.13252375774962,11.640623026764818,44.165109912864864
1664570512999,40.9134268998728,-73.13252375774962,11.752802299595034,44.165109912864864
1664570514999,40.9134268998728,-73.13252375774962,11.89330465430299,44.165109912864864
1664570516999,40.9134268998728,-73.13252375774962,12.032481158981735,44.165109912864864
1664570518999,40.9134268998728,-73.13252375774962,12.180109345459895,44.165109912864864
1664570520999,40.9134268998728,-73.13252375774962,12.306637282754838,44.165109912864864
1664570522999,40.9134268998728,-73.13252375774962,12.425103983591937,44.165109912864864
1664570524999,40.9134268998728,-73.13252375774962,12.533665570933445,44.165109912864864
1664570526999,40.9134268998728,-73.13252375774962,12.458359629899117,44.165109912864864
1664570528999,40.9134268998728,-73.13252375774962,12.534328839090264,44.165109912864864
1664570530999,40.9134268998728,-73.13252375774962,12.685490011480917,44.165109912864864
1664570532999,40.9134268998728,-73.13252375774962,12.833905684378122,44.165109912864864
1664570534999,40.9134268998728,-73.13252375774962,22.42936260607275,44.165109912864864
1664570536999,40.9134268998728,-73.13252375774962,10.971052133573885,44.165109912864864
1664570538999,40.9134268998728,-73.13252375774962,11.084999876142216,44.165109912864864
1664570540999,40.9134268998728,-73.13252375774962,11.262512392177593,44.165109912864864
1664570542999,40.9134268998728,-73.13252375774962,11.37814538336084,44.165109912864864
1664570544999,40.9134268998728,-73.13252375774962,11.517350049644675,44.165109912864864
1664570546999,40.9134268998728,-73.13252375774962,11.659331292501113,44.165109912864864
1664570548998,40.9134268998728,-73.13252375774962,11.787351336961253,44.165109912864864
1664570550998,40.9134268998728,-73.13252375774962,11.87642519885306,44.165109912864864
1664570552998,40.9134268998728,-73.13252375774962,12.080414350483395,44.165109912864864
1664570554998,40.9134268998728,-73.13252375774962,12.221142652700891,44.165109912864864
1664570556998,40.9134268998728,-73.13252375774962,12.324441084994511,44.165109912864864
1664570558998,40.9134268998728,-73.13252375774962,12.42237384393876,44.165109912864864
1664570560998,40.9134268998728,-73.13252375774962,12.559902536320717,44.165109912864864
1664570562998,40.9134268998728,-73.13252375774962,12.709504488633485,44.165109912864864
1664570564998,40.9134268998728,-73.13252375774962,12.866185268914418,44.165109912864864
1664570566998,40.9134268998728,-73.13252375774962,13.021088900982619,44.165109912864864
1664570568998,40.9134268998728,-73.13252375774962,10.986301342783436,44.165109912864864
1664570570998,40.9134268998728,-73.13252375774962,11.15609401194754,44.165109912864864
1664570572998,40.9134268998728,-73.13252375774962,11.405348947505448,44.165109912864864
1664570574998,40.9134268998728,-73.13252375774962,11.581043909344723,44.165109912864864
1664570577000,40.9134268998728,-73.13252375774962,34.29529899235596,44.165109912864864
1664570578999,40.9134268998728,-73.13252375774962,11.926525158295808,44.165109912864864
1664570580999,40.9134268998728,-73.13252375774962,12.079035757596767,44.165109912864864
1664570582999,40.9134268998728,-73.13252375774962,12.250103909002792,44.165109912864864
1664570584999,40.9134268998728,-73.13252375774962,12.406476383974658,44.165109912864864
1664570586999,40.9134268998728,-73.13252375774962,12.583155448841032,44.165109912864864
1664570588999,40.9134268998728,-73.13252375774962,12.725937801206342,44.165109912864864
1664570590999,40.9134268998728,-73.13252375774962,12.890969136139626,44.165109912864864
1664570592999,40.9134268998728,-73.13252375774962,13.04163035623667,44.165109912864864
1664570594999,40.9134268998728,-73.13252375774962,13.197410277309313,44.165109912864864
1664570596999,40.9134268998728,-73.13252375774962,47.34196020059965,44.165109912864864
1664570598999,40.9134268998728,-73.13252375774962,46.19702164295973,44.165109912864864
1664570600999,40.9134268998728,-73.13252375774962,61.96111099704286,44.165109912864864
1664570602999,40.9134268998728,-73.13252375774962,71.5903901428032,44.165109912864864
1664570604999,40.9134268998728,-73.13252375774962,14.009580273048059,44.165109912864864
1664570606999,40.9134268998728,-73.13252375774962,14.152778596661461,44.165109912864864
1664570608999,40.9134268998728,-73.13252375774962,14.295250221703418,44.165109912864864
1664570610999,40.9134268998728,-73.13252375774962,153.0244614639447,44.165109912864864
1664570612999,40.9134268998728,-73.13252375774962,14.577066922025676,44.165109912864864
1664570614999,40.9134268998728,-73.13252375774962,14.791083735731036,44.165109912864864
1664570616999,40.9134268998728,-73.13252375774962,14.84328587440728,44.165109912864864
1664570618999,40.9134268998728,-73.13252375774962,178.81936604558538,44.165109912864864
1664570620999,40.9134268998728,-73.13252375774962,175.0999214583898,44.165109912864864
1664570622999,40.9134268998728,-73.13252375774962,15.261501034593067,44.165109912864864
1664570624999,40.9134268998728,-73.13252375774962,15.344930169752878,44.165109912864864
1664570626999,40.9134268998728,-73.13252375774962,15.500524674007364,44.165109912864864
1664570628999,40.9134268998728,-73.13252375774962,15.629368732984698,44.165109912864864
1664570630999,40.9134268998728,-73.13252375774962,15.817633831555188,44.165109912864864
1664570632999,40.9134268998728,-73.13252375774962,15.956461340514046,44.165109912864864
1664570634999,40.9134268998728,-73.13252375774962,16.06574519720769,44.165109912864864
1664570636999,40.9134268998728,-73.13252375774962,12.615405798505954,44.165109912864864
1664570638999,40.9134268998728,-73.13252375774962,12.817169518482928,44.165109912864864
1664570640999,40.9134268998728,-73.13252375774962,12.971671558125834,44.165109912864864
1664570642999,40.9134268998728,-73.13252375774962,13.094596029242586,44.165109912864864
1664570644999,40.9134268998728,-73.13252375774962,13.25274420659033,44.165109912864864
1664570646999,40.9134268998728,-73.13252375774962,13.39847262797004,44.165109912864864
1664570648999,40.9134268998728,-73.13252375774962,13.547345081870445,44.165109912864864
1664570650999,40.9134268998728,-73.13252375774962,76.11357310226494,44.165109912864864
1664570652999,40.9134268998728,-73.13252375774962,67.20980107965818,44.165109912864864
1664570654999,40.9134268998728,-73.13252375774962,14.064343943538946,44.165109912864864
1664570656999,40.9134268998728,-73.13252375774962,14.20689744269848,44.165109912864864
1664570658999,40.9134268998728,-73.13252375774962,14.278034315588165,44.165109912864864
1664570660999,40.9134268998728,-73.13252375774962,14.464023496521895,44.165109912864864
1664570662999,40.9134268998728,-73.13252375774962,14.581221003450018,44.165109912864864
1664570664999,40.9134268998728,-73.13252375774962,14.786759775393772,44.165109912864864
1664570666999,40.9134268998728,-73.13252375774962,14.875671648473805,44.165109912864864
1664570668999,40.9134268998728,-73.13252375774962,12.061899264865934,44.165109912864864
1664570670999,40.9134268998728,-73.13252375774962,12.149950382727997,44.165109912864864
1664570672998,40.9134268998728,-73.13252375774962,12.254192267201056,44.165109912864864
1664570674998,40.9134268998728,-73.13252375774962,12.434189319429064,44.165109912864864
1664570676998,40.9134268998728,-73.13252375774962,12.59377902428548,44.165109912864864
1664570678998,40.9134268998728,-73.13252375774962,12.707356223666498,44.165109912864864
1664570680998,40.9134268998728,-73.13252375774962,12.856848654090715,44.165109912864864
1664570682998,40.9134268998728,-73.13252375774962,12.991711602304285,44.165109912864864
1664570684998,40.9134268998728,-73.13252375774962,13.153489188646594,44.165109912864864
1664570686998,40.9134268998728,-73.13252375774962,13.391022346515864,44.165109912864864
1664570688998,40.9134268998728,-73.13252375774962,13.536802552461026,44.165109912864864
1664570690998,40.9134268998728,-73.13252375774962,13.664010323957667,44.165109912864864
1664570692998,40.9134268998728,-73.13252375774962,13.81061980495822,44.165109912864864
1664570694998,40.9134268998728,-73.13252375774962,13.929387505379855,44.165109912864864
1664570696998,40.9134268998728,-73.13252375774962,14.072499790135923,44.165109912864864
1664570698998,40.9134268998728,-73.13252375774962,11.584174151847256,44.165109912864864
1664570700998,40.9134268998728,-73.13252375774962,11.723006263510309,44.165109912864864
1664570702999,40.9134268998728,-73.13252375774962,11.878270451849273,44.165109912864864
1664570705000,40.9134268998728,-73.13252375774962,12.064166364790628,44.165109912864864
1664570707000,40.9134268998728,-73.13252375774962,12.21637270690776,44.165109912864864
1664570709000,40.9134268998728,-73.13252375774962,12.380345453665722,44.165109912864864
1664570711000,40.9134268998728,-73.13252375774962,12.48902384963485,44.165109912864864
1664570713000,40.9134268998728,-73.13252375774962,12.615192398518257,44.165109912864864
1664570715000,40.9134268998728,-73.13252375774962,12.733304171597451,44.165109912864864
1664570717000,40.9134268998728,-73.13252375774962,12.852432271181709,44.165109912864864
1664570718999,40.9134268998728,-73.13252375774962,12.962243572093387,44.165109912864864
1664570720999,40.9134268998728,-73.13252375774962,13.089069920421107,44.165109912864864
1664570722999,40.9134268998728,-73.13252375774962,13.260271487200441,44.165109912864864
1664570724999,40.9134268998728,-73.13252375774962,13.396253250819402,44.165109912864864
1664570726999,40.9134268998728,-73.13252375774962,13.553811940347412,44.165109912864864
1664570728999,40.9134268998728,-73.13252375774962,13.694456976783991,44.165109912864864
1664570730999,40.9134268998728,-73.13252375774962,13.833745245981723,44.165109912864864
1664570732999,40.9134268998728,-73.13252375774962,11.592846668495417,44.165109912864864
1664570734999,40.9134268998728,-73.13252375774962,11.764710886950056,44.165109912864864
1664570736999,40.9134268998728,-73.13252375774962,11.948522769725246,44.165109912864864
1664570738999,40.9134268998728,-73.13252375774962,12.107204732855974,44.165109912864864
1664570740999,40.9134268998728,-73.13252375774962,12.273977860772854,44.165109912864864
1664570742999,40.9134268998728,-73.13252375774962,12.434063195470705,44.165109912864864
1664570744999,40.9134268998728,-73.13252375774962,12.58887566212966,44.165109912864864
1664570746999,40.9134268998728,-73.13252375774962,12.844487549100512,44.165109912864864
1664570748999,40.9134268998728,-73.13252375774962,13.003704249405505,44.165109912864864
1664570750999,40.9134268998728,-73.13252375774962,13.138859993869852,44.165109912864864
1664570752999,40.9134268998728,-73.13252375774962,13.296412314863572,44.165109912864864
1664570754999,40.9134268998728,-73.13252375774962,13.455308926982774,44.165109912864864
1664570756999,40.9134268998728,-73.13252375774962,13.60814222329171,44.165109912864864
1664570758999,40.9134268998728,-73.13252375774962,13.749904373974235,44.165109912864864
1664570760999,40.9134268998728,-73.13252375774962,13.880972299259225,44.165109912864864
1664570762999,40.9134268998728,-73.13252375774962,14.104969393538548,44.165109912864864
1664570764999,40.9134268998728,-73.13252375774962,11.70388583238474,44.165109912864864
1664570766999,40.9134268998728,-73.13252375774962,11.865190861703873,44.165109912864864
1664570768999,40.9134268998728,-73.13252375774962,12.04061070871614,44.165109912864864
1664570770999,40.9134268998728,-73.13252375774962,12.188383474421094,44.165109912864864
1664570772999,40.9134268998728,-73.13252375774962,12.370199215169086,44.165109912864864
1664570774999,40.9134268998728,-73.13252375774962,12.512692839825263,44.165109912864864
1664570776999,40.9134268998728,-73.13252375774962,12.680818582779455,44.165109912864864
1664570778999,40.9134268998728,-73.13252375774962,12.829739475646946,44.165109912864864
1664570780999,40.9134268998728,-73.13252375774962,13.018173130546023,44.165109912864864
1664570782999,40.9134268998728,-73.13252375774962,13.183830225494827,44.165109912864864
1664570784999,40.9134268998728,-73.13252375774962,13.328587612328679,44.165109912864864
1664570786999,40.9134268998728,-73.13252375774962,13.46495894025068,44.165109912864864
1664570788999,40.9134268998728,-73.13252375774962,13.612534128314483,44.165109912864864
1664570790999,40.9134268998728,-73.13252375774962,13.768250934167035,44.165109912864864
1664570792999,40.9134268998728,-73.13252375774962,13.90092735785403,44.165109912864864
1664570794999,40.9134268998728,-73.13252375774962,14.047545191764554,44.165109912864864
1664570796999,40.9134268998728,-73.13252375774962,11.662850662341716,44.165109912864864
1664570798998,40.9134268998728,-73.13252375774962,11.871591787428875,44.165109912864864
1664570800998,40.9134268998728,-73.13252375774962,12.041677051095181,44.165109912864864
1664570801998,40.91342421555168,-73.13251898527295,12.147764904390232,44.23215826135129
1664570802998,40.91342421483455,-73.13251898160556,12.480050802040264,44.431437010876834
1664570803998,40.9134355187715,-73.13252255744185,11.21830851144722,44.42162645049393
1664570804998,40.91346714404048,-73.13252975959833,9.018328648177043,44.3637994620949
1664570805998,40.91347012382474,-73.13254636658608,10.576146219469571,44.18857023771852
1664570806998,40.91347480833155,-73.13255262502084,13.192307052918764,44.122068867087364
1664570808998,40.91347480833155,-73.13255262502084,18.525013025604387,44.122068867087364
1664570810998,40.91347480833155,-73.13255262502084,11.727156165574913,44.122068867087364
1664570812998,40.91347480833155,-73.13255262502084,10.972625348990451,44.122068867087364
1664570814998,40.91347480833155,-73.13255262502084,10.855148773924991,44.122068867087364
1664570816998,40.91347480833155,-73.13255262502084,10.94338708777603,44.122068867087364
1664570817998,40.913469707005284,-73.13255213539952,11.208950388548393,44.15761879179627
1664570818998,40.91346924072464,-73.13255456517109,11.616720853631698,44.306250624358654
1664570819998,40.913470160034535,-73.13255470309424,12.602182693924917,44.24924825783819
1664570820998,40.913464639050574,-73.13254391550912,14.050364564343036,44.44923307467252
1664570821998,40.91346938613334,-73.13253912210843,16.1465379310687,44.504686806350946
1664570822998,40.913468641054315,-73.1325373621817,16.831357753269504,44.24514581542462
1664570823998,40.91347080327826,-73.13254081047067,17.349669329672647,44.173065809533
1664570824998,40.91346892591878,-73.13253631984948,17.099779238358206,44.575932308100164
1664570825998,40.9134525325728,-73.13255538394858,14.390717045180942,44.125882611609995
1664570826998,40.91345520454622,-73.13255732897899,11.898336419976296,44.27695421036333
1664570827998,40.91347871769642,-73.13252313200404,9.771756480776176,44.05769175570458
1664570828999,40.91348141046452,-73.13252141340382,10.853492871511886,44.0563099430874
1664570829999,40.91344914813864,-73.13255664535684,11.143338950838448,44.17120572552085
1664570830999,40.91347088567307,-73.1325424750818,8.228211217855693,44.193871857598424
1664570831999,40.91348530360357,-73.1325278074169,8.307677456491353,44.158849948085845
1664570832999,40.91348020858512,-73.1325282097835,6.81697968324842,44.2665972718969
1664570833999,40.913472882629094,-73.13256076204625,6.842051761047842,44.22882526740432
1664570834999,40.913472420199454,-73.13256318624376,6.388105853487055,44.37686285935342
1664570835999,40.91347377233699,-73.13256395819329,7.555946874512662,44.314724799245596
1664570836999,40.91346203392591,-73.13258470620164,8.61033000235383,44.27921093814075
1664570837999,40.91346940778764,-73.13256768511266,9.755177889738318,44.24438353534788
1664570838999,40.91347629539861,-73.13255243207779,10.02373050183052,44.16814645845443
1664570839999,40.91347960462598,-73.13255043133103,10.641682857755868,44.17846251744777
1664570840999,40.91348804671884,-73.1325330331338,10.153886463578996,44.08726323861629
1664570841999,40.91346880195699,-73.13254044541095,10.128280076705765,44.098893652670085
1664570842999,40.91345889882746,-73.13254278977101,9.4684302266683,43.98410379048437
1664570843999,40.91344464861932,-73.13255447463364,8.755238143525387,43.9822752578184
1664570844999,40.913447004259424,-73.13254126008381,9.278222066335648,43.99786613509059
1664570845999,40.913452187651465,-73.13254138928058,9.963048999311505,44.03673368692398
1664570846999,40.913448496386124,-73.13254502560349,8.957654375157459,44.04802630376071
1664570847999,40.913452356979306,-73.1325274259253,8.935581670435162,44.12777805700898
1664570848999,40.9134568285022,-73.13253319896158,9.895910677348947,44.32093642745167
1664570849999,40.913463373944005,-73.13253232970442,10.757042484680348,44.321439158171415
1664570850999,40.91346472363571,-73.13251165371676,10.093003650324254,44.259105456992984
1664570851999,40.91345805345528,-73.13252949427142,7.941629188655408,44.25683599244803
1664570852999,40.913437399399626,-73.13255809215737,6.874819172640391,44.19628830626607
1664570853999,40.913441441229345,-73.13254747751279,6.8830452714292685,44.17167999595404
1664570854999,40.91344341321253,-73.13254598018419,8.076959027335496,44.06303142104298
1664570855999,40.91342940236222,-73.13256053639589,9.740839900425444,44.13378181029111
1664570856999,40.913441886446336,-73.13256762549624,12.070429922956126,44.04205984342843
1664570857999,40.91346019032486,-73.1325656630532,14.281081378449327,44.13602164760232
1664570858999,40.91346222277408,-73.13256932141232,18.085589246718886,44.08403525687754
1664570859999,40.91344651874266,-73.13255420543246,19.89454028323269,44.00926835741848
1664570860999,40.91344549069087,-73.13252772229933,19.453469741551032,43.897516591474414
1664570861999,40.913446117305575,-73.13253576876953,14.169956065438564,44.012005569413304
1664570862999,40.9134242285253,-73.13252717829552,16.045616068369117,43.73883398901671
1664570863999,40.91346984729504,-73.13250403544404,12.060313279540239,44.164026871323586
1664570864999,40.913481908199856,-73.13249585865096,10.184238698165462,44.37491491809487
1664570865999,40.91349142729745,-73.13247645506375,12.424515757383011,45.01169425714761
1664570866999,40.9134928343699,-73.13250090609277,11.993160615526174,44.68903999403119
1664570867999,40.91344802309275,-73.13259632021509,8.124503147014607,44.72485357429832
1664570869999,40.91344802309275,-73.13259632021509,7.2933019913919335,44.72485357429832
1664570871999,40.91344802309275,-73.13259632021509,6.468216225149416,44.72485357429832
1664570873999,40.91344802309275,-73.13259632021509,5.980053697518211,44.72485357429832
1664570875999,40.91344802309275,-73.13259632021509,5.672136081493831,44.72485357429832
1664570877999,40.91344802309275,-73.13259632021509,5.64454256826231,44.72485357429832
1664570879999,40.91344802309275,-73.13259632021509,5.554641784574811,44.72485357429832
1664570881999,40.91344802309275,-73.13259632021509,5.592949081514865,44.72485357429832
1664570883999,40.91344802309275,-73.13259632021509,5.326973689375767,44.72485357429832
1664570885999,40.91344802309275,-73.13259632021509,5.327301270257148,44.72485357429832
1664570887999,40.91344802309275,-73.13259632021509,5.409681683767365,44.72485357429832
1664570889999,40.91344802309275,-73.13259632021509,5.304624169985269,44.72485357429832
1664570891999,40.91344802309275,-73.13259632021509,5.136911009827405,44.72485357429832
1664570893999,40.91344802309275,-73.13259632021509,5.0944151163404054,44.72485357429832
1664570895999,40.91344802309275,-73.13259632021509,5.07480598183522,44.72485357429832
1664570897999,40.91344802309275,-73.13259632021509,5.071164625846653,44.72485357429832
1664570899999,40.91344802309275,-73.13259632021509,5.066913226841054,44.72485357429832
1664570901999,40.91344802309275,-73.13259632021509,5.164444605140539,44.72485357429832
1664570903999,40.91344802309275,-73.13259632021509,5.272674117452253,44.72485357429832
1664570905999,40.91344802309275,-73.13259632021509,5.312028460795309,44.72485357429832
1664570907999,40.91344802309275,-73.13259632021509,5.240467008605091,44.72485357429832
1664570909999,40.91344802309275,-73.13259632021509,5.292672908223581,44.72485357429832
1664570911999,40.91344802309275,-73.13259632021509,5.201110448770097,44.72485357429832
1664570913999,40.91344802309275,-73.13259632021509,5.0648547137716715,44.72485357429832
1664570915999,40.91344802309275,-73.13259632021509,5.055922236196537,44.72485357429832
1664570917999,40.91344802309275,-73.13259632021509,5.065369630403854,44.72485357429832
1664570919999,40.91344802309275,-73.13259632021509,5.110065894495769,44.72485357429832
1664570921998,40.91344802309275,-73.13259632021509,5.2404315561086765,44.72485357429832
1664570923998,40.91344802309275,-73.13259632021509,5.138146371439108,44.72485357429832
1664570925998,40.91344802309275,-73.13259632021509,5.097272391484785,44.72485357429832
1664570927998,40.91344802309275,-73.13259632021509,5.067617627386195,44.72485357429832
1664570929998,40.91344802309275,-73.13259632021509,5.05574570902062,44.72485357429832
1664570931998,40.91344802309275,-73.13259632021509,5.051585321859328,44.72485357429832
1664570933998,40.91344802309275,-73.13259632021509,5.077160048622131,44.72485357429832
1664570935998,40.91344802309275,-73.13259632021509,5.0869629906949125,44.72485357429832
1664570937998,40.91344802309275,-73.13259632021509,5.097038748951602,44.72485357429832
1664570939998,40.91344802309275,-73.13259632021509,5.098509691331571,44.72485357429832
1664570941998,40.91344802309275,-73.13259632021509,5.0971291596995885,44.72485357429832
1664570943998,40.91344802309275,-73.13259632021509,5.118041574605561,44.72485357429832
1664570945998,40.91344802309275,-73.13259632021509,5.174502614909517,44.72485357429832
1664570947998,40.91344802309275,-73.13259632021509,5.1741817973858355,44.72485357429832
1664570949998,40.91344802309275,-73.13259632021509,5.3813928049012,44.72485357429832
1664570951998,40.91344802309275,-73.13259632021509,5.527885858933012,44.72485357429832
1664570953998,40.91344802309275,-73.13259632021509,5.561665445111017,44.72485357429832
1664570954999,40.91344802309275,-73.13259632021509,5.639182895004016,44.72485357429832
1664570956999,40.91344802309275,-73.13259632021509,5.380883862549287,44.72485357429832
1664570958999,40.91344802309275,-73.13259632021509,5.14887593528677,44.72485357429832
1664570960999,40.91344802309275,-73.13259632021509,5.14104598802391,44.72485357429832
1664570962999,40.91344802309275,-73.13259632021509,5.172218405698319,44.72485357429832
1664570964999,40.91344802309275,-73.13259632021509,5.307859162037067,44.72485357429832
1664570966999,40.91344802309275,-73.13259632021509,5.208470524799433,44.72485357429832
1664570968999,40.91344802309275,-73.13259632021509,5.250202234103326,44.72485357429832
1664570970999,40.91344802309275,-73.13259632021509,5.251200200332008,44.72485357429832
1664570972999,40.91344802309275,-73.13259632021509,5.239493275651958,44.72485357429832
1664570974999,40.91344802309275,-73.13259632021509,5.219963953129433,44.72485357429832
1664570976999,40.91344802309275,-73.13259632021509,5.224268197662351,44.72485357429832
1664570978999,40.91344802309275,-73.13259632021509,5.276019667144706,44.72485357429832
1664570980999,40.91344802309275,-73.13259632021509,5.737306134797687,44.72485357429832
1664570982999,40.91344802309275,-73.13259632021509,5.861099491315027,44.72485357429832
1664570984999,40.91344802309275,-73.13259632021509,5.548214036431384,44.72485357429832
1664570986999,40.91344802309275,-73.13259632021509,5.522767827577474,44.72485357429832
1664570988999,40.91344802309275,-73.13259632021509,5.255239873042095,44.72485357429832
1664570990999,40.91344802309275,-73.13259632021509,5.213705949349745,44.72485357429832
1664570992999,40.91344802309275,-73.13259632021509,5.237981433927317,44.72485357429832
1664570994999,40.91344802309275,-73.13259632021509,5.234401320144645,44.72485357429832
1664570996999,40.91344802309275,-73.13259632021509,5.235524552157637,44.72485357429832
1664570998999,40.91344802309275,-73.13259632021509,5.209768899128495,44.72485357429832
1664571000999,40.91344802309275,-73.13259632021509,5.216152543081446,44.72485357429832
1664571002999,40.91344802309275,-73.13259632021509,5.226049242932456,44.72485357429832
1664571004999,40.91344802309275,-73.13259632021509,5.209763792306383,44.72485357429832
1664571006999,40.91344802309275,-73.13259632021509,5.202485186797279,44.72485357429832
1664571008999,40.91344802309275,-73.13259632021509,5.195944773673193,44.72485357429832
1664571010999,40.91344802309275,-73.13259632021509,5.174328762956536,44.72485357429832
1664571012999,40.91344802309275,-73.13259632021509,5.187760776818441,44.72485357429832
1664571014999,40.91344802309275,-73.13259632021509,5.158589466601388,44.72485357429832
1664571016999,40.91344802309275,-73.13259632021509,5.194323399179422,44.72485357429832
1664571018999,40.91344802309275,-73.13259632021509,5.181897537293747,44.72485357429832
1664571020999,40.91344802309275,-73.13259632021509,5.16406536517895,44.72485357429832
1664571022999,40.91344802309275,-73.13259632021509,5.153406984445567,44.72485357429832
1664571024999,40.91344802309275,-73.13259632021509,5.174859041564867,44.72485357429832
1664571026999,40.91344802309275,-73.13259632021509,5.162501406562143,44.72485357429832
1664571028999,40.91344802309275,-73.13259632021509,5.1466452450539535,44.72485357429832
1664571030999,40.91344802309275,-73.13259632021509,5.142335621548521,44.72485357429832
1664571032999,40.91344802309275,-73.13259632021509,5.151096335697302,44.72485357429832
1664571034999,40.91344802309275,-73.13259632021509,5.157331805088174,44.72485357429832
1664571036999,40.91344802309275,-73.13259632021509,5.150248680616053,44.72485357429832
1664571038999,40.91344802309275,-73.13259632021509,5.154932439116203,44.72485357429832
1664571040998,40.91344802309275,-73.13259632021509,5.126389582818561,44.72485357429832
1664571042998,40.91344802309275,-73.13259632021509,5.127938157281129,44.72485357429832
1664571044998,40.91344802309275,-73.13259632021509,5.09330025873776,44.72485357429832
1664571046998,40.91344802309275,-73.13259632021509,5.076339963220998,44.72485357429832
1664571048998,40.91344802309275,-73.13259632021509,5.068164466988579,44.72485357429832
1664571050998,40.91344802309275,-73.13259632021509,5.077469485323048,44.72485357429832
1664571052998,40.91344802309275,-73.13259632021509,5.081158246647735,44.72485357429832
1664571054998,40.91344802309275,-73.13259632021509,5.069146769578219,44.72485357429832
1664571056998,40.91344802309275,-73.13259632021509,5.062438273982595,44.72485357429832
1664571058998,40.91344802309275,-73.13259632021509,5.051005874063474,44.72485357429832
1664571060998,40.91344802309275,-73.13259632021509,5.043039632228064,44.72485357429832
1664571062998,40.91344802309275,-73.13259632021509,5.062706684790454,44.72485357429832
1664571064998,40.91344802309275,-73.13259632021509,5.069457980931835,44.72485357429832
1664571066998,40.91344802309275,-73.13259632021509,5.023943429939582,44.72485357429832
1664571068998,40.91344802309275,-73.13259632021509,5.0224277843875,44.72485357429832
1664571070998,40.91344802309275,-73.13259632021509,5.0516885083075245,44.72485357429832
1664571072998,40.91344802309275,-73.13259632021509,5.094153379421159,44.72485357429832
1664571074998,40.91344802309275,-73.13259632021509,5.05978168858563,44.72485357429832
1664571076998,40.91344802309275,-73.13259632021509,5.057018472094279,44.72485357429832
1664571078998,40.91344802309275,-73.13259632021509,5.04137619549766,44.72485357429832
1664571080999,40.91344802309275,-73.13259632021509,5.034684465386534,44.72485357429832
1664571082999,40.91344802309275,-73.13259632021509,5.025721675789791,44.72485357429832
1664571084999,40.91344802309275,-73.13259632021509,5.023111387945309,44.72485357429832
1664571086999,40.91344802309275,-73.13259632021509,5.02854182824985,44.72485357429832
1664571088999,40.91344802309275,-73.13259632021509,5.0325319942510625,44.72485357429832
1664571090999,40.91344802309275,-73.13259632021509,5.030459514358292,44.72485357429832
1664571092999,40.91344802309275,-73.13259632021509,5.0759619318697276,44.72485357429832
1664571094999,40.91344802309275,-73.13259632021509,5.057780208559761,44.72485357429832
1664571096999,40.91344802309275,-73.13259632021509,5.063155135815007,44.72485357429832
1664571098999,40.91344802309275,-73.13259632021509,5.033068637736563,44.72485357429832
1664571100999,40.91344802309275,-73.13259632021509,5.008721568518504,44.72485357429832
1664571102999,40.91344802309275,-73.13259632021509,5.050014012830494,44.72485357429832
1664571104999,40.91344802309275,-73.13259632021509,5.095948508560263,44.72485357429832
1664571106999,40.91344802309275,-73.13259632021509,5.099143076361558,44.72485357429832
1664571108999,40.91344802309275,-73.13259632021509,5.059710224425273,44.72485357429832
1664571110999,40.91344802309275,-73.13259632021509,5.042529667633913,44.72485357429832
1664571112999,40.91344802309275,-73.13259632021509,5.029784167560367,44.72485357429832
1664571114999,40.91344802309275,-73.13259632021509,5.063352295273483,44.72485357429832
1664571116999,40.91344802309275,-73.13259632021509,5.0403252661956905,44.72485357429832
1664571118999,40.91344802309275,-73.13259632021509,5.058641358673756,44.72485357429832
1664571120999,40.91344802309275,-73.13259632021509,5.054638741161033,44.72485357429832
1664571122999,40.91344802309275,-73.13259632021509,5.086208385047543,44.72485357429832
1664571124999,40.91344802309275,-73.13259632021509,5.092186935431549,44.72485357429832
1664571126999,40.91344802309275,-73.13259632021509,5.040800210161886,44.72485357429832
1664571128999,40.91344802309275,-73.13259632021509,5.026898243270583,44.72485357429832
1664571130999,40.91344802309275,-73.13259632021509,5.016285675917502,44.72485357429832
1664571132999,40.91344802309275,-73.13259632021509,5.027705886042568,44.72485357429832
1664571134999,40.91344802309275,-73.13259632021509,5.029445445927794,44.72485357429832
1664571136999,40.91344802309275,-73.13259632021509,5.083924084787841,44.72485357429832
1664571138999,40.91344802309275,-73.13259632021509,5.026481917334974,44.72485357429832
1664571140999,40.91344802309275,-73.13259632021509,5.017193419931657,44.72485357429832
1664571142999,40.91344802309275,-73.13259632021509,5.012851773230764,44.72485357429832
1664571144999,40.91344802309275,-73.13259632021509,5.061152446817002,44.72485357429832
1664571146999,40.91344802309275,-73.13259632021509,5.057421966070962,44.72485357429832
1664571148999,40.91344802309275,-73.13259632021509,5.080230764403026,44.72485357429832
1664571150999,40.91344802309275,-73.13259632021509,5.044538576314649,44.72485357429832
1664571152999,40.91344802309275,-73.13259632021509,5.018617950154149,44.72485357429832
1664571154999,40.91344802309275,-73.13259632021509,5.0292939057438755,44.72485357429832
1664571156999,40.91344802309275,-73.13259632021509,5.067216102830648,44.72485357429832
1664571158999,40.91344802309275,-73.13259632021509,5.052752543931943,44.72485357429832
1664571160999,40.91344802309275,-73.13259632021509,5.018196938212726,44.72485357429832
1664571162999,40.91344802309275,-73.13259632021509,5.0394170592383745,44.72485357429832
1664571164999,40.91344802309275,-73.13259632021509,5.100222431376069,44.72485357429832
1664571166999,40.91344802309275,-73.13259632021509,5.034725142359814,44.72485357429832
1664571168999,40.91344802309275,-73.13259632021509,5.012561460105524,44.72485357429832
1664571170999,40.91344802309275,-73.13259632021509,4.986710644410437,44.72485357429832
1664571172999,40.91344802309275,-73.13259632021509,4.983507087049974,44.72485357429832
1664571174999,40.91344802309275,-73.13259632021509,4.973058256190534,44.72485357429832
1664571176999,40.91344802309275,-73.13259632021509,4.97590105291485,44.72485357429832
1664571178999,40.91344802309275,-73.13259632021509,4.990572284103333,44.72485357429832
1664571180998,40.91344802309275,-73.13259632021509,5.077142474387924,44.72485357429832
1664571182998,40.91344802309275,-73.13259632021509,4.996244792926102,44.72485357429832
1664571184998,40.91344802309275,-73.13259632021509,5.018089340845885,44.72485357429832
1664571186998,40.91344802309275,-73.13259632021509,4.989545045904471,44.72485357429832
1664571188998,40.91344802309275,-73.13259632021509,5.005276467341809,44.72485357429832
1664571190998,40.91344802309275,-73.13259632021509,5.003760646840443,44.72485357429832
1664571192998,40.91344802309275,-73.13259632021509,5.020462255451364,44.72485357429832
1664571194998,40.91344802309275,-73.13259632021509,5.0416058579465455,44.72485357429832
1664571196998,40.91344802309275,-73.13259632021509,5.100423324615077,44.72485357429832
1664571198998,40.91344802309275,-73.13259632021509,5.012076809339418,44.72485357429832
1664571200998,40.91344802309275,-73.13259632021509,5.014489957016463,44.72485357429832
1664571202998,40.91344802309275,-73.13259632021509,5.037549259358313,44.72485357429832
1664571204998,40.91344802309275,-73.13259632021509,5.0507341871014955,44.72485357429832
1664571206999,40.91344802309275,-73.13259632021509,4.997399617053038,44.72485357429832
1664571208999,40.91344802309275,-73.13259632021509,4.985187454657958,44.72485357429832
1664571210999,40.91344802309275,-73.13259632021509,4.9676757114602035,44.72485357429832
1664571212999,40.91344802309275,-73.13259632021509,4.9675587266020695,44.72485357429832
1664571214999,40.91344802309275,-73.13259632021509,4.976025429226351,44.72485357429832
1664571216999,40.91344802309275,-73.13259632021509,4.992321340684681,44.72485357429832
1664571218999,40.91344802309275,-73.13259632021509,5.021624551708198,44.72485357429832
1664571220999,40.91344802309275,-73.13259632021509,4.995006522535788,44.72485357429832
1664571222999,40.91344802309275,-73.13259632021509,5.010036649364638,44.72485357429832
1664571224999,40.91344802309275,-73.13259632021509,4.989995450847229,44.72485357429832
1664571226999,40.91344802309275,-73.13259632021509,5.032388409127329,44.72485357429832
1664571228999,40.91344802309275,-73.13259632021509,5.0333217780046775,44.72485357429832
1664571230999,40.91344802309275,-73.13259632021509,4.986287386742532,44.72485357429832
1664571232999,40.91344802309275,-73.13259632021509,4.984682186394574,44.72485357429832
1664571234999,40.91344802309275,-73.13259632021509,4.98825345081424,44.72485357429832
1664571236999,40.91344802309275,-73.13259632021509,5.00476820916496,44.72485357429832
1664571238999,40.91344802309275,-73.13259632021509,4.994496866666444,44.72485357429832
1664571240999,40.91344802309275,-73.13259632021509,4.971634986299549,44.72485357429832
1664571242999,40.91344802309275,-73.13259632021509,4.960224752273591,44.72485357429832
1664571244999,40.91344802309275,-73.13259632021509,4.9539876109381495,44.72485357429832
1664571246999,40.91344802309275,-73.13259632021509,4.968337931416729,44.72485357429832
1664571248999,40.91344802309275,-73.13259632021509,4.961061294877384,44.72485357429832
1664571250999,40.91344802309275,-73.13259632021509,4.95768412659579,44.72485357429832
1664571252999,40.91344802309275,-73.13259632021509,4.97741299636869,44.72485357429832
1664571254999,40.91344802309275,-73.13259632021509,4.950876520209535,44.72485357429832
1664571256999,40.91344802309275,-73.13259632021509,5.0109581460093775,44.72485357429832
1664571258999,40.91344802309275,-73.13259632021509,4.974158521551198,44.72485357429832
1664571260999,40.91344802309275,-73.13259632021509,4.934752631404058,44.72485357429832
1664571262999,40.91344802309275,-73.13259632021509,4.921943943422874,44.72485357429832
1664571264999,40.91344802309275,-73.13259632021509,4.9139237053690685,44.72485357429832
1664571266999,40.91344802309275,-73.13259632021509,4.906600534706645,44.72485357429832
1664571268999,40.91344802309275,-73.13259632021509,4.903572388902395,44.72485357429832
1664571270999,40.91344802309275,-73.13259632021509,4.908081039389438,44.72485357429832
1664571272999,40.91344802309275,-73.13259632021509,4.906919528464342,44.72485357429832
1664571274999,40.91344802309275,-73.13259632021509,4.904379700850458,44.72485357429832
1664571276999,40.91344802309275,-73.13259632021509,4.910439783108135,44.72485357429832
1664571278999,40.91344802309275,-73.13259632021509,4.903649839721549,44.72485357429832
1664571280999,40.91344802309275,-73.13259632021509,4.9036753313657995,44.72485357429832
1664571282999,40.91344802309275,-73.13259632021509,4.899139091498067,44.72485357429832
1664571284999,40.91344802309275,-73.13259632021509,4.894573553720688,44.72485357429832
1664571286999,40.91344802309275,-73.13259632021509,4.897227376805186,44.72485357429832
1664571288999,40.91344802309275,-73.13259632021509,4.903183276200116,44.72485357429832
1664571290999,40.91344802309275,-73.13259632021509,4.894515902939172,44.72485357429832
1664571292999,40.91344802309275,-73.13259632021509,4.8944884353660125,44.72485357429832
1664571294999,40.91344802309275,-73.13259632021509,4.9020808424679005,44.72485357429832
1664571296999,40.91344802309275,-73.13259632021509,4.897087236003168,44.72485357429832
1664571298999,40.91344802309275,-73.13259632021509,4.890637478329577,44.72485357429832
1664571300999,40.91344802309275,-73.13259632021509,4.889163033043511,44.72485357429832
1664571302999,40.91344802309275,-73.13259632021509,4.88892969812912,44.72485357429832
1664571304999,40.91344802309275,-73.13259632021509,4.887924631891901,44.72485357429832
1664571306999,40.91344802309275,-73.13259632021509,4.908863212194947,44.72485357429832
1664571308998,40.91344802309275,-73.13259632021509,4.898435151417953,44.72485357429832
1664571310998,40.91344802309275,-73.13259632021509,4.895191675635531,44.72485357429832
1664571312998,40.91344802309275,-73.13259632021509,4.895124828305554,44.72485357429832
1664571314998,40.91344802309275,-73.13259632021509,4.891631211304847,44.72485357429832
1664571316998,40.91344802309275,-73.13259632021509,4.887861679662302,44.72485357429832
1664571318998,40.91344802309275,-73.13259632021509,4.898697914361792,44.72485357429832
1664571320998,40.91344802309275,-73.13259632021509,4.913007093575773,44.72485357429832
1664571322998,40.91344802309275,-73.13259632021509,4.905928870390124,44.72485357429832
1664571324998,40.91344802309275,-73.13259632021509,4.906555208213104,44.72485357429832
1664571326998,40.91344802309275,-73.13259632021509,4.905608381832067,44.72485357429832
1664571328998,40.91344802309275,-73.13259632021509,4.900584593581155,44.72485357429832
1664571330998,40.91344802309275,-73.13259632021509,4.923377236457962,44.72485357429832
1664571333000,40.91344802309275,-73.13259632021509,4.909523152513746,44.72485357429832
1664571335000,40.91344802309275,-73.13259632021509,4.902619507637054,44.72485357429832
1664571337000,40.91344802309275,-73.13259632021509,4.909377323392943,44.72485357429832
1664571339000,40.91344802309275,-73.13259632021509,4.907867912400162,44.72485357429832
1664571341000,40.91344802309275,-73.13259632021509,4.895665429218726,44.72485357429832
1664571343000,40.91344802309275,-73.13259632021509,4.895179724146344,44.72485357429832
1664571345000,40.91344802309275,-73.13259632021509,4.8943990437603135,44.72485357429832
1664571347000,40.91344802309275,-73.13259632021509,4.8913497892771245,44.72485357429832
1664571349000,40.91344802309275,-73.13259632021509,4.929188426420543,44.72485357429832
1664571351000,40.91344802309275,-73.13259632021509,4.907596392943743,44.72485357429832
1664571353000,40.91344802309275,-73.13259632021509,4.897710205197913,44.72485357429832
1664571354999,40.91344802309275,-73.13259632021509,4.892326978269002,44.72485357429832
1664571356999,40.91344802309275,-73.13259632021509,4.891570226175514,44.72485357429832
1664571358999,40.91344802309275,-73.13259632021509,4.88636872549885,44.72485357429832
1664571360999,40.91344802309275,-73.13259632021509,4.895060467384,44.72485357429832
1664571362999,40.91344802309275,-73.13259632021509,4.885139978506221,44.72485357429832
1664571364999,40.91344802309275,-73.13259632021509,4.89561117743043,44.72485357429832
1664571366999,40.91344802309275,-73.13259632021509,4.8985272519813545,44.72485357429832
1664571368999,40.91344802309275,-73.13259632021509,4.944940868510097,44.72485357429832
1664571370999,40.91344802309275,-73.13259632021509,4.989222318881777,44.72485357429832
1664571372999,40.91344802309275,-73.13259632021509,5.081501072779735,44.72485357429832
1664571374999,40.91344802309275,-73.13259632021509,5.092155139068816,44.72485357429832
1664571376999,40.91344802309275,-73.13259632021509,5.093722459730907,44.72485357429832
1664571378999,40.91344802309275,-73.13259632021509,5.09611034403853,44.72485357429832
1664571380999,40.91344802309275,-73.13259632021509,5.082595277090567,44.72485357429832
1664571382999,40.91344802309275,-73.13259632021509,5.096174827426694,44.72485357429832
1664571384999,40.91344802309275,-73.13259632021509,5.116722009225302,44.72485357429832
1664571386999,40.91344802309275,-73.13259632021509,5.089085083058468,44.72485357429832
1664571388999,40.91344802309275,-73.13259632021509,5.066798263809533,44.72485357429832
1664571390999,40.91344802309275,-73.13259632021509,5.04743425762611,44.72485357429832
1664571392999,40.91344802309275,-73.13259632021509,5.067616298513092,44.72485357429832
1664571394999,40.91344802309275,-73.13259632021509,5.090480275841514,44.72485357429832
1664571396999,40.91344802309275,-73.13259632021509,5.03977974587728,44.72485357429832
1664571398999,40.91344802309275,-73.13259632021509,5.051474009120957,44.72485357429832
1664571400999,40.91344802309275,-73.13259632021509,5.023034602724077,44.72485357429832
1664571402999,40.91344802309275,-73.13259632021509,4.99739299666054,44.72485357429832
1664571404999,40.91344802309275,-73.13259632021509,5.024497871432958,44.72485357429832
1664571406999,40.91344802309275,-73.13259632021509,5.019466498889213,44.72485357429832
1664571408999,40.91344802309275,-73.13259632021509,5.029150155543651,44.72485357429832
1664571410999,40.91344802309275,-73.13259632021509,5.111081869927848,44.72485357429832
1664571412999,40.91344802309275,-73.13259632021509,5.072949116640504,44.72485357429832
1664571414999,40.91344802309275,-73.13259632021509,5.108209589179295,44.72485357429832
1664571416999,40.91344802309275,-73.13259632021509,5.109306930131223,44.72485357429832
1664571418999,40.91344802309275,-73.13259632021509,5.101316738703583,44.72485357429832
1664571420999,40.91344802309275,-73.13259632021509,5.075180648683943,44.72485357429832
1664571422999,40.91344802309275,-73.13259632021509,5.0563031809515815,44.72485357429832
1664571424999,40.91344802309275,-73.13259632021509,5.042277724187086,44.72485357429832
1664571426999,40.91344802309275,-73.13259632021509,5.0381910902192475,44.72485357429832
1664571428999,40.91344802309275,-73.13259632021509,5.053170982611166,44.72485357429832
1664571430999,40.91344802309275,-73.13259632021509,5.065037417306799,44.72485357429832
1664571432999,40.91344802309275,-73.13259632021509,5.067430934436377,44.72485357429832
1664571434999,40.91344802309275,-73.13259632021509,5.060948459778416,44.72485357429832
1664571436999,40.91344802309275,-73.13259632021509,5.056719965073371,44.72485357429832
1664571438999,40.91344802309275,-73.13259632021509,5.049134427059936,44.72485357429832
1664571440999,40.91344802309275,-73.13259632021509,5.095061119495137,44.72485357429832
1664571442999,40.91344802309275,-73.13259632021509,5.100633875072856,44.72485357429832
1664571444998,40.91344802309275,-73.13259632021509,5.107677241566952,44.72485357429832
1664571446998,40.91344802309275,-73.13259632021509,5.089468240864427,44.72485357429832
1664571448998,40.91344802309275,-73.13259632021509,5.0828843538697335,44.72485357429832
1664571450998,40.91344802309275,-73.13259632021509,5.092001949688993,44.72485357429832
1664571452998,40.91344802309275,-73.13259632021509,5.117945745547864,44.72485357429832
1664571454998,40.91344802309275,-73.13259632021509,5.071594551065329,44.72485357429832
1664571456998,40.91344802309275,-73.13259632021509,5.0690156376066895,44.72485357429832
1664571459000,40.91344802309275,-73.13259632021509,5.067801572528239,44.72485357429832
1664571461000,40.91344802309275,-73.13259632021509,5.077494346121614,44.72485357429832
1664571463000,40.91344802309275,-73.13259632021509,5.071831285431621,44.72485357429832
1664571465000,40.91344802309275,-73.13259632021509,5.060395501542894,44.72485357429832
1664571467000,40.91344802309275,-73.13259632021509,5.065437379848033,44.72485357429832
1664571469000,40.91344802309275,-73.13259632021509,5.064690198760623,44.72485357429832
1664571471000,40.91344802309275,-73.13259632021509,5.072923826912818,44.72485357429832
1664571473000,40.91344802309275,-73.13259632021509,5.096016310687388,44.72485357429832
1664571475000,40.91344802309275,-73.13259632021509,5.104455073123222,44.72485357429832
1664571477000,40.91344802309275,-73.13259632021509,5.076238043308198,44.72485357429832
1664571479000,40.91344802309275,-73.13259632021509,5.0833704984906625,44.72485357429832
1664571481000,40.91344802309275,-73.13259632021509,5.065023034721524,44.72485357429832
1664571482999,40.91344802309275,-73.13259632021509,5.064697823805157,44.72485357429832
1664571484999,40.91344802309275,-73.13259632021509,5.060399460081682,44.72485357429832
1664571486999,40.91344802309275,-73.13259632021509,5.048178393597593,44.72485357429832
1664571488999,40.91344802309275,-73.13259632021509,5.071222219305826,44.72485357429832
1664571490999,40.91344802309275,-73.13259632021509,5.041311199073298,44.72485357429832
1664571492999,40.91344802309275,-73.13259632021509,5.022435608572377,44.72485357429832
1664571494999,40.91344802309275,-73.13259632021509,5.056518366924221,44.72485357429832
1664571496999,40.91344802309275,-73.13259632021509,5.1358234991842355,44.72485357429832
1664571498999,40.91344802309275,-73.13259632021509,5.133101915191776,44.72485357429832
1664571500999,40.91344802309275,-73.13259632021509,5.13010172788634,44.72485357429832
1664571502999,40.91344802309275,-73.13259632021509,5.189447520379185,44.72485357429832
1664571504999,40.91344802309275,-73.13259632021509,5.175616421486559,44.72485357429832
1664571506999,40.91344802309275,-73.13259632021509,5.149920486541998,44.72485357429832
1664571508999,40.91344802309275,-73.13259632021509,5.1774376924313446,44.72485357429832
1664571510999,40.91344802309275,-73.13259632021509,5.168723932877926,44.72485357429832
1664571512999,40.91344802309275,-73.13259632021509,5.130519144196984,44.72485357429832
1664571514999,40.91344802309275,-73.13259632021509,5.0997849210982285,44.72485357429832
1664571516999,40.91344802309275,-73.13259632021509,5.082812951104289,44.72485357429832
1664571518999,40.91344802309275,-73.13259632021509,5.1019853824176336,44.72485357429832
1664571520999,40.91344802309275,-73.13259632021509,5.066874945895053,44.72485357429832
1664571522999,40.91344802309275,-73.13259632021509,5.0465975352541355,44.72485357429832
1664571524999,40.91344802309275,-73.13259632021509,5.033466533648416,44.72485357429832
1664571526999,40.91344802309275,-73.13259632021509,5.066615086661532,44.72485357429832
1664571528999,40.91344802309275,-73.13259632021509,5.0518477875269046,44.72485357429832
1664571530999,40.91344802309275,-73.13259632021509,5.060241119339318,44.72485357429832
1664571532999,40.91344802309275,-73.13259632021509,5.07945015285737,44.72485357429832
1664571534999,40.91344802309275,-73.13259632021509,5.0953804905483615,44.72485357429832
1664571536999,40.91344802309275,-73.13259632021509,5.094881251520138,44.72485357429832
1664571538999,40.91344802309275,-73.13259632021509,5.066386076853221,44.72485357429832
1664571540999,40.91344802309275,-73.13259632021509,5.039760201394327,44.72485357429832
1664571542999,40.91344802309275,-73.13259632021509,5.0346731460372265,44.72485357429832
1664571544999,40.91344802309275,-73.13259632021509,5.043673422545093,44.72485357429832
1664571546999,40.91344802309275,-73.13259632021509,5.0523924683735695,44.72485357429832
1664571548999,40.91344802309275,-73.13259632021509,5.0777695356451344,44.72485357429832
1664571550999,40.91344802309275,-73.13259632021509,5.062358089837635,44.72485357429832
1664571552999,40.91344802309275,-73.13259632021509,5.066617015074913,44.72485357429832
1664571554999,40.91344802309275,-73.13259632021509,5.095350089139372,44.72485357429832
1664571556999,40.91344802309275,-73.13259632021509,5.096100912597527,44.72485357429832
1664571558999,40.91344802309275,-73.13259632021509,5.087864048969061,44.72485357429832
1664571560999,40.91344802309275,-73.13259632021509,5.05357803585358,44.72485357429832
1664571562999,40.91344802309275,-73.13259632021509,5.099244921893386,44.72485357429832
1664571564999,40.91344802309275,-73.13259632021509,5.124589052954862,44.72485357429832
1664571566999,40.91344802309275,-73.13259632021509,5.11735967690105,44.72485357429832
1664571568999,40.91344802309275,-73.13259632021509,5.118700545747187,44.72485357429832
1664571570998,40.91344802309275,-73.13259632021509,5.124388678835482,44.72485357429832
1664571572998,40.91344802309275,-73.13259632021509,5.1097912870613635,44.72485357429832
1664571574998,40.91344802309275,-73.13259632021509,5.108078387230165,44.72485357429832
1664571576998,40.91344802309275,-73.13259632021509,5.078246614289781,44.72485357429832
1664571578998,40.91344802309275,-73.13259632021509,5.135581830491508,44.72485357429832
1664571580998,40.91344802309275,-73.13259632021509,5.116201929622938,44.72485357429832
1664571582998,40.91344802309275,-73.13259632021509,5.116433622324671,44.72485357429832
1664571585000,40.91344802309275,-73.13259632021509,5.118820603158858,44.72485357429832
1664571587000,40.91344802309275,-73.13259632021509,5.093701982597783,44.72485357429832
1664571589000,40.91344802309275,-73.13259632021509,5.118407877474769,44.72485357429832
1664571591000,40.91344802309275,-73.13259632021509,5.099737816481527,44.72485357429832
1664571593000,40.91344802309275,-73.13259632021509,5.078786818072896,44.72485357429832
1664571595000,40.91344802309275,-73.13259632021509,5.0821190124752595,44.72485357429832
1664571597000,40.91344802309275,-73.13259632021509,5.070730680391519,44.72485357429832
1664571599000,40.91344802309275,-73.13259632021509,5.14065234042882,44.72485357429832
1664571601000,40.91344802309275,-73.13259632021509,5.147364052921229,44.72485357429832
1664571603000,40.91344802309275,-73.13259632021509,5.149856853769713,44.72485357429832
1664571605000,40.91344802309275,-73.13259632021509,5.121418580258336,44.72485357429832
1664571607000,40.91344802309275,-73.13259632021509,5.102525173363127,44.72485357429832
1664571608999,40.91344802309275,-73.13259632021509,5.101544352903322,44.72485357429832
1664571610999,40.91344802309275,-73.13259632021509,5.093127026933218,44.72485357429832
1664571612999,40.91344802309275,-73.13259632021509,5.083843369581679,44.72485357429832
1664571614999,40.91344802309275,-73.13259632021509,5.080229799193939,44.72485357429832
1664571616999,40.91344802309275,-73.13259632021509,5.092055666481059,44.72485357429832
1664571618999,40.91344802309275,-73.13259632021509,5.101185086728185,44.72485357429832
1664571620999,40.91344802309275,-73.13259632021509,5.17991866422957,44.72485357429832
1664571622999,40.91344802309275,-73.13259632021509,5.154334276502239,44.72485357429832
1664571624999,40.91344802309275,-73.13259632021509,5.15497986259077,44.72485357429832
1664571626999,40.91344802309275,-73.13259632021509,5.142954341278376,44.72485357429832
1664571628999,40.91344802309275,-73.13259632021509,5.121594473741771,44.72485357429832
1664571630999,40.91344802309275,-73.13259632021509,5.1298339495502905,44.72485357429832
1664571632999,40.91344802309275,-73.13259632021509,5.12161023091521,44.72485357429832
1664571634999,40.91344802309275,-73.13259632021509,5.114877071954717,44.72485357429832
1664571636999,40.91344802309275,-73.13259632021509,5.136388048685211,44.72485357429832
1664571638999,40.91344802309275,-73.13259632021509,5.106570030665502,44.72485357429832
1664571640999,40.91344802309275,-73.13259632021509,5.0868777964521,44.72485357429832
1664571642999,40.91344802309275,-73.13259632021509,5.087001399237532,44.72485357429832
1664571644999,40.91344802309275,-73.13259632021509,5.074460206860238,44.72485357429832
1664571646999,40.91344802309275,-73.13259632021509,5.075826855769745,44.72485357429832
1664571648999,40.91344802309275,-73.13259632021509,5.085713423907857,44.72485357429832
1664571650999,40.91344802309275,-73.13259632021509,5.094279091703981,44.72485357429832
1664571652999,40.91344802309275,-73.13259632021509,5.125316737188839,44.72485357429832
1664571654999,40.91344802309275,-73.13259632021509,5.124445702049028,44.72485357429832
1664571656999,40.91344802309275,-73.13259632021509,5.130007384575154,44.72485357429832
1664571658999,40.91344802309275,-73.13259632021509,5.131767512580748,44.72485357429832
1664571660999,40.91344802309275,-73.13259632021509,5.130293136180383,44.72485357429832
1664571662999,40.91344802309275,-73.13259632021509,5.116471494688583,44.72485357429832
1664571664999,40.91344802309275,-73.13259632021509,5.118209487378139,44.72485357429832
1664571666999,40.91344802309275,-73.13259632021509,5.121704980402387,44.72485357429832
1664571668999,40.91344802309275,-73.13259632021509,5.133530142969432,44.72485357429832
1664571670999,40.91344802309275,-73.13259632021509,5.175154390949901,44.72485357429832
1664571672999,40.91344802309275,-73.13259632021509,5.173873991773008,44.72485357429832
1664571674999,40.91344802309275,-73.13259632021509,5.125085836254948,44.72485357429832
1664571676999,40.91344802309275,-73.13259632021509,5.1168358876437745,44.72485357429832
1664571678999,40.91344802309275,-73.13259632021509,5.115207103394167,44.72485357429832
1664571680999,40.91344802309275,-73.13259632021509,5.135556283715304,44.72485357429832
1664571682999,40.91344802309275,-73.13259632021509,5.125932093413827,44.72485357429832
1664571684999,40.91344802309275,-73.13259632021509,5.12147545628823,44.72485357429832
1664571686999,40.91344802309275,-73.13259632021509,5.145543536324001,44.72485357429832
1664571688999,40.91344802309275,-73.13259632021509,5.133587027654359,44.72485357429832
1664571690999,40.91344802309275,-73.13259632021509,5.12435533320487,44.72485357429832
1664571692999,40.91344802309275,-73.13259632021509,5.102181435597131,44.72485357429832
1664571694998,40.91344802309275,-73.13259632021509,5.091556169709874,44.72485357429832
1664571696998,40.91344802309275,-73.13259632021509,5.061536095225813,44.72485357429832
1664571698998,40.91344802309275,-73.13259632021509,5.042166962618538,44.72485357429832
1664571700998,40.91344802309275,-73.13259632021509,5.037006818427547,44.72485357429832
1664571702998,40.91344802309275,-73.13259632021509,5.058728856973226,44.72485357429832
1664571704998,40.91344802309275,-73.13259632021509,5.103200789938295,44.72485357429832
1664571706998,40.91344802309275,-73.13259632021509,5.102355228689186,44.72485357429832
1664571708998,40.91344802309275,-73.13259632021509,5.078198165903475,44.72485357429832
1664571711000,40.91344802309275,-73.13259632021509,5.058148336324466,44.72485357429832
1664571713000,40.91344802309275,-73.13259632021509,5.06862508626451,44.72485357429832
1664571715000,40.91344802309275,-73.13259632021509,5.126423709623056,44.72485357429832
1664571716999,40.91344802309275,-73.13259632021509,5.150824106295819,44.72485357429832
1664571718999,40.91344802309275,-73.13259632021509,5.115725032808713,44.72485357429832
1664571720999,40.91344802309275,-73.13259632021509,5.081344600542807,44.72485357429832
1664571722999,40.91344802309275,-73.13259632021509,5.063162542185173,44.72485357429832
1664571724999,40.91344802309275,-73.13259632021509,5.031360408181824,44.72485357429832
1664571726999,40.91344802309275,-73.13259632021509,5.044303853330305,44.72485357429832
1664571728999,40.91344802309275,-73.13259632021509,5.090478889996603,44.72485357429832
1664571730999,40.91344802309275,-73.13259632021509,5.140629073572811,44.72485357429832
1664571732999,40.91344802309275,-73.13259632021509,5.142246108344063,44.72485357429832
1664571734999,40.91344802309275,-73.13259632021509,5.106870747686704,44.72485357429832
1664571736999,40.91344802309275,-73.13259632021509,5.096957865816391,44.72485357429832
1664571738999,40.91344802309275,-73.13259632021509,5.06777985412089,44.72485357429832
1664571740999,40.91344802309275,-73.13259632021509,5.073489276112347,44.72485357429832
1664571742999,40.91344802309275,-73.13259632021509,5.111383678822112,44.72485357429832
1664571744999,40.91344802309275,-73.13259632021509,5.121709895002302,44.72485357429832
1664571746999,40.91344802309275,-73.13259632021509,5.154554163159318,44.72485357429832
1664571748999,40.91344802309275,-73.13259632021509,5.118613472446979,44.72485357429832
1664571750999,40.91344802309275,-73.13259632021509,5.0513693042363315,44.72485357429832
1664571752999,40.91344802309275,-73.13259632021509,5.041050354874426,44.72485357429832
1664571754999,40.91344802309275,-73.13259632021509,5.0265187666639815,44.72485357429832
1664571756999,40.91344802309275,-73.13259632021509,5.022891969751382,44.72485357429832
1664571758999,40.91344802309275,-73.13259632021509,5.009104157248526,44.72485357429832
1664571760999,40.91344802309275,-73.13259632021509,5.0288374161490355,44.72485357429832
1664571762999,40.91344802309275,-73.13259632021509,5.045416687820268,44.72485357429832
1664571764999,40.91344802309275,-73.13259632021509,5.056536915296153,44.72485357429832
1664571766999,40.91344802309275,-73.13259632021509,5.032396312852932,44.72485357429832
1664571768999,40.91344802309275,-73.13259632021509,5.048791314419168,44.72485357429832
1664571770999,40.91344802309275,-73.13259632021509,5.023808056919068,44.72485357429832
1664571772999,40.91344802309275,-73.13259632021509,5.0224290337662785,44.72485357429832
1664571774999,40.91344802309275,-73.13259632021509,5.011603596722324,44.72485357429832
1664571776999,40.91344802309275,-73.13259632021509,5.037047973769192,44.72485357429832
1664571778999,40.91344802309275,-73.13259632021509,5.046054169358339,44.72485357429832
1664571780999,40.91344802309275,-73.13259632021509,5.0863576793391205,44.72485357429832
1664571782999,40.91344802309275,-73.13259632021509,5.092573248061765,44.72485357429832
1664571784999,40.91344802309275,-73.13259632021509,5.068574368538565,44.72485357429832
1664571786999,40.91344802309275,-73.13259632021509,5.034443231030566,44.72485357429832
1664571788999,40.91344802309275,-73.13259632021509,5.0577056259277695,44.72485357429832
1664571790999,40.91344802309275,-73.13259632021509,5.046670866374978,44.72485357429832
1664571792999,40.91344802309275,-73.13259632021509,5.053544960614855,44.72485357429832
1664571794999,40.91344802309275,-73.13259632021509,5.015263681695878,44.72485357429832
1664571796999,40.91344802309275,-73.13259632021509,4.996106144151354,44.72485357429832
1664571798999,40.91344802309275,-73.13259632021509,5.00316022497099,44.72485357429832
1664571800999,40.91344802309275,-73.13259632021509,5.047152592999776,44.72485357429832
1664571802999,40.91344802309275,-73.13259632021509,5.015182354825526,44.72485357429832
1664571804999,40.91344802309275,-73.13259632021509,4.972890542742061,44.72485357429832
1664571806999,40.91344802309275,-73.13259632021509,4.98596538712688,44.72485357429832
1664571808999,40.91344802309275,-73.13259632021509,5.012223439157479,44.72485357429832
1664571810999,40.91344802309275,-73.13259632021509,4.985492930021793,44.72485357429832
1664571812999,40.91344802309275,-73.13259632021509,4.984227689959198,44.72485357429832
1664571814999,40.91344802309275,-73.13259632021509,4.970466142176329,44.72485357429832
1664571816998,40.91344802309275,-73.13259632021509,4.939785083633776,44.72485357429832
1664571818998,40.91344802309275,-73.13259632021509,4.9546419327405005,44.72485357429832
1664571820998,40.91344802309275,-73.13259632021509,4.9756347845429305,44.72485357429832
1664571822998,40.91344802309275,-73.13259632021509,4.965090130889542,44.72485357429832
1664571824998,40.91344802309275,-73.13259632021509,4.956622365528273,44.72485357429832
1664571826998,40.91344802309275,-73.13259632021509,4.975537460288536,44.72485357429832
1664571828998,40.91344802309275,-73.13259632021509,4.975973568090652,44.72485357429832
1664571830998,40.91344802309275,-73.13259632021509,4.950255807588819,44.72485357429832
1664571832998,40.91344802309275,-73.13259632021509,4.951447612964944,44.72485357429832
1664571834998,40.91344802309275,-73.13259632021509,4.9820526931657705,44.72485357429832
1664571837000,40.91344802309275,-73.13259632021509,4.994641440261059,44.72485357429832
1664571839000,40.91344802309275,-73.13259632021509,5.029046473984356,44.72485357429832
1664571841000,40.91344802309275,-73.13259632021509,5.008083745306279,44.72485357429832
1664571843000,40.91344802309275,-73.13259632021509,4.990672865423055,44.72485357429832
1664571845000,40.91344802309275,-73.13259632021509,4.978556002681095,44.72485357429832
1664571846999,40.91344802309275,-73.13259632021509,4.967790805154588,44.72485357429832
1664571848999,40.91344802309275,-73.13259632021509,4.9737615743275825,44.72485357429832
1664571850999,40.91344802309275,-73.13259632021509,4.9554163813114585,44.72485357429832
1664571852999,40.91344802309275,-73.13259632021509,4.968893010356432,44.72485357429832
1664571854999,40.91344802309275,-73.13259632021509,4.95201157712567,44.72485357429832
1664571856999,40.91344802309275,-73.13259632021509,4.979726639912364,44.72485357429832
1664571858999,40.91344802309275,-73.13259632021509,4.9739393839959085,44.72485357429832
1664571860999,40.91344802309275,-73.13259632021509,5.003629846438582,44.72485357429832
1664571862999,40.91344802309275,-73.13259632021509,4.971242018223292,44.72485357429832
1664571864999,40.91344802309275,-73.13259632021509,4.978037296777642,44.72485357429832
1664571866999,40.91344802309275,-73.13259632021509,4.983214555736962,44.72485357429832
1664571868999,40.91344802309275,-73.13259632021509,4.982344357776842,44.72485357429832
1664571870999,40.91344802309275,-73.13259632021509,4.99407870356548,44.72485357429832
1664571872999,40.91344802309275,-73.13259632021509,5.082418737713727,44.72485357429832
1664571874999,40.91344802309275,-73.13259632021509,5.037924845449755,44.72485357429832
1664571876999,40.91344802309275,-73.13259632021509,5.021094391057766,44.72485357429832
1664571878999,40.91344802309275,-73.13259632021509,5.050673383307713,44.72485357429832
1664571880999,40.91344802309275,-73.13259632021509,5.050164535675245,44.72485357429832
1664571882999,40.91344802309275,-73.13259632021509,5.037946664670414,44.72485357429832
1664571884999,40.91344802309275,-73.13259632021509,5.0201364444668855,44.72485357429832
1664571886999,40.91344802309275,-73.13259632021509,5.018207912151788,44.72485357429832
1664571888999,40.91344802309275,-73.13259632021509,5.006999866135814,44.72485357429832
1664571890999,40.91344802309275,-73.13259632021509,5.010023513298898,44.72485357429832
1664571891999,40.91339995013483,-73.13252665517783,5.052662117652767,44.2187915565446
1664571892999,40.91340871928424,-73.132521834288,5.177683321483204,44.212063267827034
1664571893999,40.91340860615986,-73.13251853780518,5.705833080162172,44.139344062656164
1664571894999,40.91340805084428,-73.1325219005298,7.272410029419627,44.02311038225889
1664571895999,40.91341335453338,-73.1325307047974,8.15585291899337,43.90696783736348
1664571896999,40.91341268437236,-73.13251579427464,9.453511654437804,44.31808645743877
1664571897999,40.913418270449064,-73.13251360114603,9.909222696906408,44.10801608208567
1664571898999,40.91342285073657,-73.13252821082374,11.039221697994396,43.9140711100772
1664571899999,40.91341021949692,-73.132526678852,13.430098785521654,44.14655859582126
1664571900999,40.91341207342538,-73.13251443051165,15.455760809756391,44.264651307836175
1664571901999,40.913394920471205,-73.13253143947463,14.465391686877933,45.785225632600486
1664571902999,40.9134645755618,-73.13255864649595,10.863679724713982,45.784000244922936
1664571903999,40.91346924867408,-73.13259034617329,11.783252437765467,45.18596625793725
1664571904999,40.91347683942883,-73.13260292208653,13.030114643470254,44.92075210530311
1664571905999,40.913476285719405,-73.13262531160645,12.135264250691765,44.49206396844238
1664571906999,40.91347188694774,-73.13260511593376,13.861893938357463,44.406613373197615
1664571907999,40.913473677866314,-73.13260819518796,10.017213076241283,44.41361864004284
1664571909999,40.913473677866314,-73.13260819518796,9.528391151982621,44.41361864004284
1664571911999,40.913473677866314,-73.13260819518796,8.622528189252156,44.41361864004284
1664571913999,40.913473677866314,-73.13260819518796,8.644623240499486,44.41361864004284
1664571915999,40.913473677866314,-73.13260819518796,8.820721559098313,44.41361864004284
1664571917999,40.913473677866314,-73.13260819518796,7.42527821423405,44.41361864004284
1664571919999,40.913473677866314,-73.13260819518796,7.24304331337029,44.41361864004284
1664571921999,40.913473677866314,-73.13260819518796,7.496819334925003,44.41361864004284
1664571923999,40.913473677866314,-73.13260819518796,7.6373119159482314,44.41361864004284
1664571925999,40.913473677866314,-73.13260819518796,7.893181132897981,44.41361864004284
1664571927999,40.913473677866314,-73.13260819518796,8.179009892464077,44.41361864004284
1664571929999,40.913473677866314,-73.13260819518796,8.099862986465233,44.41361864004284
1664571931999,40.913473677866314,-73.13260819518796,7.232913616428772,44.41361864004284
1664571933999,40.913473677866314,-73.13260819518796,7.273351102558429,44.41361864004284
1664571935999,40.913473677866314,-73.13260819518796,7.117449608920621,44.41361864004284
1664571937999,40.913473677866314,-73.13260819518796,7.145575928944023,44.41361864004284
1664571939999,40.913473677866314,-73.13260819518796,7.1755900650003905,44.41361864004284
1664571941999,40.913473677866314,-73.13260819518796,7.080469055116464,44.41361864004284
1664571943998,40.913473677866314,-73.13260819518796,6.356536497242857,44.41361864004284
1664571945998,40.913473677866314,-73.13260819518796,6.069505954066081,44.41361864004284
1664571947998,40.913473677866314,-73.13260819518796,6.218540777678072,44.41361864004284
1664571949998,40.913473677866314,-73.13260819518796,6.297870310645157,44.41361864004284
1664571951998,40.913473677866314,-73.13260819518796,6.350013626504137,44.41361864004284
1664571953998,40.913473677866314,-73.13260819518796,6.370242994786267,44.41361864004284
1664571955998,40.913473677866314,-73.13260819518796,6.1430170169522915,44.41361864004284
1664571957998,40.913473677866314,-73.13260819518796,6.05909256704576,44.41361864004284
1664571959998,40.913473677866314,-73.13260819518796,6.062170095620982,44.41361864004284
1664571961998,40.913473677866314,-73.13260819518796,5.887765999344964,44.41361864004284
1664571962999,40.913473677866314,-73.13260819518796,5.960825901124324,44.41361864004284
1664571964999,40.913473677866314,-73.13260819518796,5.844234611936362,44.41361864004284
1664571966999,40.913473677866314,-73.13260819518796,5.802077261842246,44.41361864004284
1664571968999,40.913473677866314,-73.13260819518796,6.0220135931969425,44.41361864004284
1664571970999,40.913473677866314,-73.13260819518796,5.95136277342309,44.41361864004284
1664571972999,40.913473677866314,-73.13260819518796,6.074113507666003,44.41361864004284
1664571974999,40.913473677866314,-73.13260819518796,6.164383391326187,44.41361864004284
1664571976999,40.913473677866314,-73.13260819518796,6.03214766214333,44.41361864004284
1664571978999,40.913473677866314,-73.13260819518796,6.126243105518041,44.41361864004284
1664571980999,40.913473677866314,-73.13260819518796,6.257794005041165,44.41361864004284
1664571982999,40.913473677866314,-73.13260819518796,6.498125204632771,44.41361864004284
1664571984999,40.913473677866314,-73.13260819518796,6.399706958937939,44.41361864004284
1664571986999,40.913473677866314,-73.13260819518796,6.581675814173803,44.41361864004284
1664571988999,40.913473677866314,-73.13260819518796,6.659621471247817,44.41361864004284
1664571991024,40.913473677866314,-73.13260819518796,6.707573558800343,44.41361864004284
1664571992028,40.913473677866314,-73.13260819518796,6.348070096884388,44.41361864004284
1664571994026,40.913473677866314,-73.13260819518796,6.398387931311984,44.41361864004284
1664571995999,40.913473677866314,-73.13260819518796,6.496997802857729,44.41361864004284
1664571997999,40.913473677866314,-73.13260819518796,6.65592427902132,44.41361864004284
1664571999999,40.913473677866314,-73.13260819518796,7.29012771979669,44.41361864004284
1664572001999,40.913473677866314,-73.13260819518796,7.724196355489488,44.41361864004284
1664572003999,40.913473677866314,-73.13260819518796,8.044588578957532,44.41361864004284
1664572005999,40.913473677866314,-73.13260819518796,7.767735476801983,44.41361864004284
1664572007999,40.913473677866314,-73.13260819518796,8.155732888871984,44.41361864004284
1664572009999,40.913473677866314,-73.13260819518796,8.540495993737895,44.41361864004284
1664572011999,40.913473677866314,-73.13260819518796,8.923089431408494,44.41361864004284
1664572013999,40.913473677866314,-73.13260819518796,9.256159968778919,44.41361864004284
1664572015999,40.913473677866314,-73.13260819518796,9.219057321549663,44.41361864004284
1664572017999,40.913473677866314,-73.13260819518796,8.674063783615704,44.41361864004284
1664572019999,40.913473677866314,-73.13260819518796,9.065099111041416,44.41361864004284
1664572021999,40.913473677866314,-73.13260819518796,9.388618579270995,44.41361864004284
1664572023999,40.913473677866314,-73.13260819518796,9.685865804587557,44.41361864004284
1664572025999,40.913473677866314,-73.13260819518796,9.971134047120023,44.41361864004284
1664572027999,40.913473677866314,-73.13260819518796,10.299318407168888,44.41361864004284
1664572029020,40.913473677866314,-73.13260819518796,10.420713818100143,44.41361864004284
1664572030020,40.913473677866314,-73.13260819518796,9.874969255324066,44.41361864004284
1664572032019,40.913473677866314,-73.13260819518796,9.086621816687826,44.41361864004284
1664572033021,40.913473677866314,-73.13260819518796,9.276430317312482,44.41361864004284
1664572034999,40.913473677866314,-73.13260819518796,9.621027974079864,44.41361864004284
1664572036999,40.913473677866314,-73.13260819518796,10.146661147689322,44.41361864004284
1664572038999,40.913473677866314,-73.13260819518796,10.434816833308147,44.41361864004284
1664572040999,40.913473677866314,-73.13260819518796,10.700138114942696,44.41361864004284
1664572042999,40.913473677866314,-73.13260819518796,9.108629786098563,44.41361864004284
1664572044999,40.913473677866314,-73.13260819518796,9.440056114996741,44.41361864004284
1664572046999,40.913473677866314,-73.13260819518796,9.744986228760174,44.41361864004284
1664572048999,40.913473677866314,-73.13260819518796,10.084011624752737,44.41361864004284
1664572050999,40.913473677866314,-73.13260819518796,10.385292699265271,44.41361864004284
1664572052999,40.913473677866314,-73.13260819518796,10.711961766730427,44.41361864004284
1664572054999,40.913473677866314,-73.13260819518796,9.240724861640988,44.41361864004284
1664572056999,40.913473677866314,-73.13260819518796,9.632834628843893,44.41361864004284
1664572058999,40.913473677866314,-73.13260819518796,9.9419571345589,44.41361864004284
1664572060999,40.913473677866314,-73.13260819518796,10.257581894385268,44.41361864004284
1664572062999,40.913473677866314,-73.13260819518796,10.526023169077071,44.41361864004284
1664572064999,40.913473677866314,-73.13260819518796,10.814765603122426,44.41361864004284
1664572066999,40.91347365877768,-73.13260814326777,200.0,44.41361999511719
1664572067998,40.913473677866314,-73.13260819518796,249.68184315981722,44.41361864004284
1664572069998,40.91346937188138,-73.13259648310478,280.23960087318085,44.413631439208984
1664572070998,40.913473677866314,-73.13260819518796,314.1321050479627,44.41361864004284
1664572071998,40.91346939840596,-73.1325965552504,314.13225593728964,44.413631439208984
1664572072998,40.913473677866314,-73.13260819518796,354.078090941212,44.41361864004284
1664572074019,40.913473677866314,-73.13260819518796,382.2913110527962,44.41361864004284
1664572076020,40.913473677866314,-73.13260819518796,9.949594127986673,44.41361864004284
1664572077022,40.913473677866314,-73.13260819518796,10.092466129403714,44.41361864004284
1664572079018,40.913473677866314,-73.13260819518796,10.417612186599461,44.41361864004284
1664572098015,40.91342209549208,-73.13255360590632,10.476639955964595,41.81439208984375
1664572105015,40.91342439323521,-73.13252091736862,10.202114362915491,43.99908830597997
1664572106016,40.91342439323521,-73.13252091736862,10.336271871992134,43.99908830597997
1664572108014,40.91342439323521,-73.13252091736862,10.661826255261728,43.99908830597997
1664572109015,40.91342439323521,-73.13252091736862,10.79005900893261,43.99908830597997
1664572111016,40.91342439323521,-73.13252091736862,10.296398173301416,43.99908830597997
1664572113015,40.91342439323521,-73.13252091736862,9.419207581634181,43.99908830597997
1664572114016,40.91342439323521,-73.13252091736862,9.576187711733942,43.99908830597997
1664572116016,40.91342439323521,-73.13252091736862,9.902939398895164,43.99908830597997
1664572117998,40.91342439323521,-73.13252091736862,10.205383619700195,43.99908830597997
1664572119015,40.91342439323521,-73.13252091736862,10.373972583022976,43.99908830597997
1664572120015,40.91342439323521,-73.13252091736862,10.717730710233464,43.99908830597997
1664572121015,40.91342439323521,-73.13252091736862,10.830435309332286,43.99908830597997
1664572122017,40.91342439323521,-73.13252091736862,10.967610217644284,43.99908830597997
1664572124016,40.91342439323521,-73.13252091736862,10.457756671452898,43.99908830597997
1664572125016,40.91342439323521,-73.13252091736862,10.601514203500546,43.99908830597997
1664572127015,40.91342439323521,-73.13252091736862,10.902193980416966,43.99908830597997
1664572129015,40.91342439323521,-73.13252091736862,11.187037860482883,43.99908830597997
1664572130015,40.91342439323521,-73.13252091736862,11.357940009686798,43.99908830597997
1664572132014,40.91342439323521,-73.13252091736862,11.631846219201655,43.99908830597997
1664572133015,40.91342439323521,-73.13252091736862,11.783480011207141,43.99908830597997
1664572146016,40.91342209549208,-73.13255360590632,10.476639955964595,41.40422058105469
1664572158013,40.91342209549208,-73.13255360590632,10.476639955964595,41.45765686035156
1664572163045,40.91342209549208,-73.13255360590632,10.476639955964595,41.66823196411133
1664572169015,40.9134290824546,-73.13251989299734,9.793135441951774,44.729881601408124
1664572171014,40.9134290824546,-73.13251989299734,9.704478961981323,44.729881601408124
1664572173014,40.9134290824546,-73.13251989299734,9.989791535219007,44.729881601408124
1664572194014,40.91342209549208,-73.13255360590632,10.476639955964595,42.130653381347656
1664572204062,40.91342209549208,-73.13255360590632,10.476639955964595,42.2038688659668
1664572216014,40.91342209549208,-73.13255360590632,10.476639955964595,42.31221389770508
1664572226013,40.913425049862944,-73.1325236050558,10.845286664578994,44.46890720631927
1664572227014,40.913425049862944,-73.1325236050558,10.991365597108445,44.46890720631927
1664572229015,40.913425049862944,-73.1325236050558,10.446227303078597,44.46890720631927
1664572231016,40.913425049862944,-73.1325236050558,9.522954471118076,44.46890720631927
1664572244015,40.913425005340684,-73.13252454181755,9.6629009915721,44.342085069045424
1664572245016,40.913425005340684,-73.13252454181755,9.793442479376118,44.342085069045424
1664572247015,40.913425005340684,-73.13252454181755,10.128587430096532,44.342085069045424
1664572249014,40.913425005340684,-73.13252454181755,10.630945252879547,44.342085069045424
1664572251013,40.913425005340684,-73.13252454181755,10.921844291012658,44.342085069045424
1664572252013,40.913425005340684,-73.13252454181755,11.05476079901841,44.342085069045424
1664572253015,40.913425005340684,-73.13252454181755,10.383278389868275,44.342085069045424
1664572255013,40.913425005340684,-73.13252454181755,9.515857371272416,44.342085069045424
1664572257013,40.913425005340684,-73.13252454181755,9.81566595410311,44.342085069045424
1664572258014,40.913425005340684,-73.13252454181755,10.021186858841977,44.342085069045424
1664572259016,40.913425005340684,-73.13252454181755,10.131855011661049,44.342085069045424
1664572261016,40.913425005340684,-73.13252454181755,10.47231478417143,44.342085069045424
1664572262016,40.913425005340684,-73.13252454181755,10.595230949948649,44.342085069045424
1664572263020,40.913425005340684,-73.13252454181755,10.771598623355075,44.342085069045424
1664572265017,40.913425005340684,-73.13252454181755,10.270436185013084,44.342085069045424
1664572266996,40.913425005340684,-73.13252454181755,9.566256313142187,44.342085069045424
1664572268996,40.913425005340684,-73.13252454181755,9.93130223348895,44.342085069045424
1664572270996,40.913425005340684,-73.13252454181755,10.192939552915707,44.342085069045424
1664572272999,40.913425005340684,-73.13252454181755,10.477281360876386,44.342085069045424
1664572274999,40.913425005340684,-73.13252454181755,10.773489320142419,44.342085069045424
1664572276999,40.913425005340684,-73.13252454181755,10.264445988026768,44.342085069045424
1664572278999,40.913425005340684,-73.13252454181755,9.46643268908219,44.342085069045424
1664572280999,40.913425005340684,-73.13252454181755,9.789435180243064,44.342085069045424
1664572282999,40.913425005340684,-73.13252454181755,10.133648705908799,44.342085069045424
1664572284999,40.913425005340684,-73.13252454181755,10.377068537129139,44.342085069045424
1664572286999,40.913425005340684,-73.13252454181755,10.70155210087162,44.342085069045424
1664572288999,40.913425005340684,-73.13252454181755,10.183282652153181,44.342085069045424
1664572290999,40.913425005340684,-73.13252454181755,9.371646432491636,44.342085069045424
1664572292999,40.913425005340684,-73.13252454181755,9.674640980847682,44.342085069045424
1664572294999,40.913425005340684,-73.13252454181755,10.009260631448818,44.342085069045424
1664572296999,40.913425005340684,-73.13252454181755,10.337952769129432,44.342085069045424
1664572298999,40.913425005340684,-73.13252454181755,10.642280445106369,44.342085069045424
1664572300999,40.913425005340684,-73.13252454181755,11.068975992262006,44.342085069045424
1664572302999,40.913425005340684,-73.13252454181755,11.355972152524558,44.342085069045424
1664572304999,40.913425005340684,-73.13252454181755,11.584238043436812,44.342085069045424
1664572306999,40.913425005340684,-73.13252454181755,11.884743864918176,44.342085069045424
1664572308999,40.913425005340684,-73.13252454181755,12.135535689649524,44.342085069045424
1664572310999,40.913425005340684,-73.13252454181755,12.344954092029425,44.342085069045424
1664572312999,40.913425005340684,-73.13252454181755,12.597816539005292,44.342085069045424
1664572314999,40.913425005340684,-73.13252454181755,12.839580709476847,44.342085069045424
1664572316999,40.913425005340684,-73.13252454181755,13.071504706438008,44.342085069045424
1664572318999,40.913425005340684,-73.13252454181755,13.292282377918545,44.342085069045424
1664572320999,40.913425005340684,-73.13252454181755,13.678713644278588,44.342085069045424
1664572322999,40.913425005340684,-73.13252454181755,11.379767316685976,44.342085069045424
1664572324999,40.913425005340684,-73.13252454181755,11.67356751003328,44.342085069045424
1664572326999,40.913425005340684,-73.13252454181755,11.883221036129363,44.342085069045424
1664572328999,40.913425005340684,-73.13252454181755,12.173053617701001,44.342085069045424
1664572330999,40.913425005340684,-73.13252454181755,12.387541016854971,44.342085069045424
1664572332999,40.913425005340684,-73.13252454181755,12.663941484416048,44.342085069045424
1664572334999,40.913425005340684,-73.13252454181755,12.893713312307344,44.342085069045424
1664572336999,40.913425005340684,-73.13252454181755,13.127995690956594,44.342085069045424
1664572338999,40.913425005340684,-73.13252454181755,13.364789017475976,44.342085069045424
1664572340999,40.913425005340684,-73.13252454181755,13.735490976630492,44.342085069045424
1664572342999,40.913425005340684,-73.13252454181755,13.917374481485892,44.342085069045424
1664572344999,40.913425005340684,-73.13252454181755,14.15856950771766,44.342085069045424
1664572346999,40.913425005340684,-73.13252454181755,14.338801968731328,44.342085069045424
1664572348999,40.913425005340684,-73.13252454181755,14.547730126741389,44.342085069045424
1664572350999,40.913425005340684,-73.13252454181755,14.741780417363069,44.342085069045424
1664572352999,40.913425005340684,-73.13252454181755,14.932788876584352,44.342085069045424
1664572354999,40.913425005340684,-73.13252454181755,15.151570019897626,44.342085069045424
1664572356999,40.913425005340684,-73.13252454181755,15.485567063605462,44.342085069045424
1664572358999,40.913425005340684,-73.13252454181755,15.648658681276656,44.342085069045424
1664572360999,40.913425005340684,-73.13252454181755,15.837968068108779,44.342085069045424
1664572362999,40.913425005340684,-73.13252454181755,15.996873338246656,44.342085069045424
1664572364999,40.913425005340684,-73.13252454181755,16.191722241794533,44.342085069045424
1664572366999,40.913425005340684,-73.13252454181755,16.406915633650073,44.342085069045424
1664572368999,40.913425005340684,-73.13252454181755,16.571430999578716,44.342085069045424
1664572370999,40.913425005340684,-73.13252454181755,16.711300993198503,44.342085069045424
1664572372999,40.913425005340684,-73.13252454181755,16.88363320184828,44.342085069045424
1664572374999,40.913425005340684,-73.13252454181755,17.169019157742586,44.342085069045424
1664572376999,40.913425005340684,-73.13252454181755,17.349205548535203,44.342085069045424
1664572378998,40.913425005340684,-73.13252454181755,17.48570881897182,44.342085069045424
1664572380998,40.913425005340684,-73.13252454181755,17.628972280261127,44.342085069045424
1664572382998,40.913425005340684,-73.13252454181755,17.730609841616328,44.342085069045424
1664572384998,40.913425005340684,-73.13252454181755,12.9808584294976,44.342085069045424
1664572386998,40.913425005340684,-73.13252454181755,13.16783295242458,44.342085069045424
1664572388998,40.913425005340684,-73.13252454181755,13.417800032210614,44.342085069045424
1664572390998,40.913425005340684,-73.13252454181755,13.809052422165117,44.342085069045424
1664572392998,40.913425005340684,-73.13252454181755,14.019945231581643,44.342085069045424
1664572394998,40.913425005340684,-73.13252454181755,14.10049560539388,44.342085069045424
1664572396998,40.913425005340684,-73.13252454181755,14.47147629714556,44.342085069045424
1664572398999,40.913425005340684,-73.13252454181755,14.675628337302868,44.342085069045424
1664572400999,40.913425005340684,-73.13252454181755,14.85680547753008,44.342085069045424
1664572402999,40.913425005340684,-73.13252454181755,15.072936515865496,44.342085069045424
1664572404999,40.913425005340684,-73.13252454181755,15.254579108767492,44.342085069045424
1664572406999,40.913425005340684,-73.13252454181755,15.446719328528673,44.342085069045424
1664572408999,40.913425005340684,-73.13252454181755,15.637505953556156,44.342085069045424
1664572410999,40.913425005340684,-73.13252454181755,15.971097088643331,44.342085069045424
1664572412999,40.913425005340684,-73.13252454181755,15.997143737083134,44.342085069045424
1664572414999,40.913425005340684,-73.13252454181755,16.301476023142573,44.342085069045424
1664572416999,40.913425005340684,-73.13252454181755,12.456979539524102,44.342085069045424
1664572418999,40.913425005340684,-73.13252454181755,12.659124854953047,44.342085069045424
1664572420999,40.913425005340684,-73.13252454181755,13.045155075710838,44.342085069045424
1664572422999,40.913425005340684,-73.13252454181755,13.260596433441746,44.342085069045424
1664572424999,40.913425005340684,-73.13252454181755,13.476340971771636,44.342085069045424
1664572426999,40.913425005340684,-73.13252454181755,13.687363746191117,44.342085069045424
1664572428999,40.913425005340684,-73.13252454181755,13.882384441777763,44.342085069045424
1664572430999,40.913425005340684,-73.13252454181755,14.136348188812736,44.342085069045424
1664572432999,40.913425005340684,-73.13252454181755,14.338194162735098,44.342085069045424
1664572434999,40.913425005340684,-73.13252454181755,14.56739563016029,44.342085069045424
1664572436999,40.913425005340684,-73.13252454181755,14.89437760748724,44.342085069045424
1664572438999,40.913425005340684,-73.13252454181755,15.088344962685296,44.342085069045424
1664572440999,40.913425005340684,-73.13252454181755,15.249298721369703,44.342085069045424
1664572442999,40.913425005340684,-73.13252454181755,15.423257683500712,44.342085069045424
1664572444999,40.913425005340684,-73.13252454181755,15.626118083678797,44.342085069045424
1664572446999,40.913425005340684,-73.13252454181755,15.842833901047625,44.342085069045424
1664572448999,40.913425005340684,-73.13252454181755,15.994738403408675,44.342085069045424
1664572450999,40.913425005340684,-73.13252454181755,12.684650321014106,44.342085069045424
1664572452999,40.913425005340684,-73.13252454181755,12.94088057251571,44.342085069045424
1664572454999,40.913425005340684,-73.13252454181755,13.146990079516113,44.342085069045424
1664572456999,40.913425005340684,-73.13252454181755,13.364444180945208,44.342085069045424
1664572458999,40.913425005340684,-73.13252454181755,13.569299116617938,44.342085069045424
1664572460999,40.913425005340684,-73.13252454181755,13.774018018641335,44.342085069045424
1664572462999,40.913425005340684,-73.13252454181755,14.004879921428337,44.342085069045424
1664572464999,40.913425005340684,-73.13252454181755,14.223831228490125,44.342085069045424
1664572466999,40.913425005340684,-73.13252454181755,14.468285808988417,44.342085069045424
1664572468999,40.913425005340684,-73.13252454181755,14.788928447592227,44.342085069045424
1664572470999,40.913425005340684,-73.13252454181755,15.02743700503628,44.342085069045424
1664572472999,40.913425005340684,-73.13252454181755,15.221110992016486,44.342085069045424
1664572474999,40.913425005340684,-73.13252454181755,15.422678772522024,44.342085069045424
1664572476999,40.913425005340684,-73.13252454181755,15.609811138131592,44.342085069045424
1664572478999,40.913425005340684,-73.13252454181755,15.763958529566331,44.342085069045424
1664572480999,40.91343259296633,-73.13249407963667,16.132342048625205,44.15101044345647
1664572481999,40.913427893266395,-73.13250803466141,12.495251954642395,44.177104082889855
1664572483999,40.913427893266395,-73.13250803466141,12.742359863260681,44.177104082889855
1664572485999,40.913427893266395,-73.13250803466141,12.986148188189292,44.177104082889855
1664572487999,40.913427893266395,-73.13250803466141,13.347571788929777,44.177104082889855
1664572489999,40.913427893266395,-73.13250803466141,13.604620884779104,44.177104082889855
1664572491999,40.913427893266395,-73.13250803466141,13.811910271627452,44.177104082889855
1664572493999,40.913427893266395,-73.13250803466141,14.0072892067877,44.177104082889855
1664572495999,40.913427893266395,-73.13250803466141,14.2068885962547,44.177104082889855
1664572497999,40.913427893266395,-73.13250803466141,14.416875586610773,44.177104082889855
1664572499999,40.913427893266395,-73.13250803466141,14.637203924116335,44.177104082889855
1664572501999,40.913427893266395,-73.13250803466141,14.83240498550552,44.177104082889855
1664572503999,40.913427893266395,-73.13250803466141,15.05669642540481,44.177104082889855
1664572505998,40.913427893266395,-73.13250803466141,15.412443425549757,44.177104082889855
1664572507998,40.913427893266395,-73.13250803466141,15.616925068213236,44.177104082889855
1664572509998,40.913427893266395,-73.13250803466141,15.778578782760283,44.177104082889855
1664572511998,40.913427893266395,-73.13250803466141,15.988844856247589,44.177104082889855
1664572513998,40.913427893266395,-73.13250803466141,12.469758043059327,44.177104082889855
1664572515998,40.913427893266395,-73.13250803466141,12.683365383284032,44.177104082889855
1664572517998,40.913427893266395,-73.13250803466141,12.951219442692118,44.177104082889855
1664572519998,40.913427893266395,-73.13250803466141,13.180614589908318,44.177104082889855
1664572521998,40.913427893266395,-73.13250803466141,13.42932031271896,44.177104082889855
1664572523998,40.913427893266395,-73.13250803466141,13.817395284406595,44.177104082889855
1664572524999,40.913427893266395,-73.13250803466141,13.895379879359174,44.177104082889855
1664572526999,40.913427893266395,-73.13250803466141,14.148359850414945,44.177104082889855
1664572528999,40.913427893266395,-73.13250803466141,14.341360061538047,44.177104082889855
1664572530999,40.913427893266395,-73.13250803466141,14.552580450347175,44.177104082889855
1664572532999,40.913427893266395,-73.13250803466141,14.71490345203963,44.177104082889855
1664572534999,40.913427893266395,-73.13250803466141,14.957479875437631,44.177104082889855
1664572536999,40.913427893266395,-73.13250803466141,15.16130138242331,44.177104082889855
1664572538999,40.913427893266395,-73.13250803466141,15.380254669548517,44.177104082889855
1664572540999,40.913427893266395,-73.13250803466141,15.578207603046673,44.177104082889855
1664572542999,40.913427893266395,-73.13250803466141,15.793006301672138,44.177104082889855
1664572543999,40.913440837231754,-73.1325177191901,15.98807483920919,44.19654668029398
1664572544999,40.91344191035736,-73.13251836077659,16.46522282911494,44.20108156464994
1664572545999,40.91343545932535,-73.1325201360563,12.632952254083866,44.23037519212812
1664572547999,40.91343545932535,-73.1325201360563,12.870081108089568,44.23037519212812
1664572549999,40.91343545932535,-73.1325201360563,13.068847429352529,44.23037519212812
1664572551999,40.91343545932535,-73.1325201360563,13.330411357522651,44.23037519212812
1664572553999,40.91343545932535,-73.1325201360563,13.567315449492023,44.23037519212812
1664572555999,40.91343545932535,-73.1325201360563,13.817153560459914,44.23037519212812
1664572557999,40.91343545932535,-73.1325201360563,14.05062888645801,44.23037519212812
1664572559999,40.91343545932535,-73.1325201360563,14.415019251448413,44.23037519212812
1664572561999,40.91343545932535,-73.1325201360563,14.60199284937654,44.23037519212812
1664572563999,40.91343545932535,-73.1325201360563,14.81261803305132,44.23037519212812
1664572565999,40.91343545932535,-73.1325201360563,15.002246707157365,44.23037519212812
1664572567999,40.91343545932535,-73.1325201360563,15.199195468325458,44.23037519212812
1664572569999,40.91343545932535,-73.1325201360563,15.437203148173808,44.23037519212812
1664572571999,40.91343545932535,-73.1325201360563,15.610769590846527,44.23037519212812
1664572573999,40.91343545932535,-73.1325201360563,15.83076287125386,44.23037519212812
1664572575999,40.91343545932535,-73.1325201360563,16.0415786064692,44.23037519212812
1664572577999,40.91343545932535,-73.1325201360563,12.472996220626866,44.23037519212812
1664572579999,40.91343545932535,-73.1325201360563,12.722129304338408,44.23037519212812
1664572581999,40.91343545932535,-73.1325201360563,13.166022717881264,44.23037519212812
1664572583999,40.91343545932535,-73.1325201360563,13.318317172770353,44.23037519212812
1664572585999,40.91343545932535,-73.1325201360563,13.549327289192888,44.23037519212812
1664572587999,40.91343545932535,-73.1325201360563,13.78746176168813,44.23037519212812
1664572589999,40.91343545932535,-73.1325201360563,14.00626026813748,44.23037519212812
1664572591999,40.91343545932535,-73.1325201360563,14.22127730271863,44.23037519212812
1664572593999,40.91343545932535,-73.1325201360563,14.44832154494992,44.23037519212812
1664572595999,40.91343545932535,-73.1325201360563,14.674929849117987,44.23037519212812
1664572597999,40.91343545932535,-73.1325201360563,14.887874951982077,44.23037519212812
1664572599999,40.91343545932535,-73.1325201360563,15.246076605176212,44.23037519212812
1664572601999,40.91343545932535,-73.1325201360563,15.390740985712025,44.23037519212812
1664572603999,40.91343545932535,-73.1325201360563,15.615393359262574,44.23037519212812
1664572605999,40.91343545932535,-73.1325201360563,15.823481927972454,44.23037519212812
1664572607999,40.91343545932535,-73.1325201360563,15.983519369040321,44.23037519212812
1664572609999,40.91343545932535,-73.1325201360563,12.445999445462947,44.23037519212812
1664572611999,40.91343545932535,-73.1325201360563,12.689984308581932,44.23037519212812
1664572613999,40.91343545932535,-73.1325201360563,13.094293252236147,44.23037519212812
1664572615999,40.91343545932535,-73.1325201360563,13.28791326777964,44.23037519212812
1664572617999,40.91343545932535,-73.1325201360563,13.521961673610035,44.23037519212812
1664572619999,40.91343545932535,-73.1325201360563,13.703512495598014,44.23037519212812
1664572621999,40.91343545932535,-73.1325201360563,13.924771305663642,44.23037519212812
1664572622999,40.913444342805825,-73.13252498247508,14.391480484845895,44.2205819869414
1664572623999,40.913446249332836,-73.13252671252226,15.226755910103234,44.05149064492434
1664572624999,40.91344849473523,-73.13253064634688,16.83114405290825,44.096492688171566
1664572625999,40.91345076006833,-73.13253565720757,18.9364950992542,44.2026043785736
1664572626999,40.913452785445074,-73.13253218091774,21.987222650880828,44.01972778420895
1664572627999,40.913444981222476,-73.13252097506641,15.772274400961471,44.03272486850619
1664572628999,40.913448217545785,-73.13252664897122,18.85623782013365,44.24739881698042
1664572629999,40.91346354227617,-73.13257883309679,72.95064477421371,44.51467517390847
1664572630998,40.91343902520939,-73.13259836293118,94.31000056395351,44.01308825798333
1664572631998,40.913483910300684,-73.13259811147408,138.21802804525132,44.66286849975586
1664572632998,40.91344364548773,-73.1325446754986,36.83948830804626,43.40543373301625
1664572633998,40.91344043818474,-73.13254923390288,40.69123033732107,43.506000828929245
1664572634998,40.91344520869268,-73.13254568686969,46.2577968659757,43.55965920072049
1664572635998,40.91344376369816,-73.13255457496443,47.16164091321721,44.01659098081291
1664572636998,40.91344129044911,-73.132570912136,53.25060007866247,43.98150210548192
1664572637998,40.91344260398411,-73.13257340589657,60.324001185120274,43.92036526091397
1664572638998,40.913444617309345,-73.13257738258369,67.13877673892584,43.88915108144283
1664572639998,40.91344621651646,-73.13258395086606,74.69683338808305,44.039782023988664
1664572640998,40.91342477597399,-73.13282852999227,67.14654018657015,43.69228747859597
1664572641998,40.913412077390696,-73.13285359188275,65.1544328244885,43.62099841516465
1664572642998,40.913489262828236,-73.13273954136406,59.109835861352884,43.852272351272404
1664572643998,40.91347108410862,-73.13257666115423,16.103717525672494,43.836483909748495
1664572644998,40.91346193729346,-73.13258086645746,11.774379510399319,43.90810491703451
1664572645998,40.9134668361397,-73.13259821711041,7.652025977230474,43.96212094835937
1664572646998,40.913449822828504,-73.13260248106002,7.584109133833322,43.921766945160925
1664572647998,40.913444608926135,-73.13260833211301,7.95391886729828,43.98354866541922
1664572648998,40.913441805466185,-73.13261138952699,9.564377676366533,43.680679347366095
1664572649998,40.913460775659466,-73.13260517704371,8.035427219778697,43.91597295738757
1664572650999,40.913457771559294,-73.13260521348957,6.277039917942188,43.85766540747136
1664572651999,40.91346836501604,-73.13259623203244,6.536507591972801,44.00425928551704
1664572652999,40.91347448997023,-73.13259301554706,7.590633071845503,43.98605819698423
1664572653999,40.9134664340597,-73.13259093524147,8.43035327199888,43.94117157720029
1664572654999,40.913462321134226,-73.13258772662697,7.2214834800356025,43.830809094011784
1664572655999,40.91345131329363,-73.13259304638116,6.825089964483752,43.774614290334284
1664572656999,40.91345262898029,-73.13260374919497,6.570899385070299,44.01483922358602
1664572657999,40.91345733360146,-73.1326050703825,6.363577725526504,43.95838853623718
1664572658999,40.91345135410517,-73.13259297026157,6.6514353899184036,43.86828053742647
1664572659999,40.913465732532025,-73.13258918841295,6.651061426149525,44.0460309907794
1664572660999,40.91345125123563,-73.13260415483835,6.758577308040425,43.902672439813614
1664572661999,40.913433018523186,-73.13261113698115,6.869285788076081,43.9122911663726
1664572662999,40.91343161841158,-73.13261448605334,7.305420747550956,43.90455955732614
1664572663999,40.91341925581357,-73.13262703021367,7.486177947404399,43.98826630227268
1664572664999,40.913425774926644,-73.13262417582547,7.277900540603375,43.85193392261863
1664572665999,40.91341959274874,-73.13262150892491,6.672893931396394,43.915597402490675
1664572666999,40.91342406177993,-73.13260966250753,6.027846290203245,43.98441985528916
1664572667999,40.913425422913136,-73.13260584262393,6.588271969479164,44.03195529989898
1664572668999,40.9134280151838,-73.13260211051977,6.935410563863693,44.050565051846206
1664572669999,40.91343319189879,-73.13260270443993,7.176127393758597,43.858139858581126
1664572670999,40.91342374862692,-73.13261485825339,7.1157884979845445,43.93906635791063
1664572671999,40.91343989295873,-73.132594746303,7.977507234694601,44.0147251188755
1664572672999,40.91345233119879,-73.13260137449706,8.991478434560248,44.08519515488297
1664572673999,40.913451213671465,-73.132587549163,10.23163524587464,43.86877341661602
1664572674999,40.913471463771586,-73.13258946908294,10.969234710727399,43.77872435748577
1664572675999,40.913464824544015,-73.13258730879971,10.356115289235717,43.914036461152136
1664572676999,40.913468652264406,-73.13256946366695,11.916936543083438,44.00919466651976
1664572677999,40.91346859692492,-73.13257637351482,13.102472863568474,43.904342679306865
1664572678999,40.9134533155317,-73.13259450935459,13.67772182115244,44.06632101815194
1664572679999,40.9134483856247,-73.13257821786527,16.069409736196715,44.01542588043958
1664572680999,40.913454011199235,-73.13258107953784,12.944399864810078,44.01862031035125
1664572681999,40.91345413077819,-73.13258125558946,10.97276794402097,44.022188948467374
1664572682999,40.913455968578376,-73.13257660423687,11.789109001963652,44.016521385870874
1664572683999,40.91345693769401,-73.1325763331745,12.978285434736964,44.03178541455418
1664572685999,40.91346290055214,-73.1325784770439,18.165052387172118,44.007802376523614
1664572686999,40.91346473261464,-73.13257883438361,21.228660272833547,43.9547313824296
1664572687999,40.91346664037001,-73.13257906105675,25.477256003590902,43.97247536946088
1664572688999,40.91346880360418,-73.13258325124944,29.831642516709476,43.968392823822796
1664572689999,40.91347007557207,-73.1325871859747,34.2041262376192,43.97024947684258
1664572690999,40.91347298652049,-73.1325911995088,38.885977999378284,44.03556004911661
1664572691999,40.91348038814338,-73.13260221036757,43.05862937114491,43.99164521228522
1664572692999,40.913524812464274,-73.13256950881147,45.949948749399645,43.92622945364565
1664572693999,40.91351105104401,-73.13259728446576,51.834035369163175,44.04120773728937
1664572694999,40.913517080844244,-73.13259830932027,49.52056340987748,44.034903798252344
1664572695999,40.913523077698294,-73.13260265615912,55.69500704844041,43.96869953069836
1664572696999,40.91352861388266,-73.13260643293992,61.64109319801864,43.84114722162485
1664572697999,40.91353461337555,-73.13261113770747,68.55254698537522,44.09146036673337
1664572698999,40.91354026925231,-73.1326165849374,74.92905098257744,44.14662535581738
1664572699999,40.91343665225442,-73.1325338397792,27.664096691737644,43.81592501793057
1664572701999,40.91344750771174,-73.13259911983486,21.85959262227878,43.96258881967515
1664572702999,40.91344071972645,-73.13257887110767,17.303876958612076,43.98367767781019
1664572704999,40.91344071972645,-73.13257887110767,17.0914915189089,43.98367767781019
1664572705999,40.913420971464205,-73.13254794286367,17.163282201194125,43.886868642643094
1664572706999,40.91342196779275,-73.13255057464492,17.893878373176378,44.07438778411597
1664572707999,40.91342270525841,-73.13255454504746,19.29400469011181,43.822374450974166
1664572708999,40.91342345613464,-73.13255833983963,21.5169759324249,43.99430617876351
1664572709999,40.91342419688969,-73.13256134011976,24.230445591474947,44.14656357187778
1664572710999,40.91342467658098,-73.13256299467277,19.180719123370206,43.921586129814386
1664572712999,40.91343938122579,-73.13249915368866,16.042916269244216,44.21563135832548
1664572713999,40.913446205252434,-73.13250468408337,16.342430382625434,44.205164411105216
1664572714999,40.91343128572466,-73.13249447693721,15.372812029261098,44.14494252204895
1664572715999,40.91343894974239,-73.13250752751458,13.509084591630506,44.12676661927253
1664572716999,40.913442866460365,-73.13250513803203,13.351190870222576,44.05494565702975
1664572718999,40.913442866460365,-73.13250513803203,11.569129958870063,44.05494565702975
1664572720999,40.913442866460365,-73.13250513803203,11.091087857185371,44.05494565702975
1664572722999,40.913442866460365,-73.13250513803203,10.968383856306385,44.05494565702975
1664572724999,40.91346390913476,-73.13249555174394,8.593946574197615,44.29485582746565
1664572725999,40.913471137403704,-73.13249388489564,8.898971764130708,44.155980008654296
1664572727999,40.913471137403704,-73.13249388489564,8.76995066555274,44.155980008654296
1664572728999,40.91347207718204,-73.13249163721301,8.843697181063,44.25765941478312
1664572729999,40.913471928525624,-73.13249109561617,9.440556299549856,44.12082848511636
1664572730999,40.91347685089494,-73.13249800039321,9.899577743081876,44.23087887186557
1664572731999,40.913475307898274,-73.13250533172763,11.763064248172396,44.35362153220922
1664572733999,40.913475191543476,-73.1325360131929,15.443089153089652,44.347083256579936
1664572734999,40.91348067978,-73.13254433326807,18.99223001234183,44.269608810544014
1664572735999,40.91348389260528,-73.13255272039127,22.95698136456986,44.23875636886805
1664572736999,40.91348606045023,-73.13256270855807,27.177965897660734,44.27180828247219
1664572737999,40.91348774919838,-73.1325741285926,32.233808516311285,44.09797123167664
1664572738999,40.913489159048886,-73.13258458174242,37.49612312003448,44.16601818148047
1664572739999,40.913490831480985,-73.1325962263061,43.31970260646486,44.144801889546216
1664572740999,40.913492728968365,-73.13260801759256,49.57479682301468,44.220137814059854
1664572741999,40.91347651077271,-73.13263236301607,44.68580505970582,44.0563448946923
1664572742999,40.91346299755975,-73.13260736812433,47.71845988499496,43.9349310239777
1664572743999,40.913435257767176,-73.13260831237588,45.91098994876782,44.04556788969785
1664572744999,40.913436922990456,-73.13264949647046,39.873785220575854,43.89260199479759
1664572745999,40.913437468987325,-73.13265106673717,30.449403089690474,43.8845720468089
1664572746999,40.91340649659071,-73.13261962669186,29.16869876252137,43.92941524554044
1664572747999,40.91343400407849,-73.132561796397,16.46579666584805,44.024044658988714
1664572748999,40.91343797561316,-73.13256646881953,16.653313663670968,43.95551198069006
1664572749999,40.91343730538283,-73.13256590668578,17.608974473426837,43.96456829179078
1664572750999,40.913437891391034,-73.13256684881578,16.46806473439262,44.017853130586445
1664572751999,40.913436811887415,-73.13256208508899,16.646651125720787,43.9710524873808
1664572752999,40.913436064718056,-73.13256167671534,17.31414610276325,43.87067474331707
1664572753998,40.91343640312696,-73.1325625125904,18.55692515381569,43.96065178606659
1664572754998,40.913436219411025,-73.1325636007324,20.487316060164957,43.98560027964413
1664572755998,40.91343904922307,-73.13256495494869,23.054342183832457,44.012888125143945
1664572756998,40.91343505678906,-73.13256326632144,26.171744535301503,43.92887396924198
1664572757998,40.91343361941774,-73.13255932962997,29.970439571784883,43.88962508644909
1664572758998,40.91343304995652,-73.13255384693187,34.31669924038559,44.238248630426824
1664572759998,40.913426959894466,-73.13254054396191,15.185613657216967,44.08053771778941
1664572760998,40.913431186771966,-73.13254700339368,17.34427833692462,43.98221000563353
1664572761998,40.913432670935954,-73.13255271083891,20.17294269834608,44.15551039110869
1664572762998,40.913434804375186,-73.1325579318501,23.946506492933338,44.05985587462783
1664572763998,40.9134381026532,-73.13256145691817,29.009631038287512,44.05504445545375
1664572764998,40.913440624442806,-73.13256650952118,34.05211237573962,43.93969844840467
1664572765998,40.913442797714175,-73.13256794227459,39.06304535896737,44.14712223596871
1664572766998,40.91344506071133,-73.13256999110709,44.27883730232883,43.94555710349232
1664572767998,40.913448862658015,-73.13257422057237,51.17585682887654,44.16505456250161
1664572768998,40.913451688150445,-73.132577771376,57.56011194598528,44.00487123802304
1664572769998,40.91345657121883,-73.13258383118519,64.95209315073905,44.06297549698502
1664572770998,40.91346022310192,-73.13258882572869,72.35387393122278,44.13077423069626
1664572771998,40.913424194669965,-73.13254049261816,27.97650654361024,43.85386160481721
1664572772998,40.91343131796793,-73.13254191613552,19.195405824461613,43.929068360477686
1664572773998,40.91343220789616,-73.1325439041668,22.851067105602297,44.02472728583962
1664572774998,40.913433372562864,-73.13254537683925,27.054911441941627,44.03428342193365
1664572775998,40.91343548279961,-73.1325462267819,32.46797728385796,44.040574855171144
1664572776998,40.913437059538715,-73.13254542840241,38.00394719488494,44.125370820984244
1664572777998,40.91344002244542,-73.13254615536032,44.20155814628354,44.01569443754852
1664572778998,40.91344220129759,-73.13254338689839,50.246555875239835,44.22631862945855
1664572779998,40.91344349976457,-73.1325435317965,54.32176014320037,44.27594699244946
1664572780998,40.9135368420194,-73.13322289853649,305.1774828302606,39.7966881133616
1664572781998,40.913543212265814,-73.13322574838357,345.4396416938011,39.746578249149024
1664572782998,40.91362397190286,-73.13287555246906,342.09503959568457,39.72542956843972
1664572783998,40.91357283539403,-73.1329655524318,342.19555637824175,39.72550964355469
1664572784998,40.913430314966256,-73.13252438628943,16.086448345131327,43.78116772696376
1664572786020,40.913430314966256,-73.13252438628943,16.14131069758333,43.78116772696376
1664572787998,40.913430314966256,-73.13252438628943,16.533681093127587,43.78116772696376
1664572788998,40.91343068451044,-73.13253078123694,17.36724669600723,44.00324659701437
1664572789998,40.91343239252837,-73.1325341084794,19.04719606331743,44.04049846623093
1664572791020,40.91343379012586,-73.1325353986134,21.491866168276367,44.057197843678296
1664572793019,40.91343379012586,-73.1325353986134,17.58067131913356,44.057197843678296
1664572794015,40.913433046293285,-73.1325283616164,17.867319063955765,44.05480975471437
1664572795021,40.913432363086734,-73.13253190911419,18.61886922503364,44.07515723351389
1664572796021,40.91342850728301,-73.13253272098791,16.499388140488485,44.06901347544044
1664572796999,40.91343200396607,-73.13253658375909,14.75679409266034,44.05887492932379
1664572797999,40.913433266765566,-73.13253774481976,17.5382755892561,44.0792993074283
1664572798999,40.91343477588975,-73.13253858252641,20.789707392019572,44.070538779720664
1664572799999,40.913438899480845,-73.13222989446776,292.4845913217139,44.8349266378209
1664572800999,40.91354110103723,-73.13253804907755,217.41565382802355,44.834930419921875
1664572801999,40.913443740945596,-73.13253916487893,35.37572634680479,44.07893991935998
1664572802999,40.91344686808149,-73.13253731996284,41.1093308160626,44.0449240161106
1664572803999,40.91344986241298,-73.13253295573894,47.54094317221518,44.11083843000233
1664572804999,40.91345186240258,-73.1325308465114,54.76950650496125,44.19440576341003
1664572805999,40.91345186240258,-73.1325308465114,61.04274078599141,44.19440576341003
1664572806999,40.91345778437206,-73.1325303768962,69.4594512443402,44.053194062784314
1664572807999,40.913424231178574,-73.1325321524311,28.069466873230816,44.00438123103231
1664572808999,40.9134249808558,-73.13252887027599,18.947152046940133,44.0872362209484
1664572809999,40.91342588620407,-73.13253055123866,22.556480710355395,44.12028277851641
1664572810999,40.913425856655934,-73.13252995304752,26.928249682077645,44.34151420742273
1664572812021,40.913428225163166,-73.13253220027552,31.836938091616965,44.21895935200155
1664572813020,40.91343043102204,-73.13253413311307,37.4588395984722,44.224736619740725
1664572814019,40.91343357168992,-73.13253563255817,43.04674082553519,44.026392181403935
1664572815019,40.913431104301004,-73.13251308829207,24.665873755283716,44.19173414632678
1664572816020,40.91342978939325,-73.132515100736,24.111602203319904,44.287742460146546
1664572817019,40.91342886372897,-73.13251686209571,23.363265785221135,44.26453718729317
1664572818020,40.91342886372897,-73.13251686209571,22.9411689675526,44.26453718729317
1664572819019,40.91342214329094,-73.13252702472032,22.922458564179987,44.070841839537024
1664572820019,40.9134203648924,-73.13252969358864,18.080868643948754,44.09191918279976
1664572821020,40.91342346810536,-73.13252991408415,14.211028954764116,44.26610478758812
1664572822020,40.913423737905696,-73.13253057590929,15.959865132459685,44.298136830329895
1664572824020,40.913423737905696,-73.13253057590929,14.694467197913808,44.298136830329895
1664572826021,40.91342540820396,-73.13253320165575,17.24070510999811,44.10681502241641
1664572828024,40.91342540820396,-73.13253320165575,16.205732029191083,44.10681502241641
1664572829021,40.9134262220139,-73.13253025936172,16.898422688112245,44.16183329280466
1664572829999,40.91342638456983,-73.13253289388308,18.057653785627785,44.22620676457882
1664572830999,40.91342708954624,-73.13253524325772,19.798265556648808,44.054491200484335
1664572831999,40.913427243457235,-73.1325354676945,13.50887357743081,44.05082786269486
1664572832999,40.913427925615764,-73.13254066313696,15.759791913271638,44.14502012450248
1664572833999,40.91342810573307,-73.13254108979757,13.244607000757043,44.13959201052785
1664572834999,40.913429866504885,-73.13253383208497,13.88907788317434,44.11597344279289
1664572836999,40.913429866504885,-73.13253383208497,14.140973949091087,44.11597344279289
1664572837999,40.91342841963932,-73.13253621270819,15.195845389647786,44.205103621818125
1664572838999,40.913429534745454,-73.13253837345704,17.063659240558255,44.192626606673
1664572840020,40.91343071744367,-73.13253923520027,19.540582580854156,44.114547978155315
1664572841019,40.913432028771716,-73.13253936558577,22.791913244901806,44.23638857342303
1664572841999,40.91343359392919,-73.13254053997427,26.565362076253297,44.03321369085461
1664572842999,40.91343520947973,-73.13253892110973,30.98776450835568,44.000952613539994
1664572843999,40.91342970634837,-73.13253987009669,15.497566083597373,44.10311300121248
1664572845020,40.913431182066304,-73.1325427292081,18.490646040809356,44.120930226519704
1664572846013,40.913432859560906,-73.13254493973595,22.21967980332955,44.06285835895687
1664572847016,40.91343463456036,-73.13254644403759,26.66075643034376,44.02445636037737
1664572848020,40.91343697938492,-73.13254716203653,32.314986331226685,44.04722554702312
1664572849020,40.913438743238096,-73.13254675287865,37.80417269222203,44.161726577207446
1664572850015,40.91351934248695,-73.13258101836448,34.33685226892756,44.15408883150667
1664572851014,40.91351983752162,-73.13260553593723,38.61724905411899,43.93239688966423
1664572852015,40.913532067668385,-73.13261018567886,44.140559367981545,44.06217992398888
1664572853016,40.913540243452246,-73.13262063721112,50.241005750916045,44.083097038790584
1664572854015,40.91354705416964,-73.13262653671457,56.12773203209274,44.09633692819625
1664572854998,40.91355676731375,-73.13264321761555,62.94783098640263,44.017533659935
1664572855998,40.91343598114881,-73.13253774478214,19.309528472013035,44.12640168424696
1664572856998,40.91344052062576,-73.13255206873536,21.882128074100095,44.03138900175691
1664572857998,40.913444022238465,-73.13256196930162,25.545817284036456,44.064311338588595
1664572858998,40.91344293119284,-73.13256813880531,29.652918374264242,43.93972951360047
1664572859998,40.91344218565186,-73.13257450268922,34.48528638351213,43.84574653301388
1664572860998,40.91344175199735,-73.13257823982461,40.25710940676586,44.04928036406636
1664572861998,40.91344348647123,-73.13257932029265,45.50632643163966,44.01678330730647
1664572863998,40.91343383853186,-73.13254668044306,27.351147447924934,43.9506713161245
1664572864998,40.913431970094294,-73.1325466984196,26.50732990791263,44.02206701692194
1664572865998,40.9134275980582,-73.1325520375351,25.87549581472549,44.02922614105046
1664572866998,40.91342584664417,-73.13255248819112,25.636337278487687,44.00289988331497
1664572868998,40.91342584664417,-73.13255248819112,13.921592006894354,44.00289988331497
1664572870998,40.91342410057224,-73.13252975177336,14.553102512266657,44.03781962022185
1664572872998,40.91342410057224,-73.13252975177336,14.345387115413441,44.03781962022185
1664572873998,40.91342557615762,-73.13252892410709,14.391740630395223,44.09634693805128
1664572874998,40.913425282539635,-73.13253276856629,14.75871618311799,43.991865027695894
1664572876998,40.913425507368416,-73.13253114627153,14.791368102816621,44.139816235750914
1664572877998,40.91342542318274,-73.13253130825306,14.861445038260241,44.14768485724926
1664572879998,40.91342542318274,-73.13253130825306,11.096190758928268,44.14768485724926
1664572881998,40.91342542318274,-73.13253130825306,11.078686805702928,44.14768485724926
1664572882998,40.91342594136442,-73.13253410620551,11.225820048792148,44.11874037049711
1664572884998,40.91342594136442,-73.13253410620551,10.975498682546739,44.11874037049711
1664572885998,40.91344152204036,-73.13255560837061,11.325406054694959,44.01812241598964
1664572886998,40.913441461939534,-73.13255644203633,11.206803252111957,43.98953113891184
1664572888998,40.913441461939534,-73.13255644203633,11.242726937921471,43.98953113891184
1664572889998,40.913441153716015,-73.13255815419322,11.339566804323544,44.146435774862766
1664572891998,40.9134388546964,-73.1325726823295,9.097104002302462,44.20596155524254
1664572892998,40.91343576089618,-73.13257535680955,10.13155707025246,44.19116473942995
1664572893998,40.91343485523507,-73.13257787707087,12.034420979332092,44.08220574632287
1664572894998,40.91343580218187,-73.13258264974509,15.015756560663494,43.99774849973619
1664572895998,40.913438053149996,-73.13258111852052,18.121315492304067,44.000270835123956
1664572896998,40.91343934304044,-73.13258866887999,21.597328709158763,44.04760178923607
1664572897998,40.91343999606976,-73.13258893843184,23.775018616802182,44.054998957552016
1664572898998,40.913444700378896,-73.13263543830858,28.172497076169797,43.98982473835349
1664572899998,40.91344673344943,-73.13263742568047,16.73468243241455,43.9461547518149
1664572901998,40.91344673344943,-73.13263742568047,15.496569099745278,43.9461547518149
1664572902999,40.91344474540394,-73.1326170777372,14.7032289038284,43.79151591192931
1664572904999,40.91344474540394,-73.1326170777372,10.640311696712324,43.79151591192931
1664572905999,40.91343706855005,-73.13259446818766,10.820031414927133,43.82908533513546
1664572906999,40.91343706855005,-73.13259446818766,10.77623047282264,43.82908533513546
1664572907999,40.91343706855005,-73.13259446818766,10.990540815442762,43.82908533513546
1664572908999,40.91343706855005,-73.13259446818766,11.128596236695971,43.82908533513546
1664572909999,40.91343706855005,-73.13259446818766,11.194894010495368,43.82908533513546
1664572910999,40.91343706855005,-73.13259446818766,11.180900017485582,43.82908533513546
1664572911999,40.91343706855005,-73.13259446818766,10.815717445788685,43.82908533513546
1664572912999,40.91343706855005,-73.13259446818766,10.836773465454728,43.82908533513546
1664572913999,40.91343706855005,-73.13259446818766,10.841469212357069,43.82908533513546
1664572914999,40.91343706855005,-73.13259446818766,10.834888357263733,43.82908533513546
1664572915999,40.91343706855005,-73.13259446818766,8.97837863831705,43.82908533513546
1664572916999,40.91343706855005,-73.13259446818766,9.052388397846487,43.82908533513546
1664572917999,40.91343706855005,-73.13259446818766,8.76544155610839,43.82908533513546
1664572918999,40.91342889447653,-73.13261131690327,9.044622201584845,43.96472606714815
1664572919999,40.91342856016323,-73.13261310771804,10.11106405252481,43.8220568113029
1664572920999,40.91342966006473,-73.13261445673518,11.796132494626482,44.00254466291517
1664572921999,40.913431010924576,-73.13261595088301,14.493577588783802,43.82616361603141
1664572922999,40.91343159233223,-73.13261019924731,11.074433779240557,43.93611687794328
1664572923999,40.91343171388588,-73.1326101089598,11.714113297217489,43.94109576474875
1664572924999,40.913431104411636,-73.13261241680846,12.93322565607236,43.94297392107546
1664572925999,40.91343082665986,-73.13261326308192,12.387833969844593,43.812176308594644
1664572926999,40.913431234763806,-73.13261130024428,12.853757569544523,43.907755352556705
1664572927999,40.913431234763806,-73.13261130024428,11.623992013151943,43.907755352556705
1664572928999,40.913428634606774,-73.13258458033451,10.100317927737676,43.861248042434454
1664572929999,40.9134285494627,-73.13258478009138,10.186008717361696,43.86185625940561
1664572930999,40.91342809043286,-73.13258551087704,10.333915382707136,43.93066533841193
1664572931999,40.91342809043286,-73.13258551087704,10.426319122718695,43.93066533841193
1664572932999,40.91342809043286,-73.13258551087704,10.592104086464825,43.93066533841193
1664572933999,40.91342809043286,-73.13258551087704,10.661213102336164,43.93066533841193
1664572934999,40.913428005843656,-73.13258637204422,10.594231416439674,43.82908727321774
1664572935999,40.913428005843656,-73.13258637204422,10.707345818083837,43.82908727321774
1664572936999,40.913427531745974,-73.13258515975673,9.849630281835442,43.986813702620566
1664572937999,40.913427531745974,-73.13258515975673,9.963157614459124,43.986813702620566
1664572938999,40.913427531745974,-73.13258515975673,10.009240884316217,43.986813702620566
1664572939999,40.913427531745974,-73.13258515975673,8.541833033003634,43.986813702620566
1664572940999,40.913427531745974,-73.13258515975673,8.641203876207998,43.986813702620566
1664572941999,40.913427531745974,-73.13258515975673,8.976364038345372,43.986813702620566
1664572943999,40.913427531745974,-73.13258515975673,9.055868594700367,43.986813702620566
1664572944999,40.913427531745974,-73.13258515975673,9.403569098625738,43.986813702620566
1664572946999,40.913427531745974,-73.13258515975673,9.414075707395531,43.986813702620566
1664572948999,40.913427531745974,-73.13258515975673,9.507831210426735,43.986813702620566
1664572950999,40.91345927428358,-73.13258706367625,9.687919538388533,43.990466782823205
1664572951999,40.913459138847315,-73.13258740997479,9.193740117028142,43.946784891188145
1664572953999,40.913459138847315,-73.13258740997479,8.544254952513429,43.946784891188145
1664572955999,40.913459138847315,-73.13258740997479,8.774155931397928,43.946784891188145
1664572957999,40.913459138847315,-73.13258740997479,8.990526226220396,43.946784891188145
1664572959999,40.913459138847315,-73.13258740997479,8.967358529341503,43.946784891188145
1664572961999,40.913459138847315,-73.13258740997479,9.234712357979975,43.946784891188145
1664572963999,40.913459138847315,-73.13258740997479,8.955238291584541,43.946784891188145
1664572965999,40.913459138847315,-73.13258740997479,8.4426074574779,43.946784891188145
1664572967999,40.913459138847315,-73.13258740997479,8.464497370276549,43.946784891188145
1664572969999,40.913459138847315,-73.13258740997479,8.624364580596556,43.946784891188145
1664572971999,40.913459138847315,-73.13258740997479,8.580125008070421,43.946784891188145
1664572973999,40.913459138847315,-73.13258740997479,8.694450766673164,43.946784891188145
1664572975999,40.913459138847315,-73.13258740997479,8.99807602435006,43.946784891188145
1664572977999,40.91346568327256,-73.13257340550409,9.487129410793369,43.99294376652688
1664572979999,40.91346568327256,-73.13257340550409,9.532178145520858,43.99294376652688
1664572981999,40.91346568327256,-73.13257340550409,9.689605118455539,43.99294376652688
1664572983999,40.91346568327256,-73.13257340550409,9.845268657825592,43.99294376652688
1664572985999,40.91346568327256,-73.13257340550409,10.075281951887023,43.99294376652688
1664572987999,40.91346568327256,-73.13257340550409,10.311349510370034,43.99294376652688
1664572989999,40.913452984748346,-73.13256425176645,10.531599089059322,43.979840222746134
1664572991999,40.913452984748346,-73.13256425176645,10.934367672855936,43.979840222746134
1664572993999,40.913452984748346,-73.13256425176645,10.493490283566745,43.979840222746134
1664572995999,40.913452984748346,-73.13256425176645,10.603247206204406,43.979840222746134
1664572997999,40.9134471540966,-73.13255949544644,9.819201368023132,44.1224520932883
1664572998999,40.913446784251775,-73.13256449888465,11.097703769164887,44.10307965334505
1664572999999,40.91344843903384,-73.13256803161843,13.289703398458803,44.15482870582491
1664573000999,40.91344925336807,-73.13256689276383,15.313532257479856,44.05753130558878
1664573001999,40.913454244152184,-73.13258228085478,18.564118897083464,43.88955837022513
1664573002999,40.913456354450844,-73.13258255260689,22.761216231312545,43.773732617497444
1664573003999,40.91345393809254,-73.13258187547501,26.798145644403295,43.84247389156371
1664573004999,40.91346349941654,-73.13262973581595,26.818339331495054,43.771326816640794
1664573005999,40.91347011228108,-73.13263835803552,31.451350838226112,43.82052538078278
1664573006999,40.913487934140406,-73.13265475717756,27.345774852977506,43.63867424149066
1664573007999,40.91347904772461,-73.13265604140003,30.118116358698643,43.954617966897786
1664573008999,40.91353657431202,-73.13257142940412,24.048686620961778,43.65698326844722
1664573009999,40.91353663792236,-73.13255182876162,19.813614793212466,43.70434954483062
1664573010999,40.91354647188558,-73.13255955663016,20.486690442514696,43.80119153112173
1664573011999,40.9135476895987,-73.13257089998731,17.25183553690157,43.879295386374
1664573012999,40.9135671959722,-73.13250926009357,15.718120683223193,43.782033446244895
1664573013999,40.913566179509246,-73.1325126787693,18.3595201584731,44.012674735859036
1664573014999,40.9135566966433,-73.1325247883424,17.39169877659747,43.841324663721025
1664573015999,40.9135624622107,-73.13252592412904,20.75176691765401,43.960797605104744
1664573016999,40.913570696941925,-73.13250263887346,22.249443677753995,43.91542217042297
1664573018999,40.913570696941925,-73.13250263887346,14.5921429628139,43.91542217042297
1664573019999,40.91356684242995,-73.13249576349538,14.481008946501696,44.09074817504734
1664573021999,40.91356684242995,-73.13249576349538,14.490074382115251,44.09074817504734
1664573023024,40.91356684242995,-73.13249576349538,14.622210031037513,44.09074817504734
1664573025023,40.91356684242995,-73.13249576349538,11.667662385155035,44.09074817504734
1664573026015,40.91351451904463,-73.13252743238644,11.776370140540681,44.06229287479073
1664573027016,40.91351451904463,-73.13252743238644,11.869541001164713,44.06229287479073
1664573028015,40.91351524404625,-73.13252725308242,12.18783890914033,44.10223937034607
1664573029016,40.9135152110533,-73.13252870577288,13.04839514658371,44.14776641037315
1664573030014,40.91351581554202,-73.13252989044406,14.282757274069917,44.18606486637145
1664573031013,40.91351658508851,-73.13253051939198,15.5226532114031,44.144157233648
1664573047013,40.91342209549208,-73.13255360590632,10.476639955964595,41.5452766418457
1664573059014,40.91342209549208,-73.13255360590632,10.476639955964595,44.01630401611328
1664573061088,40.91342209549208,-73.13255360590632,10.476639955964595,46.90483093261719
1664573065409,40.91342209549208,-73.13255360590632,10.476639955964595,47.93613815307617
1664573077012,40.91342209549208,-73.13255360590632,10.476639955964595,47.04143142700195
1664573089014,40.91342209549208,-73.13255360590632,10.476639955964595,47.67386245727539
1664573093013,40.91342868905146,-73.13252116292378,9.424996232146013,44.894138345494866
1664573095013,40.91342868905146,-73.13252116292378,9.674002621643078,44.894138345494866
1664573096013,40.91342868905146,-73.13252116292378,9.805036226071604,44.894138345494866
1664573098013,40.91342868905146,-73.13252116292378,10.073298979492241,44.894138345494866
1664573100014,40.91342868905146,-73.13252116292378,10.31412228285864,44.894138345494866
1664573102015,40.91342868905146,-73.13252116292378,9.925604014363302,44.894138345494866
1664573104012,40.91342868905146,-73.13252116292378,9.153845936583913,44.894138345494866
1664573109013,40.9134278286857,-73.13252591872063,9.931161438657538,44.132688467390835
1664573110013,40.9134278286857,-73.13252591872063,10.070928968373384,44.132688467390835
1664573111016,40.913428381695624,-73.13252949330614,10.16900649349522,44.1378428991884
1664573112014,40.91342843389601,-73.13253107299316,10.660057009663586,44.150097301229835
1664573113014,40.91342855990848,-73.13253282791067,11.470892468343946,44.099348680116236
1664573114016,40.91342909264149,-73.13253412370238,12.37715384017275,44.21995328646153
1664573125013,40.91342209549208,-73.13255360590632,10.476639955964595,41.62090301513672
1664573137013,40.91342209549208,-73.13255360590632,10.476639955964595,46.82332229614258
1664573144047,40.91342209549208,-73.13255360590632,10.476639955964595,46.13837432861328
1664573150548,40.91342209549208,-73.13255360590632,10.476639955964595,48.28083801269531
1664573158950,40.91342209549208,-73.13255360590632,10.476639955964595,49.00908660888672
1664573171015,40.91342209549208,-73.13255360590632,10.476639955964595,47.037940979003906
1664573183040,40.91342209549208,-73.13255360590632,10.476639955964595,46.20579147338867
1664573189541,40.91342209549208,-73.13255360590632,10.476639955964595,48.270599365234375
1664573202013,40.91342209549208,-73.13255360590632,10.476639955964595,46.51154327392578
1664573213238,40.91342209549208,-73.13255360590632,10.476639955964595,48.92179870605469
1664573225014,40.91342209549208,-73.13255360590632,10.476639955964595,46.21514129638672
1664573231883,40.91342209549208,-73.13255360590632,10.476639955964595,48.951141357421875
1664573244014,40.91342209549208,-73.13255360590632,10.476639955964595,47.55023193359375
1664573251119,40.91342209549208,-73.13255360590632,10.476639955964595,48.85907745361328
1664573263016,40.91342209549208,-73.13255360590632,10.476639955964595,48.78662872314453
1664573275013,40.91342209549208,-73.13255360590632,10.476639955964595,48.12909698486328
1664573287014,40.91342209549208,-73.13255360590632,10.476639955964595,46.80575180053711
1664573293478,40.91342209549208,-73.13255360590632,10.476639955964595,47.88275909423828
1664573303991,40.91342209549208,-73.13255360590632,10.476639955964595,49.036468505859375
1664573310468,40.91342209549208,-73.13255360590632,10.476639955964595,49.04884338378906
1664573322013,40.91342209549208,-73.13255360590632,10.476639955964595,47.25636672973633
1664573331611,40.91342209549208,-73.13255360590632,10.476639955964595,48.69901657104492
1664573338077,40.91342209549208,-73.13255360590632,10.476639955964595,48.91709518432617
1664573344507,40.91342209549208,-73.13255360590632,10.476639955964595,48.97795104980469
1664573346015,40.91343496877929,-73.13253221211549,16.2102985916919,44.77982453722507
1664573347015,40.913435392393396,-73.13253371760355,19.719959946661344,44.57220259774476
1664573348015,40.91343487557065,-73.13253423625069,23.80062795283583,44.50735346134752
1664573349015,40.91343423040823,-73.13253431776656,26.796826959727085,44.484463922679424
1664573368013,40.91342209549208,-73.13255360590632,10.476639955964595,41.88560104370117
1664573379115,40.91342209549208,-73.13255360590632,10.476639955964595,46.15643310546875
1664573391013,40.91342209549208,-73.13255360590632,10.476639955964595,46.795692443847656
1664573399949,40.91342209549208,-73.13255360590632,10.476639955964595,48.46562957763672
1664573406686,40.91342209549208,-73.13255360590632,10.476639955964595,48.912567138671875
1664573413152,40.91342209549208,-73.13255360590632,10.476639955964595,48.9182243347168
1664573425013,40.91342209549208,-73.13255360590632,10.476639955964595,48.27161407470703
1664573437013,40.91342209549208,-73.13255360590632,10.476639955964595,48.16402053833008
1664573438015,40.913438774531514,-73.13252079123285,8.361789952530813,46.96841272525489
1664573440013,40.913438774531514,-73.13252079123285,8.584705621068869,46.96841272525489
1664573441014,40.913438774531514,-73.13252079123285,8.710138299188571,46.96841272525489
1664573442013,40.91344772095064,-73.13253228157872,8.841298898459197,44.44847197923809
1664573443014,40.913447744484316,-73.13253233416839,9.051916691291144,44.44304264523089
1664573461014,40.91342209549208,-73.13255360590632,10.476639955964595,41.84414291381836
1664573473014,40.91342209549208,-73.13255360590632,10.476639955964595,46.81672286987305
1664573479865,40.91342209549208,-73.13255360590632,10.476639955964595,48.60293197631836
1664573486316,40.91342209549208,-73.13255360590632,10.476639955964595,49.253150939941406
1664573494053,40.91342209549208,-73.13255360590632,10.476639955964595,49.28496170043945
1664573501681,40.91342209549208,-73.13255360590632,10.476639955964595,49.27069091796875
1664573514015,40.91342209549208,-73.13255360590632,10.476639955964595,49.22785186767578
1664573515016,40.913447642905666,-73.13252296426323,7.695441102140066,46.8943652883172
1664573517013,40.913447642905666,-73.13252296426323,7.985283716104129,46.8943652883172
1664573518014,40.913447642905666,-73.13252296426323,8.121069221405534,46.8943652883172
1664573520015,40.913447642905666,-73.13252296426323,8.373112649206375,46.8943652883172
1664573521016,40.913447642905666,-73.13252296426323,8.550043847036397,46.8943652883172
1664573523015,40.913447642905666,-73.13252296426323,8.761771168800506,46.8943652883172
1664573525016,40.913447642905666,-73.13252296426323,9.07923176662224,46.8943652883172
1664573527015,40.913447642905666,-73.13252296426323,8.112144886780369,46.8943652883172
1664573528016,40.91345786057556,-73.13252479518152,8.2629769491245,44.17364931944758
1664573529015,40.913458354460765,-73.13252499470428,8.733302458845388,44.18774698674679
1664573530017,40.91345905877441,-73.13252569133027,9.825834894032116,44.19438477791846
1664573531016,40.9134590894122,-73.13252612600894,9.271398820962272,44.1901530046016
1664573532018,40.9134590894122,-73.13252612600894,9.326237027869967,44.1901530046016
1664573534015,40.91345805133809,-73.13252482754682,9.589780596078416,44.25457238126546
1664573535016,40.91345872825809,-73.1325249642645,9.963280737459964,44.2102534994483
1664573537015,40.91345872825809,-73.1325249642645,10.132641119150403,44.2102534994483
1664573538016,40.91345872825809,-73.1325249642645,10.700662767623927,44.2102534994483
1664573539016,40.91345872825809,-73.1325249642645,11.093236286948391,44.2102534994483
1664573543015,40.91345100924719,-73.1325251895106,14.923412502352516,44.20364137366414
1664573544015,40.91345048991111,-73.1325263359356,18.278644389008527,44.14794051460922
1664573545014,40.91344961131586,-73.13252680558871,22.469566050351926,44.140537043102086
1664573546016,40.913447260796524,-73.13252656227019,26.471294096217118,44.18725884985179
1664573547015,40.91344513537491,-73.13252689369008,31.51127935650765,44.05909554194659
1664573548015,40.91344050220564,-73.13252777414965,36.77701227940948,44.13373490422964
1664573550016,40.91344050220564,-73.13252777414965,19.401710656349632,44.13373490422964
1664573551016,40.91344050220564,-73.13252777414965,15.694083763957025,44.13373490422964
1664573553014,40.91343736769006,-73.13252129122324,12.224561284480629,44.215008687227964
1664573554013,40.91343779832048,-73.13252239115104,12.506038666289106,44.013615315780044
1664573555014,40.91343807936945,-73.13252292016836,12.542792478115645,43.97230868972838
1664573572015,40.913428935108975,-73.13252008830167,11.50220737044209,44.20712749194354
1664573573015,40.913428935108975,-73.13252008830167,11.612298854965303,44.20712749194354
1664573575016,40.913428935108975,-73.13252008830167,10.934556790481214,44.20712749194354
1664573577016,40.913428935108975,-73.13252008830167,9.97475598327887,44.20712749194354
1664573579013,40.913428935108975,-73.13252008830167,10.207990955509656,44.20712749194354
1664573580017,40.913428935108975,-73.13252008830167,10.166151021342023,44.20712749194354
1664573598016,40.91342209549208,-73.13255360590632,10.476639955964595,41.608219146728516
1664573610015,40.91342209549208,-73.13255360590632,10.476639955964595,45.988868713378906
1664573617902,40.91342209549208,-73.13255360590632,10.476639955964595,48.9188346862793
1664573627797,40.91342209549208,-73.13255360590632,10.476639955964595,49.06855392456055
1664573634260,40.91342209549208,-73.13255360590632,10.476639955964595,49.063873291015625
1664573645151,40.91342209549208,-73.13255360590632,10.476639955964595,49.1596794128418
1664573647015,40.91344187955612,-73.13252566547114,9.23061502170694,47.00689192768186
1664573648015,40.91345910196833,-73.13253216594812,11.336825850856814,45.331347341649234
1664573649014,40.91346473072572,-73.1325375658633,14.135797474410507,44.98657963424921
1664573650015,40.913466625429564,-73.13254402265451,18.342036694102138,44.72091758158058
1664573651014,40.91346638144666,-73.13255180500377,22.75039715279737,44.650716660544276
1664573652014,40.91346734776875,-73.13255967407392,27.62383902286307,44.3674153983593
1664573653015,40.91346698635006,-73.132565985665,32.73095557949317,44.36743846908212
1664573654016,40.913467424081986,-73.13257173200977,38.17860472404928,44.30065284483135
1664573655015,40.91346638085754,-73.13258063306348,45.03561731276904,44.240538786165416
1664573656018,40.91346638085754,-73.13258063306348,22.680423648722744,44.240538786165416
1664573657996,40.91346638085754,-73.13258063306348,12.84837559178981,44.240538786165416
1664573659996,40.91346638085754,-73.13258063306348,12.6461214879674,44.240538786165416
1664573661996,40.91346638085754,-73.13258063306348,12.802927503458678,44.240538786165416
1664573664000,40.91346638085754,-73.13258063306348,12.966924572791852,44.240538786165416
1664573666000,40.91346638085754,-73.13258063306348,13.134255935336931,44.240538786165416
1664573668000,40.91346638085754,-73.13258063306348,13.468152316367556,44.240538786165416
1664573670000,40.91346638085754,-73.13258063306348,12.307149449887595,44.240538786165416
1664573672000,40.91346638085754,-73.13258063306348,10.826527036757874,44.240538786165416
1664573674000,40.91346638085754,-73.13258063306348,10.975727436520025,44.240538786165416
1664573676000,40.91346638085754,-73.13258063306348,10.970790362306483,44.240538786165416
1664573678000,40.91346638085754,-73.13258063306348,11.188454363046443,44.240538786165416
1664573680000,40.91346638085754,-73.13258063306348,11.378592813150103,44.240538786165416
1664573682000,40.91346638085754,-73.13258063306348,9.527885823495488,44.240538786165416
1664573684000,40.91346638085754,-73.13258063306348,9.747625073191923,44.240538786165416
1664573686000,40.91346638085754,-73.13258063306348,9.999158034431648,44.240538786165416
1664573688000,40.91346638085754,-73.13258063306348,10.214716599476253,44.240538786165416
1664573690000,40.91346638085754,-73.13258063306348,10.462855616701415,44.240538786165416
1664573692000,40.91346638085754,-73.13258063306348,10.706568638902265,44.240538786165416
1664573694000,40.91346638085754,-73.13258063306348,11.082419982958466,44.240538786165416
1664573696000,40.91346638085754,-73.13258063306348,11.334821145716004,44.240538786165416
1664573697999,40.91344030579626,-73.13253405969591,11.524420037485532,44.03989899903536
1664573698999,40.913440834486856,-73.13253377155128,12.06372628871594,44.001177456229925
1664573699999,40.91344086922511,-73.13253390124093,13.177771702897289,44.076528929173946
1664573700999,40.91344226191646,-73.13253218228238,12.436560491003243,43.992482715286314
1664573702999,40.91344226191646,-73.13253218228238,12.108032271357565,43.992482715286314
1664573703999,40.91342226385312,-73.1325357410473,12.28942763124929,44.17597794625908
1664573704999,40.91342325574709,-73.13253534735524,12.797645645260292,44.09858628176153
1664573705999,40.91342333539843,-73.13253552279376,13.805548270557486,44.12621345836669
1664573706999,40.91342266320311,-73.13253711370999,15.924989893796166,44.24211667198688
1664573707999,40.91342206906109,-73.1325390319159,18.404254460240345,44.119035156443715
1664573708999,40.91342229278337,-73.13254037915543,19.81094130363387,44.08384800609201
1664573709999,40.91351266022875,-73.13248964964704,35.35511557465184,45.60671618860215
1664573710999,40.913512660228754,-73.13248964964704,33.642285245482164,45.63564685266465
1664573711999,40.91341705488643,-73.13252983951114,18.32329376241459,43.94257270358503
1664573712999,40.91341642452796,-73.13254450009138,18.25568470697779,44.07594030536711
1664573714999,40.91341642452796,-73.13254450009138,13.335214923444404,44.07594030536711
1664573715999,40.91342743588427,-73.13252817955085,13.083327607477408,44.15428818017244
1664573717999,40.91342743588427,-73.13252817955085,13.123345651995827,44.15428818017244
1664573719999,40.91342743588427,-73.13252817955085,13.232994112817963,44.15428818017244
1664573721999,40.91342743588427,-73.13252817955085,13.36892530566271,44.15428818017244
1664573723999,40.91342743588427,-73.13252817955085,13.535965375013536,44.15428818017244
1664573725999,40.91342743588427,-73.13252817955085,13.648787492943132,44.15428818017244
1664573727999,40.91342743588427,-73.13252817955085,13.854015228742254,44.15428818017244
1664573729999,40.91342743588427,-73.13252817955085,14.24396848380011,44.15428818017244
1664573731999,40.91342743588427,-73.13252817955085,14.279331531250202,44.15428818017244
1664573733999,40.91342743588427,-73.13252817955085,14.124602249639615,44.15428818017244
1664573735999,40.91342743588427,-73.13252817955085,14.343884096258021,44.15428818017244
1664573737999,40.91342743588427,-73.13252817955085,14.385202103031206,44.15428818017244
1664573738999,40.91339019090538,-73.13252234763326,13.58342104628805,44.2492631720379
1664573739999,40.9133902385353,-73.13252233203212,13.601522973552797,44.25435166899115
1664573741999,40.9133902385353,-73.13252233203212,13.691899613891938,44.25435166899115
1664573743999,40.9133902385353,-73.13252233203212,13.792176348486587,44.25435166899115
1664573745999,40.9133902385353,-73.13252233203212,13.924104570816231,44.25435166899115
1664573747999,40.9133902385353,-73.13252233203212,11.551973236307953,44.25435166899115
1664573749999,40.9133902385353,-73.13252233203212,11.778120598233631,44.25435166899115
1664573751999,40.9133902385353,-73.13252233203212,12.173896872582722,44.25435166899115
1664573752999,40.913407838664,-73.13250962505306,12.266462034489923,44.135499083437026
1664573754999,40.91340800399343,-73.13250997966533,13.374196221659096,44.01676611136645
1664573755999,40.91340793617002,-73.13251171099694,14.952275509436797,44.19971290696412
1664573757999,40.91340793617002,-73.13251171099694,13.439069162541124,44.19971290696412
1664573759999,40.91340774841612,-73.13250921269514,13.589885558923866,44.16289581358433
1664573761999,40.91340774841612,-73.13250921269514,13.705043929737727,44.16289581358433
1664573762999,40.91340891975091,-73.13251291891322,13.921714407547611,44.08587839733809
1664573763999,40.91340950589144,-73.13251255342821,14.407880338675396,44.30138973798603
1664573764999,40.913409752991264,-73.13251413435684,15.555366291250795,44.28804387431592
1664573765999,40.91340934218291,-73.13251537857573,17.273179954650306,44.24235271010548
1664573766999,40.913511067667145,-73.13249149366574,22.61979793188835,45.30019763391465
1664573767999,40.913406821987245,-73.13251428674947,15.753111163741453,44.29028287436813
1664573769999,40.91340740167532,-73.13250917389648,15.76608845263624,44.244099736213684
1664573770999,40.91340869530765,-73.13250807804566,16.25511773610695,44.34682076238096
1664573771999,40.91340892550592,-73.13250864109533,17.379235199829033,44.34998315572739
1664573772999,40.913408659376415,-73.13250966259439,19.422314780593076,44.276985958218575
1664573773999,40.913408535071675,-73.13251180981003,21.75106494427483,44.227713720873
1664573774999,40.913407481831506,-73.13251476316515,24.96006766651634,44.300044698640704
1664573775999,40.91340739568658,-73.13251469869078,18.666495838032905,44.210238387808204
1664573777999,40.91341925134713,-73.13250582626861,13.727327501373399,44.31137403100729
1664573778999,40.913420976488815,-73.13250509007413,14.042285548690929,44.33554647676647
1664573779999,40.91342166219383,-73.13250610693157,14.117755790549312,44.16877170652151
1664573781999,40.91342166219383,-73.13250610693157,14.367768709724121,44.16877170652151
1664573783999,40.91342166219383,-73.13250610693157,14.39462740856174,44.16877170652151
1664573785999,40.91342166219383,-73.13250610693157,14.194853902886404,44.16877170652151
1664573787999,40.91342166219383,-73.13250610693157,14.382130355064353,44.16877170652151
1664573790000,40.91342166219383,-73.13250610693157,14.519596581411893,44.16877170652151
1664573792000,40.91342166219383,-73.13250610693157,13.853523379578125,44.16877170652151
1664573794000,40.91342166219383,-73.13250610693157,14.030935515626204,44.16877170652151
1664573796000,40.91342166219383,-73.13250610693157,14.196156945180237,44.16877170652151
1664573798000,40.91342166219383,-73.13250610693157,14.389871079148111,44.16877170652151
1664573800000,40.91342166219383,-73.13250610693157,14.679116718913805,44.16877170652151
1664573802000,40.91342166219383,-73.13250610693157,14.829652893234845,44.16877170652151
1664573804000,40.91342166219383,-73.13250610693157,54.76843268762763,44.16877170652151
1664573806000,40.91342166219383,-73.13250610693157,52.11954796239751,44.16877170652151
1664573808000,40.91342166219383,-73.13250610693157,57.79593352887653,44.16877170652151
1664573810000,40.91342166219383,-73.13250610693157,15.453334347909172,44.16877170652151
1664573812000,40.91342166219383,-73.13250610693157,12.399754698260825,44.16877170652151
1664573814000,40.91342166219383,-73.13250610693157,12.593611793963602,44.16877170652151
1664573816000,40.91342166219383,-73.13250610693157,12.818040679380669,44.16877170652151
1664573817999,40.91342166219383,-73.13250610693157,55.30725247742126,44.16877170652151
1664573819999,40.91342166219383,-73.13250610693157,70.54799817143363,44.16877170652151
1664573821999,40.91350972656263,-73.13249291858928,74.95883308209972,44.46230700984597
1664573823999,40.91350972656263,-73.13249291858928,89.9042149448728,44.38033679500222
1664573824999,40.91341941150713,-73.13251306277668,16.91469509578402,44.32830537483096
1664573825999,40.91341839057658,-73.13251204967841,14.79744982310587,44.240095037035644
1664573826999,40.91341900296869,-73.13251195565525,15.470914983186255,44.22999165114015
1664573827999,40.913419204966175,-73.13251281507291,16.88334947356947,44.20968183875084
1664573828999,40.91341917861767,-73.13251308271512,15.728118969150586,44.20757729560137
1664573830999,40.91341917861767,-73.13251308271512,15.717317034441376,44.20757729560137
1664573832999,40.91341917861767,-73.13251308271512,15.800806345365572,44.20757729560137
1664573834999,40.913415420611265,-73.1325198783433,16.05279011163429,44.263149921782315
1664573835999,40.913416129817286,-73.13252048443002,16.55370377018113,44.16978795547038
1664573836999,40.913414215342655,-73.13252050928605,17.630709576286872,44.17497995030135
1664573837999,40.91341324052283,-73.13252171735407,19.3424576428599,44.19555319752544
1664573838999,40.9134117728119,-73.13252292003995,21.720728823628694,44.15792883373797
1664573839999,40.913404378452526,-73.13263111578786,22.29528859783289,44.22419226076454
1664573840999,40.91340721314725,-73.13263558208604,25.79965147477801,44.24014898855239
1664573841999,40.91340787774972,-73.13265632149083,16.677945833424403,43.9740500068292
1664573843999,40.91340787774972,-73.13265632149083,13.992559361853184,43.9740500068292
1664573845999,40.91340787774972,-73.13265632149083,13.968031780559336,43.9740500068292
1664573847999,40.91340787774972,-73.13265632149083,14.096349566914169,43.9740500068292
1664573849999,40.91340787774972,-73.13265632149083,14.278749268211124,43.9740500068292
1664573851025,40.91340787774972,-73.13265632149083,375.2322084936479,43.9740500068292
1664573854027,40.91340787774972,-73.13265632149083,13.11125276263135,43.9740500068292
1664573856025,40.91340787774972,-73.13265632149083,11.244172435811942,43.9740500068292
1664573857024,40.91342068693693,-73.13254608221922,11.334511070529324,43.81184347718954
1664573858024,40.91342131985902,-73.132546376052,11.911539269327076,43.848094698973
1664573859025,40.91342172599488,-73.13254758400112,12.9124919387181,43.74930392950773
1664573860025,40.91342098861438,-73.13254950887739,14.963056991255435,43.99212813284248
1664573861026,40.91342099470204,-73.13255026158473,15.780644115342497,43.91700029652566
1664573868999,40.91342256756095,-73.13254925396906,200.0,43.91705322265625
1664573869999,40.91343156668437,-73.13254348888898,200.0,44.24870300292969
1664573870999,40.91344428499505,-73.13253533677599,200.0,44.27947998046875
1664573871999,40.91350880455328,-73.13249400823669,12.398806293304174,44.8870506612584
1664573873999,40.91342275556351,-73.13254250537774,12.637756407541694,44.05730759166181
1664573874999,40.9134228937981,-73.13254257265547,12.695335113756977,44.05271221790463
1664573876999,40.9134228937981,-73.13254257265547,12.889566947095506,44.05271221790463
1664573878025,40.9134228937981,-73.13254257265547,11.854270368801481,44.05271221790463
1664573880022,40.9134228937981,-73.13254257265547,10.44222537237944,44.05271221790463
1664573882015,40.91342422915976,-73.13253134308677,10.67186728451858,44.07939237449318
1664573883042,40.91342422915976,-73.13253134308677,10.788730439937437,44.07939237449318
1664573885016,40.91342422915976,-73.13253134308677,11.003709364991163,44.07939237449318
1664573901016,40.91342209549208,-73.13255360590632,10.476639955964595,41.48051834106445
1664573913015,40.91342209549208,-73.13255360590632,10.476639955964595,45.81376647949219
1664573915037,40.91342209549208,-73.13255360590632,10.476639955964595,46.177982330322266
1664573921053,40.91342209549208,-73.13255360590632,10.476639955964595,48.27127456665039
1664573922017,40.913427717576596,-73.13251010371125,10.263595029771992,44.078478410840034
1664573924015,40.91343766694736,-73.13251874302073,9.18430128651475,44.51633434649557
1664573926015,40.91343766694736,-73.13251874302073,9.639648756904382,44.51633434649557
1664573927015,40.91343766694736,-73.13251874302073,9.54753328336476,44.51633434649557
1664573945014,40.91342209549208,-73.13255360590632,10.476639955964595,41.917449951171875
1664573955015,40.913429513101384,-73.13251754771302,10.920551715750223,44.30609414353967
1664573956016,40.913429513101384,-73.13251754771302,11.033966908644118,44.30609414353967
1664573957999,40.913429513101384,-73.13251754771302,9.902234398497738,44.30609414353967
1664573959999,40.913429513101384,-73.13251754771302,10.156285913385593,44.30609414353967
1664573961015,40.913429513101384,-73.13251754771302,10.279474464264245,44.30609414353967
1664573962016,40.913429513101384,-73.13251754771302,10.405463645250236,44.30609414353967
1664573963018,40.913429513101384,-73.13251754771302,10.474903324241703,44.30609414353967
1664573965015,40.913429513101384,-73.13251754771302,10.74554118408148,44.30609414353967
1664573967015,40.913429513101384,-73.13251754771302,10.955378314167602,44.30609414353967
1664573968015,40.913429513101384,-73.13251754771302,11.049880356298898,44.30609414353967
1664573970016,40.913429513101384,-73.13251754771302,9.831129675317285,44.30609414353967
1664573972015,40.913429513101384,-73.13251754771302,10.081586922211121,44.30609414353967
1664573974015,40.913429513101384,-73.13251754771302,10.330418915120829,44.30609414353967
1664573976014,40.913429513101384,-73.13251754771302,10.69119049637673,44.30609414353967
1664573977015,40.913429513101384,-73.13251754771302,10.825561863992508,44.30609414353967
1664573979015,40.913429513101384,-73.13251754771302,11.04416135012317,44.30609414353967
1664573981015,40.913429513101384,-73.13251754771302,11.245721036073402,44.30609414353967
1664573982016,40.913429513101384,-73.13251754771302,9.345255762808666,44.30609414353967
1664573983039,40.913429513101384,-73.13251754771302,9.46947716854222,44.30609414353967
1664573985015,40.91343000883811,-73.13252106783648,9.700919503409892,44.125313041731715
1664573987015,40.91343109218299,-73.13252186586477,10.163703872658207,44.26528009399772
1664573988014,40.91343070346193,-73.13252156677024,10.59948091227817,44.18617962487042
1664573989015,40.91343085396709,-73.13252174724366,10.621346932451626,44.20725344307721
1664573991015,40.91343069028481,-73.13252094386465,10.809976596955183,44.14972387533635
1664573992015,40.91343084183123,-73.1325210494912,10.88712954140094,44.167904479429126
1664573993015,40.91343159098617,-73.13252123592248,11.317894459221133,44.286847749724984
1664573994016,40.91343159098617,-73.13252123592248,10.539902956817738,44.286847749724984
1664573996016,40.91343159098617,-73.13252123592248,9.642746612667377,44.286847749724984
1664573998015,40.91343159098617,-73.13252123592248,9.890683765273279,44.286847749724984
1664574000015,40.91343159098617,-73.13252123592248,10.130583153443801,44.286847749724984
1664574002015,40.91343159098617,-73.13252123592248,10.35866024576439,44.286847749724984
1664574004015,40.91343159098617,-73.13252123592248,10.61098636800942,44.286847749724984
1664574005015,40.91343159098617,-73.13252123592248,10.738975967153548,44.286847749724984
1664574006016,40.91343159098617,-73.13252123592248,9.063778188028827,44.286847749724984
1664574008014,40.91343159098617,-73.13252123592248,9.495650097468255,44.286847749724984
1664574009015,40.91343159098617,-73.13252123592248,9.61975667569975,44.286847749724984
1664574011015,40.91343159098617,-73.13252123592248,9.86065872118105,44.286847749724984
1664574013016,40.913428753844975,-73.1325287786243,10.098153753447624,44.161824801936746
1664574014014,40.91342903315042,-73.13252925250498,10.195698387662725,44.167680161073804
1664574015014,40.91342903315042,-73.13252925250498,10.29745640997895,44.167680161073804
1664574017015,40.91342903315042,-73.13252925250498,10.529922598562456,44.167680161073804
1664574018015,40.91342903315042,-73.13252925250498,9.981626057928132,44.167680161073804
1664574020013,40.91342903315042,-73.13252925250498,9.194105340422201,44.167680161073804
1664574021014,40.91342903315042,-73.13252925250498,9.329010104746576,44.167680161073804
1664574023015,40.91342903315042,-73.13252925250498,9.608092009804936,44.167680161073804
1664574025015,40.91342903315042,-73.13252925250498,9.852166402393445,44.167680161073804
1664574026016,40.91342903315042,-73.13252925250498,10.201951828928905,44.167680161073804
1664574028015,40.91342903315042,-73.13252925250498,10.417153598943697,44.167680161073804
1664574030015,40.91342903315042,-73.13252925250498,9.984796304118012,44.167680161073804
1664574031015,40.91342903315042,-73.13252925250498,10.10344015100431,44.167680161073804
1664574033015,40.91342903315042,-73.13252925250498,10.322108540570532,44.167680161073804
1664574035016,40.91342903315042,-73.13252925250498,10.964079877529386,44.167680161073804
1664574037015,40.913430152974755,-73.13253275414128,13.723852721175342,44.05442078784108
1664574038016,40.913429573576245,-73.13253442422122,16.116736374711568,44.24315326102078
1664574039014,40.91342917346364,-73.13253680363184,19.123311082104152,44.286291875876486
1664574040016,40.91342923977703,-73.13253937879044,23.08843397355546,44.044107432477176
1664574041015,40.913426114559954,-73.13252773032723,14.727001202520215,44.074031710624695
1664574042015,40.91342619296182,-73.13252788571636,11.726055484209446,44.06751666497439
1664574043015,40.91342619296182,-73.13252788571636,11.667468121121331,44.06751666497439
1664574044016,40.91342619296182,-73.13252788571636,11.685776660734739,44.06751666497439
1664574046015,40.91342619296182,-73.13252788571636,11.854119173084287,44.06751666497439
1664574047015,40.91342619296182,-73.13252788571636,11.938867122783481,44.06751666497439
1664574048016,40.91342619296182,-73.13252788571636,12.033253941901611,44.06751666497439
1664574050016,40.91342619296182,-73.13252788571636,12.259559358296533,44.06751666497439
1664574052014,40.91342990353158,-73.13252595748341,12.463431960197948,44.210972502827644
1664574053014,40.913430259111514,-73.13252764764448,12.731925349172245,43.991570989601314
1664574054015,40.913430259111514,-73.13252764764448,11.686798546485948,43.991570989601314
1664574056013,40.913430259111514,-73.13252764764448,10.357339374676588,43.991570989601314
1664574057013,40.913428099363784,-73.132522819158,10.454937118790562,44.18587529286742
1664574058017,40.91342884866669,-73.13252447121478,11.047889938487048,44.21244053449482
1664574059013,40.9134290321723,-73.13252491643688,10.81267644307623,44.21672036778182
1664574063019,40.9134290321723,-73.13252491643688,11.362000279877186,44.21672036778182
1664574065013,40.91343034004054,-73.13252556527776,12.280296167113688,44.338941955938935
1664574066014,40.91343064470169,-73.1325278689457,12.418292894241267,44.07964693941176
1664574067013,40.913429969890345,-73.13252857052133,12.432973689748115,44.12527396064252
1664574068015,40.91342992260149,-73.13252937947492,10.800402621222496,44.17903252877295
1664574069014,40.91342852724234,-73.13252422039393,11.427430520844778,44.25897519942373
1664574070015,40.91342978974034,-73.13252853058955,12.751024252957,43.904501399956644
1664574071014,40.9134304006516,-73.13253119819724,14.455953410347906,44.078621009364724
1664574072015,40.913430502829826,-73.13253451500107,17.18246226197713,44.092839238233864
1664574073014,40.91343031039867,-73.13253685320416,20.41630081768748,44.133474277332425
1664574074015,40.913429816719336,-73.13253853240188,24.238852464863523,44.192987533286214
1664574075015,40.91342941294258,-73.13254025322493,28.58517699573759,44.05846107099205
1664574076014,40.91342777374089,-73.13254074082214,33.253247270673896,44.12985088303685
1664574077014,40.913425991689365,-73.13254110128968,38.62464267875566,44.18413826171309
1664574078015,40.91342076807739,-73.13253488191128,25.338617812611446,44.080461863428354
1664574079014,40.91342050050292,-73.13253663785571,29.156771481957914,44.08008781913668
1664574080013,40.91342014319191,-73.13253767337389,31.761761823544493,44.00369035452604
1664574083039,40.91341409183276,-73.13254000128929,50.40070411722066,44.18431479297578
1664574084015,40.913413009426165,-73.13253994300516,57.4643109920324,44.18405876867473
1664574085015,40.913413009426165,-73.13253994300516,64.58655249372126,44.18405876867473
1664574087014,40.913413009426165,-73.13253994300516,35.183376792108135,44.18405876867473
1664574088015,40.913413009426165,-73.13253994300516,34.55075587322898,44.18405876867473
1664574093013,40.91342283924984,-73.13253621461077,17.306609019035374,44.16162090562284
1664574094015,40.91342283924984,-73.13253621461077,17.640823368384734,44.16162090562284
1664574095015,40.91342354292013,-73.13253981055752,18.403982791879603,44.06536706816405
1664574096015,40.91342374889128,-73.13254264164624,19.792742919416906,44.02471572905779
1664574097014,40.913423548188945,-73.13254294413197,21.48868999094119,44.18615057785064
1664574098015,40.91342321218352,-73.13254618462328,23.952083597783368,44.09139748290181
1664574099014,40.91342245446902,-73.13254845439982,27.37980854242147,44.04254870861769
1664574100015,40.913421081064946,-73.13254920410854,30.769852513707377,44.15126506611705
1664574101014,40.91341976862093,-73.13254925378246,35.49861724513481,44.21929397247732
1664574102015,40.91342697950636,-73.13254151862638,15.713147560742904,44.00195053499192
1664574103013,40.91342713048132,-73.13254333895597,16.765670984994074,43.939844995737076
1664574113013,40.91342209549208,-73.13255360590632,10.476639955964595,41.34061813354492
1664574125015,40.91342209549208,-73.13255360590632,10.476639955964595,45.08688735961914
1664574128015,40.91342719029616,-73.13252120969756,11.567378000556033,44.07525423541665
1664574130014,40.91342719029616,-73.13252120969756,11.788237731064598,44.07525423541665
1664574132014,40.91342719029616,-73.13252120969756,11.975528867857053,44.07525423541665
1664574134014,40.91342719029616,-73.13252120969756,12.195826695049902,44.07525423541665
1664574135010,40.91343067886249,-73.13252852214521,12.280903023094043,44.0219942945987
1664574136014,40.91343134431949,-73.13252982108753,12.756188814507047,44.11184471659362
1664574137013,40.913431979295,-73.13253148252011,12.74215126679555,44.193319228477776
1664574138014,40.91343018729775,-73.13252816246565,10.357168189473226,44.09072516206652
1664574139013,40.91343044592231,-73.13252886601649,10.426096558883868,44.06647151801735
1664574140016,40.91343044592231,-73.13252886601649,10.546362032931105,44.06647151801735
1664574142015,40.91343044592231,-73.13252886601649,10.821890491480183,44.06647151801735
1664574146014,40.91343044592231,-73.13252886601649,11.248543534436175,44.06647151801735
1664574148013,40.91343044592231,-73.13252886601649,11.576895894904078,44.06647151801735
1664574150015,40.91343044592231,-73.13252886601649,10.925669274292774,44.06647151801735
1664574161013,40.91342209549208,-73.13255360590632,10.476639955964595,41.46733474731445
1664574170013,40.91342799854463,-73.13253249187426,11.555088804161164,44.09658026602119
1664574171012,40.913428694166676,-73.13253448029857,12.658358752683178,44.05420194379985
1664574172013,40.91342780534329,-73.13253127444045,11.99984498949013,43.996589839458466
1664574173013,40.91342746619032,-73.13253084489791,12.046201539540446,44.1200666166842
1664574174014,40.913427352511974,-73.13253035026369,9.825339451396866,44.164103859104216
1664574185013,40.91342209549208,-73.13255360590632,10.476639955964595,41.56509017944336
1664574197013,40.91342209549208,-73.13255360590632,10.476639955964595,44.7485466003418
1664574198013,40.91342572595768,-73.13253048142677,10.233107869970304,44.21337100677192
1664574200014,40.91342572595768,-73.13253048142677,9.386354870666217,44.21337100677192
1664574202013,40.91342572595768,-73.13253048142677,9.636524766730313,44.21337100677192
1664574221014,40.91342209549208,-73.13255360590632,10.476639955964595,42.550662994384766
1664574233015,40.91342209549208,-73.13255360590632,10.476639955964595,46.001441955566406
1664574239461,40.91342209549208,-73.13255360590632,10.476639955964595,48.48836898803711
1664574245939,40.91342209549208,-73.13255360590632,10.476639955964595,49.37460708618164
1664574252372,40.91342209549208,-73.13255360590632,10.476639955964595,49.32084655761719
1664574260628,40.91342209549208,-73.13255360590632,10.476639955964595,49.3394889831543
1664574269948,40.91342209549208,-73.13255360590632,10.476639955964595,49.080780029296875
1664574281810,40.91342209549208,-73.13255360590632,10.476639955964595,49.192466735839844
1664574294013,40.91342209549208,-73.13255360590632,10.476639955964595,47.310882568359375
1664574306013,40.91342209549208,-73.13255360590632,10.476639955964595,46.66578674316406
1664574316457,40.91342209549208,-73.13255360590632,10.476639955964595,47.83293914794922
1664574323024,40.91342209549208,-73.13255360590632,10.476639955964595,48.60807800292969
1664574329599,40.91342209549208,-73.13255360590632,10.476639955964595,48.895320892333984
1664574338261,40.91342209549208,-73.13255360590632,10.476639955964595,49.008148193359375
1664574344746,40.91342209549208,-73.13255360590632,10.476639955964595,49.08110809326172
1664574351299,40.91342209549208,-73.13255360590632,10.476639955964595,49.11662292480469
1664574358238,40.91342209549208,-73.13255360590632,10.476639955964595,49.08124923706055
1664574370013,40.91342209549208,-73.13255360590632,10.476639955964595,47.49489212036133
1664574377109,40.91342209549208,-73.13255360590632,10.476639955964595,47.37544631958008
1664574385747,40.91342209549208,-73.13255360590632,10.476639955964595,48.40789794921875
1664574397988,40.91342209549208,-73.13255360590632,10.476639955964595,48.88679122924805
1664574405656,40.91342209549208,-73.13255360590632,10.476639955964595,49.14082336425781
1664574416927,40.91342209549208,-73.13255360590632,10.476639955964595,49.320068359375
1664574429015,40.91342209549208,-73.13255360590632,10.476639955964595,47.2632942199707
1664574433015,40.913422280390456,-73.13252594657031,9.71504459475363,47.99371650721878
1664574434015,40.91342810325035,-73.13252939125744,10.19015409412614,44.971601898781955
1664574435015,40.91342820711809,-73.13252955188233,10.190081329272207,44.97818807885051
1664574437015,40.91342820711809,-73.13252955188233,10.345408329323268,44.97818807885051
1664574453013,40.91342209549208,-73.13255360590632,10.476639955964595,42.37919616699219
1664574465013,40.91342209549208,-73.13255360590632,10.476639955964595,46.0076904296875
1664574468048,40.91342209549208,-73.13255360590632,10.476639955964595,47.5230712890625
1664574477013,40.91342209549208,-73.13255360590632,10.476639955964595,46.30692672729492
1664574483040,40.91342405842159,-73.13253660573702,14.7767495953625,45.01258812099695
1664574484016,40.913424944494864,-73.13253728900239,15.303625664359132,44.47297540027648
1664574485016,40.91342504595349,-73.13253446137246,15.114359606409133,44.34710290841758
1664574486015,40.91342480730522,-73.13253198851729,15.241309058956723,44.10546972695738
1664574487014,40.91342481795783,-73.13253161495258,15.161825777339667,44.09677479323
1664574488015,40.91342481795783,-73.13253161495258,15.152456624288725,44.09677479323
1664574489015,40.91342481795783,-73.13253161495258,15.181889233029722,44.09677479323
1664574490016,40.91342481795783,-73.13253161495258,15.23181657833269,44.09677479323
1664574492016,40.91342388754303,-73.13252666623359,12.599008030771328,44.189967601560056
1664574494016,40.913423872771,-73.13252496810391,13.21380860707203,44.25201110262424
1664574495996,40.913423872771,-73.13252496810391,12.971020821525281,44.25201110262424
1664574497996,40.91342356788456,-73.13253457539106,13.079210104578394,44.12044777534902
1664574498996,40.9134236788537,-73.13253263810354,13.48179582663941,44.28594884928316
1664574499996,40.913423782222026,-73.13253379211153,13.504233813555668,44.13730978872627
1664574500999,40.913423591319216,-73.13253678286648,13.775510341777936,44.11879707314074
1664574501999,40.913423591319216,-73.13253678286648,13.77498705401548,44.11879707314074
1664574502999,40.913423591319216,-73.13253678286648,13.83663957074318,44.11879707314074
1664574503999,40.913423591319216,-73.13253678286648,13.946743631843923,44.11879707314074
1664574504999,40.913423591319216,-73.13253678286648,13.99399084864986,44.11879707314074
1664574505999,40.913423591319216,-73.13253678286648,14.075181883939269,44.11879707314074
1664574506999,40.913423591319216,-73.13253678286648,14.16993470545795,44.11879707314074
1664574507999,40.913423591319216,-73.13253678286648,14.236103986131042,44.11879707314074
1664574508999,40.913423591319216,-73.13253678286648,14.304751435058115,44.11879707314074
1664574510999,40.913423591319216,-73.13253678286648,14.495277606022825,44.11879707314074
1664574512999,40.913423591319216,-73.13253678286648,14.669152411753238,44.11879707314074
1664574513999,40.913423591319216,-73.13253678286648,14.848765469669091,44.11879707314074
1664574514999,40.913423591319216,-73.13253678286648,12.04776739358061,44.11879707314074
1664574515999,40.913423591319216,-73.13253678286648,12.14780954324541,44.11879707314074
1664574516999,40.913423591319216,-73.13253678286648,12.22802816255788,44.11879707314074
1664574517999,40.913423591319216,-73.13253678286648,12.346194686906484,44.11879707314074
1664574518999,40.913423591319216,-73.13253678286648,12.434726234508576,44.11879707314074
1664574519999,40.913423591319216,-73.13253678286648,12.510507419932255,44.11879707314074
1664574520999,40.913423591319216,-73.13253678286648,12.587248995315354,44.11879707314074
1664574521999,40.913423591319216,-73.13253678286648,12.669310503098954,44.11879707314074
1664574522999,40.913423591319216,-73.13253678286648,12.787535923865294,44.11879707314074
1664574524999,40.913423591319216,-73.13253678286648,12.96512350994136,44.11879707314074
1664574526999,40.913423591319216,-73.13253678286648,10.372289205481273,44.11879707314074
1664574528999,40.913423591319216,-73.13253678286648,10.621550711330917,44.11879707314074
1664574530999,40.913423591319216,-73.13253678286648,10.816868739552818,44.11879707314074
1664574532999,40.913423591319216,-73.13253678286648,11.050392089987088,44.11879707314074
1664574534999,40.913423591319216,-73.13253678286648,11.251623033392443,44.11879707314074
1664574536999,40.913423591319216,-73.13253678286648,11.453216404021617,44.11879707314074
1664574538999,40.913423591319216,-73.13253678286648,9.755752503631589,44.11879707314074
1664574540999,40.913423591319216,-73.13253678286648,10.013513314540257,44.11879707314074
1664574542999,40.913423591319216,-73.13253678286648,10.22911194248393,44.11879707314074
1664574544999,40.91342891101611,-73.13252419747744,10.451604185380228,44.12309190630913
1664574546999,40.91342891101611,-73.13252419747744,10.707978271693909,44.12309190630913
1664574548999,40.91342891101611,-73.13252419747744,10.917514564198559,44.12309190630913
1664574550999,40.91342734992931,-73.1325406409764,11.048526577724784,44.18575197458267
1664574551999,40.91342740723515,-73.13254062805919,11.120475987844944,44.16351380944252
1664574553999,40.91342740723515,-73.13254062805919,11.290042731000883,44.16351380944252
1664574555999,40.91342740723515,-73.13254062805919,11.649340101174783,44.16351380944252
1664574557999,40.91342933194788,-73.13254761174626,13.606158282570666,44.205887709744275
1664574558999,40.91342928738655,-73.13254782321091,12.544440068349996,44.21730784699321
1664574560999,40.91342928738655,-73.13254782321091,12.620538006973867,44.21730784699321
1664574562999,40.91342928738655,-73.13254782321091,12.767477374436043,44.21730784699321
1664574563999,40.91343401550163,-73.13254748824568,13.042162141488607,44.06988181732595
1664574565999,40.91343401550163,-73.13254748824568,13.17441005531357,44.06988181732595
1664574567999,40.91343401550163,-73.13254748824568,13.343973495995305,44.06988181732595
1664574569999,40.91343401550163,-73.13254748824568,11.263257967027887,44.06988181732595
1664574570999,40.91343658538757,-73.1325460995592,11.567482341238238,44.1577288415283
1664574572999,40.91343658538757,-73.1325460995592,11.710501260473496,44.1577288415283
1664574574999,40.91343658538757,-73.1325460995592,11.73202752558037,44.1577288415283
1664574576999,40.91343658538757,-73.1325460995592,11.889938455270988,44.1577288415283
1664574577999,40.91343468652416,-73.13255417673146,12.22726752986664,44.0784112168476
1664574579999,40.91343360921834,-73.13255261315832,12.295003692627498,43.974205328151584
1664574581999,40.91343279618764,-73.1325504656497,12.683069267778981,44.104179062880576
1664574582999,40.9134308259881,-73.13254957308725,12.722077574455685,44.24462570156902
1664574584999,40.9134290366008,-73.13255519917983,12.649383698539665,44.01519073266536
1664574586999,40.9134290366008,-73.13255519917983,12.765024350960644,44.01519073266536
1664574587999,40.913432517040874,-73.13254373266635,13.016716973572203,43.99133452307433
1664574588999,40.91343064124368,-73.13254539868902,13.570140623285099,44.13887485302985
1664574589999,40.91343066324635,-73.13254537308717,13.303064364960136,44.16362551692873
1664574591999,40.91343066324635,-73.13254537308717,13.40976056501031,44.16362551692873
1664574593999,40.91342823250621,-73.1325439060784,13.718371821119382,44.12207414209843
1664574595999,40.91342823250621,-73.1325439060784,13.919907972389364,44.12207414209843
1664574597999,40.91342823250621,-73.1325439060784,14.08434806874225,44.12207414209843
1664574599999,40.913426576043534,-73.13253980279944,14.311817006619739,44.079634223133326
1664574601999,40.913424685086746,-73.13254426539926,14.368466267673535,44.06399707868695
1664574602999,40.9134250568501,-73.13253913563874,11.871115081661417,44.10195941105485
1664574603999,40.91342498888276,-73.13254010094106,12.21047902779953,44.12877656053752
1664574604999,40.9134265240394,-73.1325414431428,13.12741690514432,43.80034094769508
1664574605999,40.91342685340092,-73.13254202332746,14.714634344356595,43.9592475220561
1664574606999,40.913428216359655,-73.13254273957054,16.888484817732092,43.96541822515428
1664574607999,40.91342862947558,-73.1325436403975,19.943170062945843,43.97226905170828
1664574608999,40.91342724241025,-73.13254538372553,23.08299019628096,43.88631800189614
1664574609999,40.913423845413085,-73.13254955173191,27.60814701618894,43.81753056310117
1664574610999,40.913425161394926,-73.13255393505112,32.35078619588977,44.01176067069173
1664574611999,40.91342285902918,-73.1325561506005,37.30465889584624,43.86740256566554
1664574612999,40.913422544339205,-73.13255644319521,21.566386359414324,43.85665345471352
1664574614999,40.913422544339205,-73.13255644319521,20.58643676339977,43.85665345471352
1664574616999,40.913422544339205,-73.13255644319521,20.020891224496992,43.85665345471352
1664574618999,40.913422544339205,-73.13255644319521,119.37610370690439,43.85665345471352
1664574620999,40.913422544339205,-73.13255644319521,162.7272894138148,43.85665345471352
1664574622999,40.913422544339205,-73.13255644319521,212.18696116156178,43.85665345471352
1664574624999,40.913422544339205,-73.13255644319521,275.7609152589695,43.85665345471352
1664574627000,40.913422544339205,-73.13255644319521,345.0271773977089,43.85665345471352
1664574628000,40.9133716766174,-73.13200517564373,384.5567202304146,43.99697497859597
1664574629000,40.91342362040626,-73.13254464897572,20.62120748148711,44.03662316966802
1664574630022,40.91342362040626,-73.13254464897572,20.677775201806554,44.03662316966802
1664574632022,40.91342362040626,-73.13254464897572,14.500473839260259,44.03662316966802
1664574634020,40.91342362040626,-73.13254464897572,14.564877915241153,44.03662316966802
1664574645015,40.91342529381822,-73.13252726372312,11.542333174121689,44.0735736656934
1664574646016,40.91342529381822,-73.13252726372312,11.668324643791793,44.0735736656934
1664574648015,40.91342529381822,-73.13252726372312,11.90032187038105,44.0735736656934
1664574649016,40.91342529381822,-73.13252726372312,11.996998009877606,44.0735736656934
1664574650016,40.91342529381822,-73.13252726372312,12.25339530962075,44.0735736656934
1664574652014,40.91342529381822,-73.13252726372312,12.27855828130587,44.0735736656934
1664574666014,40.91342209549208,-73.13255360590632,10.476639955964595,41.47458267211914
1664574678014,40.91342209549208,-73.13255360590632,10.476639955964595,44.86886215209961
1664574682026,40.91342209549208,-73.13255360590632,10.476639955964595,46.95979309082031
1664574688080,40.91342209549208,-73.13255360590632,10.476639955964595,48.04948806762695
1664574694848,40.91342209549208,-73.13255360590632,10.476639955964595,48.87052536010742
1664574700933,40.91342209549208,-73.13255360590632,10.476639955964595,48.82236099243164
1664574707426,40.91342209549208,-73.13255360590632,10.476639955964595,49.02034378051758
1664574713918,40.91342209549208,-73.13255360590632,10.476639955964595,49.09307098388672
1664574720366,40.91342209549208,-73.13255360590632,10.476639955964595,49.12350082397461
1664574732014,40.91342209549208,-73.13255360590632,10.476639955964595,47.443634033203125
1664574741567,40.91342209549208,-73.13255360590632,10.476639955964595,48.369842529296875
1664574747646,40.91342209549208,-73.13255360590632,10.476639955964595,48.92546081542969
1664574756429,40.91342209549208,-73.13255360590632,10.476639955964595,49.20186996459961
1664574763765,40.91342209549208,-73.13255360590632,10.476639955964595,49.25117492675781
1664574776015,40.91342209549208,-73.13255360590632,10.476639955964595,47.50704574584961
1664574783346,40.91342209549208,-73.13255360590632,10.476639955964595,48.534576416015625
1664574789785,40.91342209549208,-73.13255360590632,10.476639955964595,48.902347564697266
1664574802012,40.91342209549208,-73.13255360590632,10.476639955964595,47.52859878540039
1664574814013,40.91342209549208,-73.13255360590632,10.476639955964595,47.257930755615234
1664574824785,40.91342209549208,-73.13255360590632,10.476639955964595,49.03295135498047
1664574826319,40.91342209549208,-73.13255360590632,10.476639955964595,49.07195281982422
1664574832333,40.91342209549208,-73.13255360590632,10.476639955964595,49.07701110839844
1664574839180,40.91342209549208,-73.13255360590632,10.476639955964595,49.24776840209961
1664574845246,40.91342209549208,-73.13255360590632,10.476639955964595,49.010643005371094
1664574851834,40.91342209549208,-73.13255360590632,10.476639955964595,49.20161437988281
1664574864014,40.91342209549208,-73.13255360590632,10.476639955964595,47.3139533996582
1664574872549,40.91342209549208,-73.13255360590632,10.476639955964595,48.486026763916016
1664574879702,40.91342209549208,-73.13255360590632,10.476639955964595,49.1441650390625
1664574886290,40.91342209549208,-73.13255360590632,10.476639955964595,49.271854400634766
1664574893240,40.91342209549208,-73.13255360590632,10.476639955964595,49.36275100708008
1664574894016,40.91342038822806,-73.13253155952408,11.325531172744748,49.2074162280187
1664574895015,40.913455208010674,-73.13252422922787,9.38213935078198,46.07397506851703
1664574896016,40.91346245755137,-73.13252390498009,9.057772231153708,45.27180708479136
1664574897013,40.91346586933267,-73.13252452892256,9.647616945107547,44.955754889175296
1664574898015,40.91346699865767,-73.13252514393713,10.793969055306034,44.72719976864755
1664574899016,40.91346889121346,-73.13252585202544,12.869267246444416,44.65816655475646
1664574900017,40.91347120340006,-73.13252737313945,11.174046540777029,44.674996801652014
1664574902015,40.91347120340006,-73.13252737313945,11.41770860471497,44.674996801652014
1664574904015,40.91347120340006,-73.13252737313945,11.456048365459306,44.674996801652014
1664574905016,40.91347120340006,-73.13252737313945,11.533801257080947,44.674996801652014
1664574906017,40.91345976057021,-73.13253033318085,9.358248504672611,44.194202944636345
1664574908015,40.91345933851444,-73.13252999745006,9.670630740718469,44.266470992937684
1664574909015,40.91345933851444,-73.13252999745006,9.983845031312002,44.266470992937684
1664574911016,40.91345933851444,-73.13252999745006,10.141559249174124,44.266470992937684
1664574912016,40.91345981301539,-73.13253011030811,10.273358363577016,44.259954943321645
1664574913015,40.91345946695529,-73.13252984153773,10.720265519234662,44.24604737572372
1664574914016,40.91345900691039,-73.13252953810934,11.689504198361348,44.14134125225246
1664574915016,40.91345961171639,-73.13252992627586,11.12449278501663,44.17076871357858
1664574916016,40.91345936876988,-73.13252983707652,11.977366546202715,44.1629615817219
1664574916998,40.91345953471914,-73.13252984561512,11.472607573562376,44.1723277149722
1664574918998,40.91345953471914,-73.13252984561512,9.64246652006029,44.1723277149722
1664574920998,40.91345953471914,-73.13252984561512,9.884212741503815,44.1723277149722
1664574923000,40.91345953471914,-73.13252984561512,10.16166513786642,44.1723277149722
1664574925000,40.91344917513427,-73.13253182275268,10.765442423072138,44.227268987335265
1664574926000,40.91344904000839,-73.1325320768239,10.759287764817524,44.05797099880874
1664574927000,40.913448921238995,-73.13253132391311,11.426780695689278,44.144789951853454
1664574928000,40.913449380905114,-73.13253150061028,11.22257417430242,44.27485968824476
1664574929000,40.91344946181569,-73.13253179538248,11.903587573194288,44.26314786169678
1664574930016,40.91344946181569,-73.13253179538248,11.947407079982353,44.26314786169678
1664574931015,40.913444898760034,-73.13253286514177,13.716375248750593,44.19153092149645
1664574932015,40.91344497884047,-73.13253292271678,11.970530399588911,44.193153287284076
1664574934015,40.91344497884047,-73.13253292271678,12.012612898688353,44.193153287284076
1664574936015,40.91344517017916,-73.13252741230643,12.349157925206663,44.025581596419215
1664574937014,40.91344481053659,-73.13252783235524,13.012311089721784,44.28119688294828
1664574938014,40.91344537652495,-73.13252984323667,14.319261511481512,44.1158118667081
1664574939014,40.91344582232358,-73.13253107952094,15.287207094016539,44.10122705530375
1664574943015,40.91344582232358,-73.13253107952094,11.401954675247762,44.10122705530375
1664574945014,40.913440332425374,-73.13253155669764,12.087463559508159,44.15462658461183
1664574946014,40.913440274629274,-73.13253150996194,11.941047551125923,44.1802300773561
1664574948015,40.913440274629274,-73.13253150996194,12.160698066407473,44.1802300773561
1664574949999,40.913440274629274,-73.13253150996194,12.297236263710623,44.1802300773561
1664574951999,40.91344061905204,-73.13253269748513,12.681219054800822,43.93693405389786
1664574952999,40.913440977265516,-73.13253239077012,13.185276268734903,44.14637571759522
1664574953999,40.913434925714256,-73.1325362875462,11.08540772217891,44.04159386549145
1664574955999,40.9134352569255,-73.13253642908073,10.78562678699039,44.1745221382007
1664574956999,40.913435435377274,-73.13253635366604,11.227446875532788,44.25707980711013
1664574957999,40.9134349801915,-73.13253593842137,12.075215791627429,44.15338898729533
1664574958999,40.91343513410591,-73.13253639545661,13.69147403876816,44.25578123796731
1664574959999,40.91343553020449,-73.13253779412896,15.577875268120854,44.085068887099624
1664574961015,40.91343670949026,-73.13254038491183,18.558779239414346,44.13082346972078
1664574962016,40.91343757040936,-73.13254224273409,22.0638864601321,44.097055605612695
1664574963021,40.91343840021333,-73.13254369617901,15.504096479446146,44.151780172251165
1664574964014,40.913438649054626,-73.13254298029152,15.955338626093901,44.07975913118571
1664574965014,40.91343730520554,-73.13253985767116,16.495023319932066,44.119344003498554
1664574966016,40.91343174783587,-73.13253679737882,15.070259001022045,44.11173472367227
1664574967013,40.913428704932514,-73.13253143342088,13.6828356922957,44.21313288342208
1664574968015,40.91342899741045,-73.13253162529746,15.046938682624145,44.22449853736907
1664574989015,40.91342209549208,-73.13255360590632,10.476639955964595,41.625553131103516
1664574998052,40.91342209549208,-73.13255360590632,10.476639955964595,46.370323181152344
1664575004763,40.91342209549208,-73.13255360590632,10.476639955964595,48.96617889404297
1664575008014,40.91344940146047,-73.13252278720968,7.894514522104616,45.61760870087892
1664575009015,40.91344940146047,-73.13252278720968,7.929074604308653,45.61760870087892
1664575010015,40.91344940146047,-73.13252278720968,8.058622936404914,45.61760870087892
1664575012015,40.91344940146047,-73.13252278720968,8.524664048621341,45.61760870087892
1664575014016,40.91344940146047,-73.13252278720968,8.812799246528467,45.61760870087892
1664575016016,40.91344940146047,-73.13252278720968,9.06492018549994,45.61760870087892
1664575018016,40.91344940146047,-73.13252278720968,8.84155857600701,45.61760870087892
1664575020014,40.91344940146047,-73.13252278720968,8.34688127071557,45.61760870087892
1664575022014,40.913451796730534,-73.13252094707312,9.100691326010743,44.23604927677661
1664575023015,40.913451762911436,-73.13252083195744,9.093401368086525,44.241153329610825
1664575024015,40.913451762911436,-73.13252083195744,9.165420578920072,44.241153329610825
1664575025015,40.913451762911436,-73.13252083195744,9.126010770862356,44.241153329610825
1664575034015,40.9134487729972,-73.1325219713207,9.420480070804635,44.262835833244026
1664575036016,40.9134487729972,-73.1325219713207,9.658506629711278,44.262835833244026
1664575038015,40.9134487729972,-73.1325219713207,9.932962518488297,44.262835833244026
1664575040016,40.9134487729972,-73.1325219713207,10.33365907307418,44.262835833244026
1664575042017,40.913441742873076,-73.13251873283754,8.92605851015726,44.043432417325675
1664575043015,40.9134413917473,-73.13251787151705,9.517296066432108,44.233706981875
1664575044015,40.91344136628962,-73.13251785008575,10.654813585882286,44.245318504050374
1664575045014,40.9134415815256,-73.13251890283432,13.00977998208518,44.28125907480717
1664575046015,40.91344201885033,-73.13252076188186,15.903412853279768,44.27311988826841
1664575047014,40.91344247823886,-73.13252326881661,19.200320807170137,44.34461182821542
1664575048015,40.91344221824463,-73.13252515073086,12.39454057889008,44.106164642609656
1664575050015,40.913442007063146,-73.13252232030811,12.089131140085591,44.17951512802392
1664575052014,40.91344133209982,-73.13251931714905,12.08809246666172,44.21011478547007
1664575053015,40.91344129156246,-73.132518929404,12.150382461278651,44.217389391735196
1664575054016,40.91344129156246,-73.132518929404,11.273331110938546,44.217389391735196
1664575056014,40.91344129156246,-73.132518929404,10.067985194204894,44.217389391735196
1664575057015,40.91344129156246,-73.132518929404,10.188166138850887,44.217389391735196
1664575058016,40.91344129156246,-73.132518929404,10.298262977837204,44.217389391735196
1664575060014,40.91344129156246,-73.132518929404,10.710574195260085,44.217389391735196
1664575061014,40.91344129156246,-73.132518929404,10.788848294604403,44.217389391735196
1664575062015,40.91344129156246,-73.132518929404,10.936612108913184,44.217389391735196
1664575063017,40.91344129156246,-73.132518929404,11.0408653377314,44.217389391735196
1664575065013,40.91344129156246,-73.132518929404,11.247843238194779,44.217389391735196
1664575066014,40.91344129156246,-73.132518929404,9.37431863784271,44.217389391735196
1664575068017,40.91344129156246,-73.132518929404,9.628897030185037,44.217389391735196
1664575070015,40.91344129156246,-73.132518929404,9.8853345324376,44.217389391735196
1664575072014,40.91344129156246,-73.132518929404,10.389766069879816,44.217389391735196
1664575073015,40.91344129156246,-73.132518929404,10.47636350940543,44.217389391735196
1664575074015,40.91344129156246,-73.132518929404,10.375954378284284,44.217389391735196
1664575075016,40.91344129156246,-73.132518929404,10.627030968831551,44.217389391735196
1664575076016,40.91344129156246,-73.132518929404,10.759038547650825,44.217389391735196
1664575077999,40.91344129156246,-73.132518929404,9.174611835118725,44.217389391735196
1664575079999,40.91344129156246,-73.132518929404,9.525366552753344,44.217389391735196
1664575081999,40.91344129156246,-73.132518929404,284.3745392412499,44.217389391735196
1664575083999,40.91344129156246,-73.132518929404,9.946877675158765,44.217389391735196
1664575085999,40.91344129156246,-73.132518929404,10.225740715737663,44.217389391735196
1664575087999,40.91344129156246,-73.132518929404,10.639205069591556,44.217389391735196
1664575088999,40.91343121333098,-73.13251578987827,11.266567014423007,44.19414208456874
1664575089999,40.91343113076153,-73.13251575487936,11.893353630016506,44.36090350802988
1664575090999,40.91343113734477,-73.13251596620782,200.0,44.3608512878418
1664575091999,40.913431415057104,-73.13252488102117,200.0,44.338382720947266
1664575092999,40.91343161364702,-73.13253125593454,200.0,44.30815887451172
1664575101015,40.91342209549208,-73.13255360590632,10.476639955964595,42.97607421875
1664575103013,40.91342749900861,-73.13250929470591,10.782694848923406,44.126515083014965
1664575104014,40.91342749900861,-73.13250929470591,10.893482721134449,44.126515083014965
1664575106014,40.91342749900861,-73.13250929470591,11.083585705538352,44.126515083014965
1664575108013,40.91342749900861,-73.13250929470591,11.38225170464645,44.126515083014965
1664575125015,40.91342209549208,-73.13255360590632,10.476639955964595,41.52765655517578
1664575137015,40.91342209549208,-73.13255360590632,10.476639955964595,45.17237854003906
1664575138104,40.91342209549208,-73.13255360590632,10.476639955964595,47.36505889892578
1664575144137,40.91342209549208,-73.13255360590632,10.476639955964595,48.869808197021484
1664575145794,40.91342209549208,-73.13255360590632,10.476639955964595,49.44075012207031
1664575148015,40.91344390420915,-73.13251319315209,12.423470850418148,45.65714803803712
1664575149015,40.91344665113115,-73.13251379571835,9.355350091766848,44.811586261726916
1664575150014,40.91344821374478,-73.13251363847436,10.328017712496454,44.663327616639435
1664575151013,40.913448384239175,-73.13251345347632,11.992981817370058,44.489403730258346
1664575152013,40.9134488390788,-73.13251474086786,14.357115063115636,44.260695348493755
1664575153014,40.9134507699506,-73.13251846887285,17.612184342387454,44.207822130061686
1664575154016,40.91345124119321,-73.1325240779274,21.30207416675447,44.29599507525563
1664575155015,40.91344969673542,-73.1325317939976,25.493222199859087,44.26500127557665
1664575157015,40.91344969673542,-73.1325317939976,15.121750637442544,44.26500127557665
1664575158016,40.91344969673542,-73.1325317939976,14.9365051390079,44.26500127557665
1664575159015,40.91344936596729,-73.13251952644062,14.777838726836848,44.16038421634585
1664575160015,40.913449204007954,-73.13251854965941,14.75729971338252,44.15932737477124
1664575160999,40.91344911104465,-73.13251730311333,14.949286222190578,44.23874558415264
1664575161999,40.913449269621516,-73.13251716294931,15.02906362829798,44.1738931722939
1664575162999,40.91344920353772,-73.1325168913485,15.069336322174236,44.17363367322832
1664575164999,40.91344920353772,-73.1325168913485,15.432123005380774,44.17363367322832
1664575165999,40.91344954334233,-73.13251814615242,15.463106289038466,44.13133399374783
1664575166999,40.91344953428099,-73.13251806905969,15.498047898596873,44.13840004615486
1664575167999,40.91344952693383,-73.13251789678539,15.575545779797428,44.21171582210809
1664575169999,40.91343901429326,-73.13252053223556,11.759782486742017,44.18554084375501
1664575171999,40.91343901429326,-73.13252053223556,11.170769156391183,44.18554084375501
1664575173999,40.91343901429326,-73.13252053223556,11.083673247145844,44.18554084375501
1664575175999,40.91343901429326,-73.13252053223556,11.03266989947717,44.18554084375501
1664575177999,40.91343901429326,-73.13252053223556,11.067404291324443,44.18554084375501
1664575178999,40.91342013398472,-73.13254979089614,9.294994011283057,44.204005820676684
1664575180999,40.91342013398472,-73.13254979089614,8.133492427476547,44.204005820676684
1664575182999,40.91342013398472,-73.13254979089614,8.455832272823123,44.204005820676684
1664575184999,40.91342013398472,-73.13254979089614,8.667497170862829,44.204005820676684
1664575186999,40.91342013398472,-73.13254979089614,8.659976798746701,44.204005820676684
1664575188999,40.91342013398472,-73.13254979089614,8.690689140815378,44.204005820676684
1664575190999,40.91342013398472,-73.13254979089614,8.697378387810796,44.204005820676684
1664575192999,40.91342013398472,-73.13254979089614,8.829267528488375,44.204005820676684
1664575194999,40.91342013398472,-73.13254979089614,8.981964185151782,44.204005820676684
1664575196999,40.91342013398472,-73.13254979089614,8.94791813968248,44.204005820676684
1664575198999,40.91342013398472,-73.13254979089614,9.165879707742722,44.204005820676684
1664575200999,40.91342013398472,-73.13254979089614,9.299698892765448,44.204005820676684
1664575202999,40.91342013398472,-73.13254979089614,9.611199285832342,44.204005820676684
1664575204999,40.91342013398472,-73.13254979089614,9.644577076195937,44.204005820676684
1664575206999,40.91342013398472,-73.13254979089614,9.680216712426231,44.204005820676684
1664575207999,40.91343214250224,-73.1325457387866,8.681703246093084,44.11661436967552
1664575208999,40.91343212915623,-73.13254550939405,8.668034289347991,44.14040267467499
1664575209999,40.91343638923201,-73.13255564408641,8.089215606373822,43.88929901458323
1664575210999,40.913436488979976,-73.13255570774581,8.028617923984642,43.85354784503579
1664575211999,40.91343456809735,-73.13255573850036,8.647458271569436,44.132156307809055
1664575212999,40.91343221399783,-73.1325513475519,9.002410702726339,44.2124623414129
1664575213999,40.91343224905696,-73.13255155561663,8.492312914067984,44.21804306656122
1664575215999,40.91343224905696,-73.13255155561663,8.720587970663113,44.21804306656122
1664575217999,40.91343224905696,-73.13255155561663,8.969149192078657,44.21804306656122
1664575219999,40.91343224905696,-73.13255155561663,9.20342647417258,44.21804306656122
1664575221999,40.91343224905696,-73.13255155561663,9.404437171593207,44.21804306656122
1664575223999,40.91343224905696,-73.13255155561663,9.721440243689752,44.21804306656122
1664575225999,40.91343224905696,-73.13255155561663,9.92304538106947,44.21804306656122
1664575227999,40.91343224905696,-73.13255155561663,10.102812575358543,44.21804306656122
1664575229999,40.91343224905696,-73.13255155561663,10.287683921957948,44.21804306656122
1664575231999,40.91343224905696,-73.13255155561663,10.472850042778122,44.21804306656122
1664575233999,40.91343224905696,-73.13255155561663,10.636895714295893,44.21804306656122
1664575235999,40.91343224905696,-73.13255155561663,10.84086671075107,44.21804306656122
1664575237999,40.91343224905696,-73.13255155561663,11.137117192783919,44.21804306656122
1664575239999,40.91343224905696,-73.13255155561663,11.328715646728265,44.21804306656122
1664575241999,40.91343224905696,-73.13255155561663,11.478189036956755,44.21804306656122
1664575243999,40.91343224905696,-73.13255155561663,11.593007821112275,44.21804306656122
1664575245999,40.91343224905696,-73.13255155561663,10.153253161748077,44.21804306656122
1664575247999,40.91343224905696,-73.13255155561663,10.32009815350628,44.21804306656122
1664575248999,40.91345449664092,-73.13258033302938,10.370360207126167,44.07655670773238
1664575250999,40.91345449664092,-73.13258033302938,10.530596521520582,44.07655670773238
1664575252999,40.91345738194393,-73.13258836405173,10.848496911704025,43.91932807210833
1664575253999,40.91345651835319,-73.13258984885512,11.467872219092321,44.0818999344483
1664575254999,40.91345651203638,-73.13258985648031,11.203453315177196,44.11171523667872
1664575255999,40.913455788686875,-73.13258464902381,11.682347986212132,43.85132375173271
1664575257999,40.91345842514259,-73.13258265493828,11.511734177392421,43.9606560068205
1664575258999,40.913458453190465,-73.13258174833923,11.58590291503773,43.95727376639843
1664575259999,40.91345780138593,-73.13258183884192,11.894555009076184,43.93031505867839
1664575260999,40.91345764297902,-73.13258184278601,11.975925775750264,43.93370679114014
1664575262999,40.91345639628974,-73.13258115954412,12.359511905261574,43.891355470754206
1664575263999,40.913456416835345,-73.13258055295765,12.424925440920155,43.877862020395696
1664575265999,40.913456416835345,-73.13258055295765,12.616549685121987,43.877862020395696
1664575267999,40.913456416835345,-73.13258055295765,12.817484948271648,43.877862020395696
1664575269999,40.913456416835345,-73.13258055295765,13.05612060984851,43.877862020395696
1664575271999,40.913456416835345,-73.13258055295765,13.174735066019027,43.877862020395696
1664575273999,40.913456416835345,-73.13258055295765,12.554510773618992,43.877862020395696
1664575275999,40.913456416835345,-73.13258055295765,12.671490732452655,43.877862020395696
1664575277999,40.913456416835345,-73.13258055295765,10.82663467102321,43.877862020395696
1664575279999,40.913456416835345,-73.13258055295765,10.988174819202461,43.877862020395696
1664575281999,40.91345358381872,-73.13256029973051,10.920644112866926,43.91197034250945
1664575282999,40.913453812270156,-73.13256432042,11.790623574651683,43.98809935897589
1664575284999,40.91346014826559,-73.13257814086167,11.637834384490464,44.10713936947286
1664575285999,40.91346025828255,-73.13257792008967,13.005266399005235,43.732901400886476
1664575286999,40.9134603176056,-73.13257814484999,11.963559180349213,43.71429025288671
1664575288999,40.9134603176056,-73.13257814484999,12.07578306180513,43.71429025288671
1664575290999,40.913461974989005,-73.13257512814764,12.444128797786279,43.868469920009375
1664575291999,40.91346267230104,-73.1325762941151,13.173938851596095,43.88638163264841
1664575292999,40.91346514470749,-73.13257635916938,14.561489025105818,44.21030802279711
1664575293999,40.91346482767444,-73.13258115900955,16.864159215894457,44.02022613491863
1664575294999,40.91346389967469,-73.13258447756111,18.108420782396653,43.99017009604722
1664575295999,40.91344170741841,-73.13259794383602,72.85555316975065,43.740932499058545
1664575296999,40.91344174932792,-73.13259794383602,65.25058540780924,43.69967273063958
1664575297999,40.913444867359686,-73.1325501581443,16.570097090592558,43.85901180282235
1664575298999,40.91343983915646,-73.13255346768624,16.664818805164412,43.902483898214996
1664575300999,40.91343983915646,-73.13255346768624,16.036429495473207,43.902483898214996
1664575302999,40.91343983915646,-73.13255346768624,15.816652766137791,43.902483898214996
1664575304999,40.91343983915646,-73.13255346768624,15.942470079172205,43.902483898214996
1664575306999,40.91343983915646,-73.13255346768624,15.988434289194306,43.902483898214996
1664575308999,40.91343983915646,-73.13255346768624,15.285519322509664,43.902483898214996
1664575310999,40.91343983915646,-73.13255346768624,11.781970260867114,43.902483898214996
1664575312999,40.91343983915646,-73.13255346768624,11.99142381042626,43.902483898214996
1664575314999,40.91343983915646,-73.13255346768624,11.980333640507668,43.902483898214996
1664575316999,40.91343983915646,-73.13255346768624,11.921033359687508,43.902483898214996
1664575318999,40.91343983915646,-73.13255346768624,12.092329737207015,43.902483898214996
1664575320999,40.91343983915646,-73.13255346768624,12.053468737162376,43.902483898214996
1664575322999,40.91343983915646,-73.13255346768624,12.026403639459676,43.902483898214996
1664575324999,40.91344755543547,-73.13257297640796,12.01761476318609,44.102051401510835
1664575325999,40.91344942962527,-73.13257540465716,11.979625097832685,44.15885400772095
1664575327999,40.91344942962527,-73.13257540465716,12.015249659550541,44.15885400772095
1664575329999,40.91344942962527,-73.13257540465716,12.206611453177617,44.15885400772095
1664575331999,40.91344687331928,-73.13257241845898,12.28263372362045,43.922908544540405
1664575332999,40.91344700645669,-73.13257169536385,12.41676854141972,44.064516792073846
1664575333999,40.91344709683659,-73.13257268446961,12.7337031648457,43.92689900752157
1664575335999,40.91344709683659,-73.13257268446961,12.65903040303713,43.92689900752157
1664575337999,40.91344709683659,-73.13257268446961,12.630281481390206,43.92689900752157
1664575339999,40.913451030211135,-73.13256272533816,12.933053101759489,43.99710168968886
1664575340999,40.91344889315091,-73.13255196142619,10.831887750694918,44.025760071352124
1664575341999,40.91344977271792,-73.13255448588839,12.18909214416931,43.94667276646942
1664575342999,40.913449762485925,-73.13255472761222,11.134639741232208,43.942662621848285
1664575343999,40.913449402103204,-73.13255579882234,11.13116493747012,43.98099249880761
1664575344999,40.913449531054994,-73.13255550268504,11.25557731179943,44.07938497047871
1664575345999,40.913449531054994,-73.13255550268504,11.362661809010422,44.07938497047871
1664575346999,40.91344983084027,-73.13255532780887,11.459286753359219,43.92299946397543
1664575347999,40.91344983084027,-73.13255532780887,11.577339755800109,43.92299946397543
1664575349999,40.913452931641814,-73.1325529724466,9.615776822553922,43.83469405770302
1664575351999,40.913452931641814,-73.1325529724466,9.857686534182164,43.83469405770302
1664575353999,40.913452931641814,-73.1325529724466,10.10193650817084,43.83469405770302
1664575355999,40.913452931641814,-73.1325529724466,10.288322687049712,43.83469405770302
1664575357999,40.9134523504266,-73.13255006366582,10.864648200587864,43.9497141931206
1664575358999,40.913452378754876,-73.1325499947522,10.857643564567189,43.94376155268401
1664575360999,40.913452378754876,-73.1325499947522,11.040239737075062,43.94376155268401
1664575362999,40.913452378754876,-73.1325499947522,11.172583244757744,43.94376155268401
1664575364999,40.913452378754876,-73.1325499947522,11.365326927342881,43.94376155268401
1664575366999,40.913452378754876,-73.1325499947522,11.515807459209455,43.94376155268401
1664575368999,40.913452378754876,-73.1325499947522,11.67684820203425,43.94376155268401
1664575370999,40.913452378754876,-73.1325499947522,11.833730580322186,43.94376155268401
1664575372999,40.913452378754876,-73.1325499947522,10.407342270953665,43.94376155268401
1664575374999,40.913452378754876,-73.1325499947522,10.636474636024069,43.94376155268401
1664575377023,40.913452378754876,-73.1325499947522,10.860398972575808,43.94376155268401
1664575379016,40.91344903707303,-73.13254672038812,10.98295153658573,44.137772808782756
1664575380015,40.91344932935631,-73.13254659386597,11.127859430859742,44.08383048232645
1664575381015,40.91344932935631,-73.13254659386597,11.246251298388179,44.08383048232645
1664575382015,40.91344932935631,-73.13254659386597,11.341476759432593,44.08383048232645
1664575383037,40.91344932935631,-73.13254659386597,11.47310078237045,44.08383048232645
1664575396014,40.91342209549208,-73.13255360590632,10.476639955964595,41.48487091064453
1664575400016,40.9134386101057,-73.13253994142043,9.97608998421975,44.23857109807432
1664575400999,40.91343864290571,-73.1325388996429,10.410517508044153,44.08780291303992
1664575401999,40.91343888600868,-73.13253915072666,10.443005740435046,44.04240413475782
1664575402999,40.91343775908529,-73.13253996543901,11.025360504522304,44.10726048797369
1664575404999,40.91343741514617,-73.13254261271433,13.54842959554024,44.01506447698921
1664575405999,40.91343677617056,-73.13254479716245,16.413887560419663,44.14172562491149
1664575407025,40.91343601265777,-73.13254406984669,12.709589529613634,44.131742916069925
1664575408015,40.91343587568564,-73.13253945924957,13.457389692018584,44.178083304315805
1664575409016,40.91343634032445,-73.13253748048908,14.86865188300977,44.07866756990552
1664575410015,40.91343776605673,-73.13254406975985,16.744789808771355,44.06043446529657
1664575411016,40.91343743045029,-73.13254671763399,19.143119980640513,44.04307778645307
1664575412016,40.913438862698264,-73.1325563266253,22.806924201042833,44.160072669386864
1664575413016,40.91343613081902,-73.13254844423307,16.652252339101043,44.04180821869522
1664575414015,40.913436289001815,-73.13254843895555,17.095893734844594,44.045018886215985
1664575416015,40.913436289001815,-73.13254843895555,16.690749226270217,44.045018886215985
1664575417016,40.91344041050378,-73.13254516705898,16.623952472377955,43.98480976372957
1664575418015,40.913441176426765,-73.13254367683955,16.76348385648844,44.006930771283805
1664575419014,40.91344153593025,-73.1325434462566,17.378026428003146,44.01527146436274
1664575420014,40.91344153593025,-73.1325434462566,17.059498637023264,44.01527146436274
1664575421015,40.91344153593025,-73.1325434462566,17.066626374602762,44.01527146436274
1664575422016,40.91344153593025,-73.1325434462566,13.110849954910114,44.01527146436274
1664575423014,40.91343285704272,-73.13253270596243,11.230317037050058,44.0832595275715
1664575424014,40.91343284007695,-73.13253242927703,12.096911995658111,44.20134916342795
1664575425014,40.913432375390514,-73.13253399126235,13.825827703772811,44.1870533041656
1664575426014,40.91343173740481,-73.1325349700241,16.00412355394362,44.08359340298921
1664575427014,40.91343071358981,-73.13253842388175,19.4686052927779,44.015794686973095
1664575428014,40.913429931419785,-73.13254112501684,22.84889692954567,43.956012859009206
1664575429014,40.91343349355445,-73.13256270980956,26.77918540764979,44.08083856198937
1664575430016,40.91343349355445,-73.13256270980956,15.992113851060308,44.08083856198937
1664575432016,40.91343349355445,-73.13256270980956,15.316114096026972,44.08083856198937
1664575433017,40.91343349355445,-73.13256270980956,15.087385680772654,44.08083856198937
1664575434017,40.91343349355445,-73.13256270980956,11.151914077159367,44.08083856198937
1664575436018,40.91343349355445,-73.13256270980956,11.30111124605485,44.08083856198937
1664575438017,40.913436094323124,-73.1325485690633,11.518340257310578,43.90403265040368
1664575440015,40.913436094323124,-73.1325485690633,11.704670282995615,43.90403265040368
1664575441016,40.913436094323124,-73.1325485690633,11.800346343838884,43.90403265040368
1664575442017,40.913436094323124,-73.1325485690633,11.916850447759696,43.90403265040368
1664575444016,40.913436094323124,-73.1325485690633,12.250648292886503,43.90403265040368
1664575446017,40.913436094323124,-73.1325485690633,10.648897579644299,43.90403265040368
1664575448016,40.913436094323124,-73.1325485690633,11.26522426646476,43.90403265040368
1664575449016,40.91343684870279,-73.13253766656638,11.223708968627005,44.05291865300387
1664575450015,40.913437279944496,-73.13253846317195,11.734426232327227,44.027876164764166
1664575451016,40.9134380890839,-73.1325382855568,12.88090990346167,43.835291059687734
1664575452016,40.913439212183754,-73.13253842107227,14.519337747480717,44.009035820141435
1664575453015,40.91343979816838,-73.13254073666394,16.914476347607753,43.902636628597975
1664575454016,40.91343924211765,-73.13254326564221,20.139410595884023,44.01535583939403
1664575455017,40.91343653373455,-73.13254676675682,23.95769759779519,43.96984388958663
1664575456017,40.91343553345616,-73.13254788332013,16.21540561357407,43.947469715029
1664575458017,40.91343553345616,-73.13254788332013,13.962231215960713,43.947469715029
1664575460017,40.91343553345616,-73.13254788332013,13.433927425388264,43.947469715029
1664575461999,40.91343553345616,-73.13254788332013,13.353714090019531,43.947469715029
1664575463999,40.91343553345616,-73.13254788332013,13.34371496900609,43.947469715029
1664575465999,40.91343553345616,-73.13254788332013,13.462581110808504,43.947469715029
1664575466999,40.91343553345616,-73.13254788332013,13.391201532642421,43.947469715029
1664575467999,40.91343553345616,-73.13254788332013,13.35145951754338,43.947469715029
1664575468999,40.91343553345616,-73.13254788332013,11.731440666305263,43.947469715029
1664575469999,40.91343553345616,-73.13254788332013,9.940962375643078,43.947469715029
1664575470999,40.91343553345616,-73.13254788332013,10.009176934431947,43.947469715029
1664575471999,40.91343553345616,-73.13254788332013,10.046336424769864,43.947469715029
1664575472999,40.91343553345616,-73.13254788332013,10.08336232868703,43.947469715029
1664575473999,40.91343553345616,-73.13254788332013,9.739382190260718,43.947469715029
1664575474999,40.91343553345616,-73.13254788332013,9.564739953127633,43.947469715029
1664575475999,40.91343553345616,-73.13254788332013,9.680074762341476,43.947469715029
1664575476999,40.91343553345616,-73.13254788332013,9.506398276176105,43.947469715029
1664575477999,40.91343553345616,-73.13254788332013,9.610554899873204,43.947469715029
1664575478999,40.91343553345616,-73.13254788332013,9.553966949616774,43.947469715029
1664575479999,40.91343553345616,-73.13254788332013,9.614506677405576,43.947469715029
1664575480999,40.91343553345616,-73.13254788332013,9.765234513050402,43.947469715029
1664575481999,40.91343553345616,-73.13254788332013,7.9428751366512875,43.947469715029
1664575482999,40.91343553345616,-73.13254788332013,8.14692650488486,43.947469715029
1664575483999,40.91343553345616,-73.13254788332013,8.260877444819547,43.947469715029
1664575484999,40.91343553345616,-73.13254788332013,8.29378532116888,43.947469715029
1664575485999,40.91343553345616,-73.13254788332013,8.234276624934255,43.947469715029
1664575486999,40.91343553345616,-73.13254788332013,8.274896030180713,43.947469715029
1664575487999,40.91343553345616,-73.13254788332013,8.305696071933092,43.947469715029
1664575488999,40.91343553345616,-73.13254788332013,8.38811004026279,43.947469715029
1664575489999,40.91343553345616,-73.13254788332013,8.49424713001838,43.947469715029
1664575490999,40.91343553345616,-73.13254788332013,8.423392496623494,43.947469715029
1664575491999,40.91343553345616,-73.13254788332013,8.565380465071213,43.947469715029
1664575493999,40.91343553345616,-73.13254788332013,8.599816341605084,43.947469715029
1664575495999,40.91343553345616,-73.13254788332013,8.829498982609234,43.947469715029
1664575497999,40.91343553345616,-73.13254788332013,9.063563627201702,43.947469715029
1664575499999,40.91343553345616,-73.13254788332013,9.098794513818664,43.947469715029
1664575501999,40.91343553345616,-73.13254788332013,9.387315421049463,43.947469715029
1664575503999,40.91343553345616,-73.13254788332013,9.652227198224077,43.947469715029
1664575505999,40.91343553345616,-73.13254788332013,9.599068964643417,43.947469715029
1664575507999,40.913428842214024,-73.13250137751731,10.013578606224911,43.999409274198115
1664575508999,40.91343032131118,-73.13249957973838,10.81438334879938,44.06586000416428
1664575510999,40.91343032131118,-73.13249957973838,10.053695499166196,44.06586000416428
1664575512999,40.913432538023855,-73.13250626474031,9.886363819643993,44.357181700877845
1664575513999,40.913432460844014,-73.13250689882928,8.46813195563846,44.081203227862716
1664575515999,40.91343126795361,-73.13251118751322,8.995576178281214,44.03654385358095
1664575517999,40.91343126795361,-73.13251118751322,8.856410476365852,44.03654385358095
1664575519999,40.91343126795361,-73.13251118751322,9.044146882113395,44.03654385358095
1664575521999,40.91342515595961,-73.13252723858531,8.956190938264063,43.99187953583896
1664575523999,40.91342515595961,-73.13252723858531,9.300628839404881,43.99187953583896
1664575525999,40.913419279197605,-73.13253045680851,8.730311658218593,44.29696162138134
1664575527999,40.913419279197605,-73.13253045680851,7.924670861636309,44.29696162138134
1664575529999,40.913419279197605,-73.13253045680851,7.967606010379157,44.29696162138134
1664575531999,40.913419279197605,-73.13253045680851,8.24547538351342,44.29696162138134
1664575533999,40.913419279197605,-73.13253045680851,8.27276687440084,44.29696162138134
1664575535999,40.913419279197605,-73.13253045680851,8.406328496098201,44.29696162138134
1664575537999,40.913419279197605,-73.13253045680851,7.288648490420172,44.29696162138134
1664575539999,40.913419279197605,-73.13253045680851,7.603906220442834,44.29696162138134
1664575541999,40.913419279197605,-73.13253045680851,8.105567975928917,44.29696162138134
1664575543999,40.913419279197605,-73.13253045680851,8.32052765331002,44.29696162138134
1664575545999,40.913419279197605,-73.13253045680851,8.172266064375417,44.29696162138134
1664575547999,40.913419279197605,-73.13253045680851,8.193737555451074,44.29696162138134
1664575549999,40.913419279197605,-73.13253045680851,7.3030858839243535,44.29696162138134
1664575551999,40.913419279197605,-73.13253045680851,7.51069034507387,44.29696162138134
1664575553999,40.913419279197605,-73.13253045680851,7.576617068206425,44.29696162138134
1664575555999,40.913419279197605,-73.13253045680851,7.644668403130294,44.29696162138134
1664575557999,40.913419279197605,-73.13253045680851,7.760905810901115,44.29696162138134
1664575559999,40.913419279197605,-73.13253045680851,7.697711641775967,44.29696162138134
1664575561999,40.913429448341454,-73.13252059105062,7.169474145642514,44.26674075052142
1664575562999,40.91343049616937,-73.1325194830697,7.933411722604501,44.135230178013444
1664575563999,40.913430070748156,-73.1325210776885,9.539693182027191,44.10851824097335
1664575564999,40.91342965043573,-73.13252412512418,11.724407033678647,44.07203118875623
1664575565999,40.91342854185104,-73.13253058445846,14.845766563501112,43.932754861190915
1664575566999,40.91342942899788,-73.13253717176794,18.161202348477893,44.27019941993058
1664575567999,40.91342780504344,-73.13254029502288,20.920318348586708,44.10515861865133
1664575568999,40.913419403297844,-73.13255698810376,23.62089970056017,44.03435744252056
1664575569999,40.91341240884951,-73.13254937191607,26.442771664460146,44.16937801241875
1664575570999,40.9134132916747,-73.13255043949837,29.379403012117145,44.182967480272055
1664575572999,40.9134132916747,-73.13255043949837,18.581316518498745,44.182967480272055
1664575574999,40.9134132916747,-73.13255043949837,10.621626056905587,44.182967480272055
1664575576999,40.9134132916747,-73.13255043949837,10.232725592207924,44.182967480272055
1664575578999,40.9134132916747,-73.13255043949837,9.920858006300513,44.182967480272055
1664575580999,40.9134132916747,-73.13255043949837,9.517238986209229,44.182967480272055
1664575582999,40.9134132916747,-73.13255043949837,9.260460718364119,44.182967480272055
1664575584999,40.9134132916747,-73.13255043949837,8.650450573131812,44.182967480272055
1664575586999,40.9134132916747,-73.13255043949837,7.115184259167717,44.182967480272055
1664575588999,40.9134132916747,-73.13255043949837,6.934216480526605,44.182967480272055
1664575590999,40.9134132916747,-73.13255043949837,7.101247494988314,44.182967480272055
1664575592999,40.9134132916747,-73.13255043949837,7.102655347963679,44.182967480272055
1664575594999,40.9134132916747,-73.13255043949837,7.22542115183305,44.182967480272055
1664575596999,40.9134132916747,-73.13255043949837,7.2393603712743495,44.182967480272055
1664575598999,40.9134132916747,-73.13255043949837,6.249558825067595,44.182967480272055
1664575599999,40.9134132916747,-73.13255043949837,6.122273320193408,44.182967480272055
1664575600999,40.9134132916747,-73.13255043949837,6.041979328051635,44.182967480272055
1664575601999,40.9134132916747,-73.13255043949837,6.093519773756061,44.182967480272055
1664575602999,40.9134132916747,-73.13255043949837,6.008557654060164,44.182967480272055
1664575603999,40.9134132916747,-73.13255043949837,5.986922365358361,44.182967480272055
1664575605999,40.9134132916747,-73.13255043949837,6.132368442690463,44.182967480272055
1664575606999,40.9134132916747,-73.13255043949837,6.212503004077653,44.182967480272055
1664575608999,40.9134132916747,-73.13255043949837,6.385718081710484,44.182967480272055
1664575610999,40.9134132916747,-73.13255043949837,6.220792197481991,44.182967480272055
1664575612999,40.9134132916747,-73.13255043949837,6.4017746682178105,44.182967480272055
1664575613999,40.9134132916747,-73.13255043949837,6.453312850178119,44.182967480272055
1664575614999,40.9134132916747,-73.13255043949837,6.451660599455704,44.182967480272055
1664575615999,40.9134132916747,-73.13255043949837,6.564969064352795,44.182967480272055
1664575616999,40.9134132916747,-73.13255043949837,6.612650281968968,44.182967480272055
1664575618999,40.9134132916747,-73.13255043949837,6.466897644683166,44.182967480272055
1664575619999,40.9134132916747,-73.13255043949837,6.294460258825392,44.182967480272055
1664575621999,40.9134132916747,-73.13255043949837,5.834055624459293,44.182967480272055
1664575623999,40.9134132916747,-73.13255043949837,5.6727181227168995,44.182967480272055
1664575625999,40.9134132916747,-73.13255043949837,5.802129877881234,44.182967480272055
1664575627999,40.9134132916747,-73.13255043949837,6.212438860978537,44.182967480272055
1664575629999,40.9134132916747,-73.13255043949837,6.450073051706628,44.182967480272055
1664575631999,40.9134132916747,-73.13255043949837,6.2582124636527325,44.182967480272055
1664575633999,40.9134132916747,-73.13255043949837,6.015745165288406,44.182967480272055
1664575634999,40.913435933522834,-73.1325500485637,6.154552786224905,44.01051609776914
1664575635999,40.91343314998911,-73.1325523286839,6.674336554890765,44.2166794706136
1664575637999,40.91343306563684,-73.13255792446961,6.520708179303196,44.06660890765488
1664575638999,40.91343306192715,-73.13255789835718,6.56862373384752,44.058533881790936
1664575640999,40.91343306192715,-73.13255789835718,6.333094172884472,44.058533881790936
1664575642999,40.91343306192715,-73.13255789835718,5.838112944026297,44.058533881790936
1664575644999,40.91343306192715,-73.13255789835718,5.4988428430322855,44.058533881790936
1664575646999,40.91343306192715,-73.13255789835718,5.465997236940416,44.058533881790936
1664575648999,40.91343306192715,-73.13255789835718,5.5718335714712826,44.058533881790936
1664575650999,40.91343306192715,-73.13255789835718,5.723977102641449,44.058533881790936
1664575652999,40.91343306192715,-73.13255789835718,5.634209756458386,44.058533881790936
1664575654999,40.91343306192715,-73.13255789835718,5.627255499166872,44.058533881790936
1664575656999,40.91343306192715,-73.13255789835718,5.766457907473102,44.058533881790936
1664575658999,40.91343306192715,-73.13255789835718,5.905165360063174,44.058533881790936
1664575660999,40.91343306192715,-73.13255789835718,5.739071120970902,44.058533881790936
1664575662999,40.91343306192715,-73.13255789835718,5.812718865395857,44.058533881790936
1664575664999,40.91343306192715,-73.13255789835718,5.860507927189201,44.058533881790936
1664575666999,40.91343306192715,-73.13255789835718,5.868782605584837,44.058533881790936
1664575668999,40.91343306192715,-73.13255789835718,6.0573906876803445,44.058533881790936
1664575669999,40.913454910510374,-73.13255901008468,6.788383197704581,44.137653198093176
1664575670999,40.91345720835875,-73.13256050918915,7.742387507598357,44.14757691975683
1664575671999,40.91344656048805,-73.13258761798328,7.2309203149159424,44.017779746092856
1664575673999,40.91344656048805,-73.13258761798328,5.646194369627839,44.017779746092856
1664575675999,40.91344656048805,-73.13258761798328,5.346526912301118,44.017779746092856
1664575677999,40.91345298445868,-73.1325897187814,5.165823809012606,43.95483528263867
1664575679999,40.91345298445868,-73.1325897187814,5.243121849225257,43.95483528263867
1664575681999,40.91345298445868,-73.1325897187814,5.312533073919041,43.95483528263867
1664575683999,40.91345298445868,-73.1325897187814,5.439922511325167,43.95483528263867
1664575684999,40.91345892819105,-73.132578953448,5.453771963084092,43.863844835199416
1664575685999,40.913460873708225,-73.13257419300342,5.935639103827896,44.02460251748562
1664575686999,40.913460739385584,-73.13257494766759,7.541127761685573,43.94564593490213
1664575687999,40.9134608276995,-73.13257036990451,9.55900752083552,43.8691416811198
1664575688999,40.91346163769814,-73.13257283228346,13.009816253890493,43.83072548173368
1664575690999,40.913462055831474,-73.1325679663805,9.012954772034437,43.89093014970422
1664575691999,40.91346305347152,-73.13257704873823,10.478928161217398,43.94422987662256
1664575692999,40.91346343632299,-73.13257781814634,12.796378344409911,43.86251631565392
1664575693999,40.91346429920753,-73.13258144329484,10.293095234939575,43.83240445423871
1664575694999,40.91346437706257,-73.13257976059766,10.08779406549416,43.90512250829488
1664575695999,40.9134644164699,-73.13257946789147,10.139837153922095,43.955089850351214
1664575696999,40.913463517441514,-73.13257902964219,10.034977926135884,43.81205184105784
1664575697999,40.91345471249352,-73.1325644973728,9.077274673177957,43.835340267047286
1664575698999,40.91344833289363,-73.13257272912007,8.13616357909025,43.93152086343616
1664575699999,40.91344598884491,-73.13257466258473,7.655948635598754,44.13755910191685
1664575701999,40.91344598884491,-73.13257466258473,7.290777357398811,44.13755910191685
1664575703999,40.91344598884491,-73.13257466258473,7.515630655501448,44.13755910191685
1664575705999,40.91344598884491,-73.13257466258473,7.257304583338565,44.13755910191685
1664575707999,40.91344082831747,-73.1325709916447,7.138790626308618,43.976201832294464
1664575708999,40.91344086257029,-73.13257123682844,7.185122971775588,43.89820167515427
1664575710020,40.91344086257029,-73.13257123682844,7.316087630228491,43.89820167515427
1664575712019,40.91344086257029,-73.13257123682844,7.604343859501993,43.89820167515427
1664575734016,40.91342209549208,-73.13255360590632,10.476639955964595,41.298973083496094
1664575743056,40.91342209549208,-73.13255360590632,10.476639955964595,41.298973083496094
1664575749123,40.91342209549208,-73.13255360590632,10.476639955964595,45.82994842529297
1664575759271,40.91342209549208,-73.13255360590632,10.476639955964595,49.291473388671875
1664575765015,40.91345143063062,-73.13254920203258,10.929324401395315,45.65129415132105
1664575766016,40.91345639475546,-73.13254888456244,12.262209440403112,44.73645680304617
1664575767014,40.913460810949076,-73.13255041777921,14.019502681482171,44.734143475070596
1664575768015,40.913461143056445,-73.13255461799169,16.948713523022246,44.29886938165873
1664575769015,40.91346481414736,-73.1325594482179,20.165996519987427,44.40672610979527
1664575770016,40.913465474544736,-73.13255999420322,14.586908859262444,44.44492316804826
1664575772017,40.913465474544736,-73.13255999420322,10.849688433524229,44.44492316804826
1664575774016,40.913446269839596,-73.13253804079085,10.94140597233778,44.222079132683575
1664575774999,40.913445715137904,-73.13253728481497,11.466632053450304,44.03859729412943
1664575775999,40.91344601708367,-73.13253847602043,12.67883760788443,44.223186385817826
1664575776999,40.91344710526665,-73.13254048169932,14.58508465305352,44.239114724099636
1664575777999,40.9134484891086,-73.13254119206331,17.399426431032985,44.094263038598
1664575778999,40.913450447031295,-73.13254247222734,20.993708238188912,44.141164037398994
1664575779999,40.91345177611311,-73.13254388709622,14.66754689203106,44.19445778988302
1664575781000,40.91345177611311,-73.13254388709622,14.672809189653384,44.19445778988302
1664575782000,40.9134522586365,-73.13254342258472,200.0,44.194461822509766
1664575783000,40.91346558549364,-73.13253059320053,200.0,44.19546890258789
1664575784000,40.91347191166502,-73.13251871691324,200.0,44.21928405761719
1664575795015,40.91342209549208,-73.13255360590632,10.476639955964595,41.62005615234375
1664575807015,40.91342209549208,-73.13255360590632,10.476639955964595,44.2745246887207
1664575814079,40.91342209549208,-73.13255360590632,10.476639955964595,45.95123291015625
1664575820071,40.91342209549208,-73.13255360590632,10.476639955964595,48.87179183959961
1664575826108,40.91342209549208,-73.13255360590632,10.476639955964595,48.98347854614258
1664575838016,40.91342209549208,-73.13255360590632,10.476639955964595,48.9063720703125
1664575850016,40.91342209549208,-73.13255360590632,10.476639955964595,48.42635726928711
1664575856437,40.91342209549208,-73.13255360590632,10.476639955964595,48.69080352783203
1664575864533,40.91342209549208,-73.13255360590632,10.476639955964595,48.88916778564453
1664575871017,40.9134278036835,-73.13251458005583,10.568471374797943,45.2232776992023
1664575872015,40.91342867003541,-73.13251660133177,12.246497094481827,44.55600893404335
1664575873015,40.913429063869145,-73.13251717209783,10.636430592870738,44.393214100040495
1664575874016,40.913429414968725,-73.13251719876563,10.63016098020867,44.39530191011727
1664575876016,40.913429414968725,-73.13251719876563,10.876737549070231,44.39530191011727
1664575877017,40.913429414968725,-73.13251719876563,10.232405525743578,44.39530191011727
1664575878017,40.91342679896489,-73.13251673728514,9.318054833768858,44.32702517788857
1664575879014,40.913426297842165,-73.13251681442749,10.14359540856287,44.10607978142798
1664575880015,40.913426297842165,-73.13251681442749,9.87587805165157,44.10607978142798
1664575881015,40.913426297842165,-73.13251681442749,9.888464493742676,44.10607978142798
1664575881999,40.91342676688012,-73.13251675832196,10.04122237753854,44.24602783750743
1664575883999,40.91342676688012,-73.13251675832196,10.306057450716885,44.24602783750743
1664575884999,40.91342676688012,-73.13251675832196,10.419115394285122,44.24602783750743
1664575886999,40.91342676688012,-73.13251675832196,10.654460452060345,44.24602783750743
1664575888999,40.91342676688012,-73.13251675832196,9.094947865937645,44.24602783750743
1664575890999,40.91342676688012,-73.13251675832196,9.358169625705573,44.24602783750743
1664575892015,40.91342676688012,-73.13251675832196,9.661360349527232,44.24602783750743
1664575894016,40.91342676688012,-73.13251675832196,9.92691925914875,44.24602783750743
1664575896015,40.91342676688012,-73.13251675832196,10.107677404866665,44.24602783750743
1664575898016,40.91342676688012,-73.13251675832196,10.366208636651303,44.24602783750743
1664575900014,40.91342676688012,-73.13251675832196,10.56794728831671,44.24602783750743
1664575901017,40.91342676688012,-73.13251675832196,10.691606371763724,44.24602783750743
1664575903016,40.91342676688012,-73.13251675832196,9.719591964177056,44.24602783750743
1664575904016,40.91342676688012,-73.13251675832196,9.829948271987128,44.24602783750743
1664575905016,40.91342676688012,-73.13251675832196,9.964935703915339,44.24602783750743
1664575907016,40.91342676688012,-73.13251675832196,10.254892600661766,44.24602783750743
1664575908016,40.91342676688012,-73.13251675832196,10.387984955460142,44.24602783750743
1664575909017,40.91342676688012,-73.13251675832196,10.628651873386668,44.24602783750743
1664575911016,40.91342676688012,-73.13251675832196,10.846484914595608,44.24602783750743
1664575913015,40.91342676688012,-73.13251675832196,10.35572084374661,44.24602783750743
1664575915014,40.91342676688012,-73.13251675832196,9.553667407330787,44.24602783750743
1664575916017,40.91342676688012,-73.13251675832196,9.62990364531416,44.24602783750743
1664575918015,40.91342676688012,-73.13251675832196,9.873795510401417,44.24602783750743
1664575919016,40.91342676688012,-73.13251675832196,10.003044521639021,44.24602783750743
1664575921015,40.91342676688012,-73.13251675832196,10.2537959062833,44.24602783750743
1664575922016,40.91342676688012,-73.13251675832196,10.387165208152283,44.24602783750743
1664575924016,40.91342676688012,-73.13251675832196,10.60978321989986,44.24602783750743
1664575925016,40.91342676688012,-73.13251675832196,9.032534634851975,44.24602783750743
1664575926017,40.91342676688012,-73.13251675832196,9.152124600008312,44.24602783750743
1664575928016,40.91342676688012,-73.13251675832196,9.427302083612691,44.24602783750743
1664575929017,40.91342676688012,-73.13251675832196,9.769220611717278,44.24602783750743
1664575931016,40.91342676688012,-73.13251675832196,9.969577874693956,44.24602783750743
1664575932016,40.91342676688012,-73.13251675832196,10.115946065380692,44.24602783750743
1664575933999,40.91342676688012,-73.13251675832196,10.330803913645289,44.24602783750743
1664575935999,40.91342676688012,-73.13251675832196,10.563728555354876,44.24602783750743
1664575937017,40.91342676688012,-73.13251675832196,9.988299649384302,44.24602783750743
1664575939016,40.91342676688012,-73.13251675832196,9.219191274151477,44.24602783750743
1664575941016,40.91342676688012,-73.13251675832196,9.506502068487382,44.24602783750743
1664575943016,40.913423700241786,-73.13251917711473,10.028510508274085,44.30429550167173
1664575944016,40.9134233757954,-73.13251860922279,10.860913580224393,44.18006071448326
1664575945015,40.91342365316631,-73.1325193273826,12.398962502585976,44.22538571897894
1664575946015,40.91342408674542,-73.13252092550255,14.717476108698824,44.28371099662036
1664575947015,40.913423918202234,-73.13252221265988,17.70240891493316,44.23499908670783
1664575948016,40.91342554956921,-73.13252673757738,21.47228486481911,44.033116673119366
1664575949019,40.91342671222865,-73.13253057594055,23.173532106612793,44.241927857510746
1664575960016,40.91342209549208,-73.13255360590632,10.476639955964595,41.6429328918457
1664575972014,40.91342209549208,-73.13255360590632,10.476639955964595,45.30890655517578
1664575979058,40.91342209549208,-73.13255360590632,10.476639955964595,45.30890655517578
1664575985563,40.91342209549208,-73.13255360590632,10.476639955964595,48.31543731689453
1664575992007,40.91342209549208,-73.13255360590632,10.476639955964595,48.846466064453125
1664575995014,40.9134287964416,-73.13252694065561,10.13055023017692,44.38247510883957
1664575997013,40.9134287964416,-73.13252694065561,10.333317266078248,44.38247510883957
1664575998014,40.9134287964416,-73.13252694065561,10.451815546052067,44.38247510883957
1664576000013,40.9134287964416,-73.13252694065561,10.570737313957935,44.38247510883957
1664576009016,40.913428590123736,-73.1325303281978,10.032213247502046,44.22150491643697
1664576010017,40.913428590123736,-73.1325303281978,9.980741533641762,44.22150491643697
1664576011999,40.913428590123736,-73.1325303281978,10.391653640345403,44.22150491643697
1664576013015,40.913428590123736,-73.1325303281978,10.465036601068544,44.22150491643697
1664576015015,40.913428590123736,-73.1325303281978,10.7074709705892,44.22150491643697
1664576017016,40.913428590123736,-73.1325303281978,9.16023352453627,44.22150491643697
1664576019017,40.913428590123736,-73.1325303281978,9.397737569291214,44.22150491643697
1664576021016,40.913428590123736,-73.1325303281978,9.656841287421418,44.22150491643697
1664576023015,40.913428590123736,-73.1325303281978,9.912575459429181,44.22150491643697
1664576024015,40.913428590123736,-73.1325303281978,10.033481138979111,44.22150491643697
1664576025016,40.913428590123736,-73.1325303281978,10.183242705591757,44.22150491643697
1664576026016,40.913428590123736,-73.1325303281978,10.285185528455349,44.22150491643697
1664576027017,40.913428590123736,-73.1325303281978,10.434124298426802,44.22150491643697
1664576029017,40.913428590123736,-73.1325303281978,8.939435019335376,44.22150491643697
1664576031016,40.913428590123736,-73.1325303281978,9.355930694592958,44.22150491643697
1664576033016,40.913428590123736,-73.1325303281978,9.61708151553209,44.22150491643697
1664576035016,40.913428590123736,-73.1325303281978,9.818052096763912,44.22150491643697
1664576037015,40.9134249532762,-73.13252773635955,10.067808495616571,44.23860818333924
1664576038016,40.91342500132051,-73.13252764352569,10.594917773342805,44.101112863980234
1664576039015,40.91342556737705,-73.13252940952707,11.598344048495719,44.100745654664934
1664576040016,40.913425500563605,-73.13253009019127,13.181842699746934,44.20072615612298
1664576040999,40.91342570283683,-73.13253124512305,10.865463528552645,44.21941239386797
1664576042999,40.91342570283683,-73.13253124512305,10.056589526816007,44.21941239386797
1664576044016,40.91342506551393,-73.1325284624355,10.63137357885049,44.114591451361775
1664576045016,40.91342492844943,-73.13252722206401,11.627304802249865,44.20715514104813
1664576047015,40.913424957184,-73.13252880143615,11.212307711623657,44.093967034481466
1664576048015,40.913424957184,-73.13252880143615,11.54994405674305,44.093967034481466
1664576049015,40.913424957184,-73.13252880143615,11.621707536787657,44.093967034481466
1664576050016,40.91342502462593,-73.13252668534714,12.16713509901625,44.09589876327664
1664576051016,40.9134249710423,-73.13252649384481,13.402847512733965,44.14795974921435
1664576052015,40.91342522574198,-73.13252726829032,12.588919486677026,43.986467162147164
1664576053017,40.9134272723097,-73.13252294969486,10.325172136880665,44.279927550815046
1664576053999,40.913427963731344,-73.13252378952717,11.235097320647393,44.137270209379494
1664576054999,40.91342788715364,-73.1325239172886,12.834952412124883,44.14096470363438
1664576055999,40.91342788627865,-73.13252463808557,15.136022745833879,44.19485154654831
1664576056999,40.913427971116725,-73.13252555648431,12.105014506409345,44.14466490596533
1664576058998,40.913427971116725,-73.13252555648431,11.924603053029518,44.14466490596533
1664576060000,40.913427289747666,-73.13252246714829,11.97379561131,44.19059781637043
1664576062000,40.913427289747666,-73.13252246714829,11.718876084387524,44.19059781637043
1664576064000,40.913427289747666,-73.13252246714829,11.814023425989165,44.19059781637043
1664576066000,40.913427289747666,-73.13252246714829,9.645966032288115,44.19059781637043
1664576068000,40.913427289747666,-73.13252246714829,9.80902748491916,44.19059781637043
1664576070000,40.913427289747666,-73.13252246714829,9.83624878284953,44.19059781637043
1664576072000,40.913427289747666,-73.13252246714829,8.811310471822429,44.19059781637043
1664576074000,40.913427289747666,-73.13252246714829,8.92520207571902,44.19059781637043
1664576076000,40.913427289747666,-73.13252246714829,8.99392221931606,44.19059781637043
1664576078000,40.913427289747666,-73.13252246714829,7.9861508768936496,44.19059781637043
1664576080000,40.913427289747666,-73.13252246714829,8.216070781194187,44.19059781637043
1664576082000,40.913427289747666,-73.13252246714829,8.45009095585409,44.19059781637043
1664576084000,40.913427289747666,-73.13252246714829,8.679245969459163,44.19059781637043
1664576086000,40.913427289747666,-73.13252246714829,8.86157290389248,44.19059781637043
1664576088000,40.913427289747666,-73.13252246714829,9.115414017555604,44.19059781637043
1664576089999,40.913427289747666,-73.13252246714829,9.072415984085769,44.19059781637043
1664576091999,40.913427289747666,-73.13252246714829,8.444994473168826,44.19059781637043
1664576093999,40.913427289747666,-73.13252246714829,8.542155052039947,44.19059781637043
1664576095999,40.913427289747666,-73.13252246714829,8.632894140656596,44.19059781637043
1664576097999,40.913427289747666,-73.13252246714829,8.692317854566268,44.19059781637043
1664576099999,40.913427289747666,-73.13252246714829,8.672811539147355,44.19059781637043
1664576101999,40.913427289747666,-73.13252246714829,8.407337162573505,44.19059781637043
1664576103999,40.913427289747666,-73.13252246714829,8.569925054789152,44.19059781637043
1664576105999,40.913427289747666,-73.13252246714829,8.632636289145193,44.19059781637043
1664576107999,40.913460058946214,-73.13258977562093,9.193613924965193,44.06545524392277
1664576108999,40.913459306154564,-73.13259096478205,9.177135066433513,43.94015477690846
1664576109999,40.91345461160969,-73.13258080392747,8.683523272556045,44.615585684776306
1664576110999,40.913454955746474,-73.13258251258522,9.780799039674074,43.999155884608626
1664576111999,40.91345505536756,-73.13258354757977,11.574336742183496,43.95340636745095
1664576112999,40.91345562786944,-73.13258463675855,14.079245922826612,43.836467732675374
1664576113999,40.9134529184898,-73.13259533622757,16.341068196664693,43.988561572507024
1664576114999,40.91345378731027,-73.1325964496164,10.807018463306523,43.99293044582009
1664576115999,40.9134587134793,-73.13259687066889,10.68786704128572,43.920791797339916
1664576117999,40.9134587134793,-73.13259687066889,10.132985218153253,43.920791797339916
1664576119999,40.9134587134793,-73.13259687066889,10.028359073698885,43.920791797339916
1664576121999,40.9134587134793,-73.13259687066889,9.637847930725185,43.920791797339916
1664576123999,40.9134587134793,-73.13259687066889,9.520582101933003,43.920791797339916
1664576125999,40.9134587134793,-73.13259687066889,9.23221784452031,43.920791797339916
1664576127999,40.9134587134793,-73.13259687066889,8.600289906300178,43.920791797339916
1664576129999,40.9134587134793,-73.13259687066889,8.5884005846343,43.920791797339916
1664576131999,40.9134587134793,-73.13259687066889,8.67639768108908,43.920791797339916
1664576133999,40.9134587134793,-73.13259687066889,8.54415570028427,43.920791797339916
1664576135999,40.9134587134793,-73.13259687066889,8.163191673341942,43.920791797339916
1664576137999,40.9134587134793,-73.13259687066889,8.290750162304823,43.920791797339916
1664576139999,40.9134587134793,-73.13259687066889,8.51124219881203,43.920791797339916
1664576141999,40.9134587134793,-73.13259687066889,7.474073628191692,43.920791797339916
1664576143999,40.9134587134793,-73.13259687066889,7.15152635284582,43.920791797339916
1664576145999,40.9134587134793,-73.13259687066889,6.959451912594941,43.920791797339916
1664576147999,40.9134587134793,-73.13259687066889,6.678748124602179,43.920791797339916
1664576149999,40.9134587134793,-73.13259687066889,6.8875494989492845,43.920791797339916
1664576151999,40.9134587134793,-73.13259687066889,7.098954006982983,43.920791797339916
1664576153999,40.9134587134793,-73.13259687066889,7.249162098871997,43.920791797339916
1664576155999,40.9134587134793,-73.13259687066889,7.465563984484626,43.920791797339916
1664576157999,40.9134587134793,-73.13259687066889,7.014785876804846,43.920791797339916
1664576159999,40.9134587134793,-73.13259687066889,6.896500120824165,43.920791797339916
1664576161999,40.9134587134793,-73.13259687066889,6.702754596425345,43.920791797339916
1664576163999,40.9134587134793,-73.13259687066889,7.057762253604671,43.920791797339916
1664576165999,40.9134587134793,-73.13259687066889,7.0658101219622615,43.920791797339916
1664576167999,40.9134587134793,-73.13259687066889,7.153666530403152,43.920791797339916
1664576169999,40.9134587134793,-73.13259687066889,7.379571607127234,43.920791797339916
1664576170999,40.913442332220654,-73.1325814295545,7.4881577493284635,43.74265038780868
1664576171999,40.913442411565,-73.13258050306017,8.251565240191177,43.8970885835588
1664576172999,40.91344158599373,-73.13256849831036,8.733845766718279,43.73718807194382
1664576173999,40.91344176694237,-73.13257162797183,10.911624108513827,43.9114455441013
1664576174999,40.91344190667054,-73.1325743335858,13.403767337070871,43.915056456811726
1664576175999,40.913440527577926,-73.13257483820654,16.897856843245176,43.92330527771264
1664576176999,40.91344019779438,-73.13257496028085,10.721161322633813,44.03967788442969
1664576178999,40.91344019779438,-73.13257496028085,10.441225206581457,44.03967788442969
1664576180999,40.91344019779438,-73.13257496028085,10.476002621701419,44.03967788442969
1664576182999,40.91344019779438,-73.13257496028085,10.642983178616701,44.03967788442969
1664576184999,40.91344019779438,-73.13257496028085,10.885334529369915,44.03967788442969
1664576185999,40.91344019779438,-73.13257496028085,10.9947815362857,44.03967788442969
1664576187999,40.91344019779438,-73.13257496028085,11.225896131008621,44.03967788442969
1664576189999,40.91344019779438,-73.13257496028085,11.596024415814702,44.03967788442969
1664576191999,40.91344019779438,-73.13257496028085,11.80227500693014,44.03967788442969
1664576192999,40.91344019779438,-73.13257496028085,11.874262731468328,44.03967788442969
1664576193999,40.91344019779438,-73.13257496028085,11.959839291140431,44.03967788442969
1664576194999,40.91344019779438,-73.13257496028085,12.107162901120937,44.03967788442969
1664576195999,40.91344019779438,-73.13257496028085,12.189778360026176,44.03967788442969
1664576196999,40.91344019779438,-73.13257496028085,12.264547596149283,44.03967788442969
1664576197999,40.91344019779438,-73.13257496028085,12.384023675051637,44.03967788442969
1664576199999,40.913444149356145,-73.13256549623513,12.882664483611945,43.80173619929701
1664576200999,40.913444149356145,-73.13256549623513,12.833702555637315,43.80173619929701
1664576201999,40.913444149356145,-73.13256549623513,12.939041772494564,43.80173619929701
1664576203999,40.913444149356145,-73.13256549623513,13.11449124509186,43.80173619929701
1664576205999,40.913444149356145,-73.13256549623513,11.079452002615938,43.80173619929701
1664576207999,40.913444149356145,-73.13256549623513,11.305874406729114,43.80173619929701
1664576209999,40.913444149356145,-73.13256549623513,11.505665998258056,43.80173619929701
1664576211999,40.913444149356145,-73.13256549623513,11.744486181493533,43.80173619929701
1664576213999,40.913444149356145,-73.13256549623513,11.961748853579325,43.80173619929701
1664576215021,40.913444149356145,-73.13256549623513,12.219117605709226,43.80173619929701
1664576216023,40.913444149356145,-73.13256549623513,12.299014054202312,43.80173619929701
1664576217026,40.913444149356145,-73.13256549623513,9.886793759088226,43.80173619929701
1664576218999,40.913444149356145,-73.13256549623513,10.114552290359239,43.80173619929701
1664576220024,40.913444149356145,-73.13256549623513,10.231104324798352,43.80173619929701
1664576222023,40.913444149356145,-73.13256549623513,10.494684874440434,43.80173619929701
1664576223024,40.913444149356145,-73.13256549623513,10.605064321664173,43.80173619929701
1664576224024,40.913444149356145,-73.13256549623513,10.716609799262303,43.80173619929701
1664576225024,40.913444149356145,-73.13256549623513,10.881636630741763,43.80173619929701
1664576227999,40.913444149356145,-73.13256549623513,11.180135481924095,43.80173619929701
1664576229999,40.913444149356145,-73.13256549623513,9.43969842418624,43.80173619929701
1664576231999,40.913444149356145,-73.13256549623513,9.72715745436587,43.80173619929701
1664576233999,40.91343421109363,-73.13253699723525,10.149650356462066,43.984063535928726
1664576235999,40.91343421109363,-73.13253699723525,10.176665712405445,43.984063535928726
1664576237999,40.91343421109363,-73.13253699723525,119.34339673883305,43.984063535928726
1664576239999,40.91343421109363,-73.13253699723525,10.77249412379865,43.984063535928726
1664576241999,40.91343421109363,-73.13253699723525,9.195181471076397,43.984063535928726
1664576243999,40.91343421109363,-73.13253699723525,9.485451907135516,43.984063535928726
1664576244999,40.913431299444106,-73.13253120804535,9.898976744950176,43.97361368034035
1664576245999,40.91343090411758,-73.13253019144747,10.926746573031158,44.42462144047022
1664576246999,40.913431661261185,-73.13253171995238,12.43970769016189,44.14731440041214
1664576247999,40.91343031655102,-73.13253594668251,14.9644989873054,44.09502145461738
1664576248999,40.913429452824644,-73.13253991505294,17.68592515663636,44.27991743013263
1664576249999,40.91342943223713,-73.13254034638558,11.500694073227294,44.289233434945345
1664576251999,40.91342943223713,-73.13254034638558,11.002903678891707,44.289233434945345
1664576253999,40.91342943223713,-73.13254034638558,9.072778079438725,44.289233434945345
1664576255999,40.91342943223713,-73.13254034638558,8.860098844940755,44.289233434945345
1664576257999,40.91342943223713,-73.13254034638558,9.104017794905557,44.289233434945345
1664576258999,40.91341459139601,-73.13252683401153,9.471993527110216,43.940875546075404
1664576259999,40.913414933372,-73.13253079025391,10.316442405354337,44.41540883574635
1664576260999,40.91341536928308,-73.13253146294518,9.926455314143709,43.990438144654036
1664576262999,40.91341536928308,-73.13253146294518,9.482593618478859,43.990438144654036
1664576264999,40.91341536928308,-73.13253146294518,9.579629365590108,43.990438144654036
1664576266999,40.91341536928308,-73.13253146294518,9.751377804413902,43.990438144654036
1664576268999,40.91341536928308,-73.13253146294518,9.898745134940212,43.990438144654036
1664576270999,40.913417343434276,-73.13255424422253,10.074914539194088,44.12222294230014
1664576272999,40.913417343434276,-73.13255424422253,10.270550005189083,44.12222294230014
1664576274999,40.913417343434276,-73.13255424422253,10.229173048516929,44.12222294230014
1664576276999,40.913417343434276,-73.13255424422253,10.346749367283984,44.12222294230014
1664576278999,40.913417343434276,-73.13255424422253,10.574686194959893,44.12222294230014
1664576280999,40.913417343434276,-73.13255424422253,10.743020579829842,44.12222294230014
1664576282999,40.913421759703,-73.13257267375452,10.184831567149685,44.0607449375093
1664576283999,40.913417909866936,-73.132576348202,10.710538881007256,43.95031104981899
1664576284999,40.913420536073104,-73.13259514848751,8.724146134439275,43.95270912069827
1664576286999,40.913420536073104,-73.13259514848751,8.338554608066744,43.95270912069827
1664576288999,40.913420536073104,-73.13259514848751,8.178080074702619,43.95270912069827
1664576290999,40.913420536073104,-73.13259514848751,7.994179752468104,43.95270912069827
1664576292999,40.913420536073104,-73.13259514848751,7.953617432898025,43.95270912069827
1664576294999,40.913420536073104,-73.13259514848751,7.949816409233675,43.95270912069827
1664576296999,40.913420536073104,-73.13259514848751,8.08195460735618,43.95270912069827
1664576298999,40.913420536073104,-73.13259514848751,8.278202805169876,43.95270912069827
1664576300999,40.913420536073104,-73.13259514848751,8.550879029770934,43.95270912069827
1664576302999,40.913420536073104,-73.13259514848751,8.81603325252634,43.95270912069827
1664576304999,40.913420536073104,-73.13259514848751,9.111318196593537,43.95270912069827
1664576306999,40.913420536073104,-73.13259514848751,9.520294107708065,43.95270912069827
1664576308999,40.913420536073104,-73.13259514848751,9.806638936141258,43.95270912069827
1664576310999,40.913420536073104,-73.13259514848751,9.985022490236512,43.95270912069827
1664576311999,40.913420536073104,-73.13259514848751,10.09459480206716,43.95270912069827
1664576312999,40.913420536073104,-73.13259514848751,10.24931826859531,43.95270912069827
1664576313999,40.913420536073104,-73.13259514848751,10.3561280112001,43.95270912069827
1664576314999,40.913420536073104,-73.13259514848751,10.459657066427441,43.95270912069827
1664576315999,40.913420536073104,-73.13259514848751,10.596130476953137,43.95270912069827
1664576316999,40.913420536073104,-73.13259514848751,10.702338070941765,43.95270912069827
1664576317999,40.913420536073104,-73.13259514848751,9.56866443554262,43.95270912069827
1664576318999,40.913420536073104,-73.13259514848751,9.716859036552265,43.95270912069827
1664576319999,40.913420536073104,-73.13259514848751,9.837052212039474,43.95270912069827
1664576320999,40.913420536073104,-73.13259514848751,10.123847443165555,43.95270912069827
1664576321999,40.913420536073104,-73.13259514848751,10.222973933737425,43.95270912069827
1664576322999,40.913420536073104,-73.13259514848751,10.353369103061953,43.95270912069827
1664576323999,40.913420536073104,-73.13259514848751,10.430407876618416,43.95270912069827
1664576324999,40.913420536073104,-73.13259514848751,10.54123630745275,43.95270912069827
1664576325999,40.913420536073104,-73.13259514848751,10.64987792725696,43.95270912069827
1664576326999,40.913425700795365,-73.13259318021908,11.182285370757826,43.89885117299855
1664576327999,40.913425760761015,-73.13259300953528,12.426385780747655,43.98681499436498
1664576328999,40.913425604102294,-73.1325941210126,14.25908557296094,43.88350834324956
1664576329999,40.91342381715002,-73.13259711541808,12.526837048307877,44.016224714927375
1664576330999,40.91342310292703,-73.13259581060305,12.799004108914907,44.01948296930641
1664576331999,40.91342324251157,-73.13259567969509,13.723597842787447,43.90967446565628
1664576332999,40.91342324251157,-73.13259567969509,13.120725292260587,43.90967446565628
1664576333999,40.91342028165722,-73.13258846169364,13.134631433432352,43.99176953546703
1664576334999,40.913420628674494,-73.13258733933696,13.423171307332955,43.826223239302635
1664576335999,40.91342094222912,-73.13258668202398,14.326013319852178,43.85022898763418
1664576336999,40.91340884135788,-73.13256539376434,15.28374874474174,43.885242668911815
1664576337999,40.91341166463396,-73.13256627123533,17.679515530232813,43.88937348686159
1664576338999,40.913413243884705,-73.1325683194411,20.850321568369125,43.750084343366325
1664576339999,40.91336749702026,-73.1325412711626,17.79623726402894,43.79634272027761
1664576340999,40.9133764355619,-73.13256102157135,19.25774215760328,43.84097172599286
1664576341999,40.9133764355619,-73.13256102157135,11.968893950183297,43.84097172599286
1664576342999,40.9133764355619,-73.13256102157135,11.467533070118455,43.84097172599286
1664576343999,40.9133764355619,-73.13256102157135,11.2806620869197,43.84097172599286
1664576345999,40.9133764355619,-73.13256102157135,9.855392022747457,43.84097172599286
1664576346999,40.9133764355619,-73.13256102157135,9.042653563840956,43.84097172599286
1664576348999,40.9133764355619,-73.13256102157135,8.787176442384142,43.84097172599286
1664576349999,40.9133764355619,-73.13256102157135,8.089288106114399,43.84097172599286
1664576351999,40.9133764355619,-73.13256102157135,7.955922222193859,43.84097172599286
1664576353999,40.9133764355619,-73.13256102157135,8.162007081239658,43.84097172599286
1664576354999,40.9133764355619,-73.13256102157135,8.317588822690848,43.84097172599286
1664576356999,40.9133764355619,-73.13256102157135,8.625971517961935,43.84097172599286
1664576358999,40.9133764355619,-73.13256102157135,8.81664213934487,43.84097172599286
1664576360999,40.9133764355619,-73.13256102157135,8.999274266988568,43.84097172599286
1664576362999,40.9133764355619,-73.13256102157135,8.582277104350029,43.84097172599286
1664576364999,40.9133764355619,-73.13256102157135,8.705606320956736,43.84097172599286
1664576366999,40.9133764355619,-73.13256102157135,8.353584715678634,43.84097172599286
1664576368999,40.9133764355619,-73.13256102157135,8.15628761787657,43.84097172599286
1664576370999,40.9133764355619,-73.13256102157135,7.973068889710103,43.84097172599286
1664576372999,40.9133764355619,-73.13256102157135,7.969911080094162,43.84097172599286
1664576374999,40.9133764355619,-73.13256102157135,8.17386875357283,43.84097172599286
1664576376999,40.9133764355619,-73.13256102157135,8.435792165093384,43.84097172599286
1664576378999,40.9133764355619,-73.13256102157135,8.785362448738299,43.84097172599286
1664576380999,40.9133764355619,-73.13256102157135,8.969843762098106,43.84097172599286
1664576381999,40.91339558367961,-73.13252048353799,8.854979998805616,44.06092821341008
1664576382999,40.913395718969376,-73.13252041919978,8.80698561824673,44.0789587283507
1664576384999,40.913395718969376,-73.13252041919978,9.020874171271876,44.0789587283507
1664576386999,40.913395718969376,-73.13252041919978,9.410291209061555,44.0789587283507
1664576388999,40.913395718969376,-73.13252041919978,9.679446297084286,44.0789587283507
1664576390999,40.913395718969376,-73.13252041919978,9.856228106129493,44.0789587283507
1664576392999,40.913395718969376,-73.13252041919978,10.092927853963385,44.0789587283507
1664576394014,40.913395718969376,-73.13252041919978,10.192361034380484,44.0789587283507
1664576395017,40.913395718969376,-73.13252041919978,8.728163084793696,44.0789587283507
1664576397015,40.913395718969376,-73.13252041919978,9.011140102447898,44.0789587283507
1664576399015,40.913395718969376,-73.13252041919978,9.29054818655185,44.0789587283507
1664576401014,40.913395718969376,-73.13252041919978,9.542466146952442,44.0789587283507
1664576402015,40.91340490504309,-73.13251812628215,9.67854353939771,44.042232325300574
1664576403014,40.913405018949696,-73.1325181127849,10.088874249287265,44.051203429698944
1664576404014,40.91340538959095,-73.13251829327069,10.857637117763478,44.02548727951944
1664576405013,40.91340552861398,-73.13251859136003,12.40024517531492,44.137251066975296
1664576409014,40.91340555193442,-73.13251905116717,9.710122240807333,44.131556663662195
1664576411013,40.91340555193442,-73.13251905116717,9.91665632092294,44.131556663662195
1664576412015,40.91340555193442,-73.13251905116717,10.054227699444121,44.131556663662195
1664576414014,40.913412769591226,-73.13251402666118,10.302881824079735,44.246633167378604
1664576415015,40.913412769591226,-73.13251402666118,10.412348688199204,44.246633167378604
1664576417015,40.913412769591226,-73.13251402666118,10.648662120790451,44.246633167378604
1664576418014,40.91341297189843,-73.13251384910251,11.083216720814836,44.09711821004748
1664576419016,40.91341299569451,-73.13251377756404,9.217649186302081,44.089926501736045
1664576421013,40.91341602521067,-73.13251583137797,9.480731781503785,44.31598943378776
1664576422013,40.91341624920058,-73.13251647561506,10.075183516027614,44.04854649491608
1664576423014,40.91341630331527,-73.13251607701271,10.045036940727533,44.12609894853085
1664576424014,40.91341601038869,-73.13251682566303,10.546748762326553,44.11382523458451
1664576425013,40.913416033965696,-73.13251616909687,11.54275113464143,44.21921246312559
1664576426014,40.913416033965696,-73.13251616909687,10.954926413908074,44.21921246312559
1664576427016,40.913416033965696,-73.13251616909687,11.015292751210172,44.21921246312559
1664576429015,40.913416033965696,-73.13251616909687,11.166902231920103,44.21921246312559
1664576430015,40.913416033965696,-73.13251616909687,11.22138093184034,44.21921246312559
1664576431015,40.913416033965696,-73.13251616909687,9.337011051029805,44.21921246312559
1664576432016,40.913416033965696,-73.13251616909687,9.442698595539182,44.21921246312559
1664576434015,40.913416033965696,-73.13251616909687,9.693254573866103,44.21921246312559
1664576436013,40.913416033965696,-73.13251616909687,9.944577468605646,44.21921246312559
1664576437015,40.913416033965696,-73.13251616909687,10.092148459962296,44.21921246312559
1664576438015,40.913416033965696,-73.13251616909687,10.222353161859282,44.21921246312559
1664576440015,40.913419409159204,-73.13251657366179,10.697294109464277,44.04663674440235
1664576441015,40.91341958527285,-73.13251579908096,11.352709808158925,43.988193947821856
1664576442016,40.91341950269448,-73.13251669414588,11.28932394109141,44.2791052069515
1664576444015,40.91341950269448,-73.13251669414588,9.648761287467666,44.2791052069515
1664576446015,40.913422810943835,-73.13251824956674,10.257655168301847,44.201397507451475
1664576447016,40.91342289015739,-73.13251855075099,11.575779542645948,44.1080823186785
1664576448014,40.91342289170972,-73.13251859279947,10.686759171456558,44.10249036364257
1664576449013,40.913423009650856,-73.13251986275198,11.527962660983334,44.06402939837426
1664576450014,40.913423057787774,-73.13251951102158,11.503694179811522,44.14117242023349
1664576451015,40.913423057787774,-73.13251951102158,11.797316028167325,44.14117242023349
1664576453015,40.913423057787774,-73.13251951102158,11.857433440341401,44.14117242023349
1664576454014,40.913422942414144,-73.13251961196706,11.839032984359802,44.06015055440366
1664576466014,40.91342209549208,-73.13255360590632,10.476639955964595,42.31780242919922
1664576478013,40.91342209549208,-73.13255360590632,10.476639955964595,44.149688720703125
1664576479015,40.913425564607294,-73.13252010648254,9.17512777031467,44.219505929388106
1664576481014,40.913425564607294,-73.13252010648254,9.423633103096789,44.219505929388106
1664576483039,40.913425564607294,-73.13252010648254,9.667002356300072,44.219505929388106
1664576502013,40.91342209549208,-73.13255360590632,10.476639955964595,41.62044143676758
1664576513135,40.91342209549208,-73.13255360590632,10.476639955964595,47.20242691040039
1664576525013,40.91342209549208,-73.13255360590632,10.476639955964595,46.395294189453125
1664576531514,40.91342209549208,-73.13255360590632,10.476639955964595,48.37375259399414
1664576538014,40.913431818398614,-73.13250557463975,10.390957865303907,45.272605054080486
1664576539015,40.913431818398614,-73.13250557463975,10.486235845730388,45.272605054080486
1664576541013,40.913431818398614,-73.13250557463975,10.638528530812911,45.272605054080486
1664576543013,40.913431818398614,-73.13250557463975,10.931920734562263,45.272605054080486
1664576555013,40.91342209549208,-73.13255360590632,10.476639955964595,42.673484802246094
1664576567012,40.91342209549208,-73.13255360590632,10.476639955964595,45.20490646362305
1664576573019,40.91342209549208,-73.13255360590632,10.476639955964595,46.71269607543945
1664576580859,40.91342209549208,-73.13255360590632,10.476639955964595,49.212425231933594
1664576588213,40.91342209549208,-73.13255360590632,10.476639955964595,49.28075408935547
1664576596576,40.91342209549208,-73.13255360590632,10.476639955964595,49.3623161315918
1664576605189,40.91342209549208,-73.13255360590632,10.476639955964595,49.400081634521484
1664576614504,40.91342209549208,-73.13255360590632,10.476639955964595,49.346153259277344
1664576621012,40.91342209549208,-73.13255360590632,10.476639955964595,49.31291961669922
1664576628909,40.91342209549208,-73.13255360590632,10.476639955964595,49.30983352661133
1664576635390,40.91342209549208,-73.13255360590632,10.476639955964595,49.21818542480469
1664576647013,40.91342209549208,-73.13255360590632,10.476639955964595,47.23326873779297
1664576650016,40.913426946629926,-73.13252801092442,10.422369539269122,47.342423181049526
1664576652016,40.913426946629926,-73.13252801092442,10.556494942901555,47.342423181049526
1664576653016,40.913426946629926,-73.13252801092442,10.653249043425907,47.342423181049526
1664576655014,40.913426946629926,-73.13252801092442,10.980498762435355,47.342423181049526
1664576656016,40.913426946629926,-73.13252801092442,11.106778406007892,47.342423181049526
1664576657016,40.913426946629926,-73.13252801092442,11.219347480976145,47.342423181049526
1664576658016,40.913426946629926,-73.13252801092442,11.346248226505411,47.342423181049526
1664576659016,40.913426946629926,-73.13252801092442,11.422577873673072,47.342423181049526
1664576660019,40.913426946629926,-73.13252801092442,9.507693747800271,47.342423181049526
1664576661999,40.913426946629926,-73.13252801092442,9.756114171791811,47.342423181049526
1664576663999,40.913426946629926,-73.13252801092442,10.00234544629375,47.342423181049526
1664576665999,40.913426946629926,-73.13252801092442,10.254056962356044,47.342423181049526
1664576666999,40.913426946629926,-73.13252801092442,10.358885740278566,47.342423181049526
1664576667999,40.913426946629926,-73.13252801092442,10.495900910200566,47.342423181049526
1664576668999,40.913426946629926,-73.13252801092442,10.61691379144546,47.342423181049526
1664576669999,40.913426946629926,-73.13252801092442,10.863954134972433,47.342423181049526
1664576670999,40.913426946629926,-73.13252801092442,10.95942570878929,47.342423181049526
1664576671999,40.913426946629926,-73.13252801092442,9.222054312686383,47.342423181049526
1664576672999,40.913426946629926,-73.13252801092442,9.370892564461727,47.342423181049526
1664576673999,40.913426946629926,-73.13252801092442,9.493096247066005,47.342423181049526
1664576674999,40.913426946629926,-73.13252801092442,9.636991564777839,47.342423181049526
1664576675999,40.913426946629926,-73.13252801092442,9.722105901465532,47.342423181049526
1664576676999,40.913426946629926,-73.13252801092442,9.854572959465491,47.342423181049526
1664576677999,40.913426946629926,-73.13252801092442,10.001866795726816,47.342423181049526
1664576678999,40.913426946629926,-73.13252801092442,10.100647315053713,47.342423181049526
1664576679999,40.913426946629926,-73.13252801092442,10.183387363114141,47.342423181049526
1664576680999,40.913426946629926,-73.13252801092442,10.316576844186024,47.342423181049526
1664576681999,40.913426946629926,-73.13252801092442,10.448341928547134,47.342423181049526
1664576682999,40.913426946629926,-73.13252801092442,10.580269225122581,47.342423181049526
1664576683999,40.913426946629926,-73.13252801092442,8.950445810437962,47.342423181049526
1664576684999,40.913426946629926,-73.13252801092442,9.061953195885568,47.342423181049526
1664576685999,40.913426946629926,-73.13252801092442,9.194657137452653,47.342423181049526
1664576686999,40.913426946629926,-73.13252801092442,9.337637339432398,47.342423181049526
1664576687999,40.913426946629926,-73.13252801092442,9.480102691507955,47.342423181049526
1664576688999,40.913426946629926,-73.13252801092442,9.62825121326885,47.342423181049526
1664576689999,40.913426946629926,-73.13252801092442,9.963093313521513,47.342423181049526
1664576690999,40.913426946629926,-73.13252801092442,9.88523016803835,47.342423181049526
1664576691999,40.913426946629926,-73.13252801092442,10.171609297321341,47.342423181049526
1664576692999,40.913426946629926,-73.13252801092442,10.282257656738611,47.342423181049526
1664576693999,40.913426946629926,-73.13252801092442,10.383657898170243,47.342423181049526
1664576694999,40.913426946629926,-73.13252801092442,10.499697312328324,47.342423181049526
1664576695999,40.913426946629926,-73.13252801092442,10.584194360713775,47.342423181049526
1664576696999,40.913426946629926,-73.13252801092442,10.705938613022797,47.342423181049526
1664576697999,40.913426946629926,-73.13252801092442,10.845396013693561,47.342423181049526
1664576698999,40.913426946629926,-73.13252801092442,10.917830646055286,47.342423181049526
1664576699999,40.913426946629926,-73.13252801092442,11.045761253311667,47.342423181049526
1664576700999,40.913426946629926,-73.13252801092442,11.151764308495705,47.342423181049526
1664576701999,40.913426946629926,-73.13252801092442,11.249257691017666,47.342423181049526
1664576702999,40.913426946629926,-73.13252801092442,11.36296473152715,47.342423181049526
1664576703999,40.913426946629926,-73.13252801092442,11.469711894282396,47.342423181049526
1664576704999,40.913426946629926,-73.13252801092442,11.562628642812712,47.342423181049526
1664576705999,40.913426946629926,-73.13252801092442,11.662812087855603,47.342423181049526
1664576706999,40.913426946629926,-73.13252801092442,11.745710690170883,47.342423181049526
1664576707999,40.913426946629926,-73.13252801092442,11.848483170146524,47.342423181049526
1664576708999,40.913426946629926,-73.13252801092442,11.961594556254395,47.342423181049526
1664576709999,40.913426946629926,-73.13252801092442,12.05717964972941,47.342423181049526
1664576710999,40.913426946629926,-73.13252801092442,12.161607032285456,47.342423181049526
1664576711999,40.913426946629926,-73.13252801092442,12.27941769967835,47.342423181049526
1664576712999,40.913426946629926,-73.13252801092442,12.374070393618755,47.342423181049526
1664576713999,40.913426946629926,-73.13252801092442,12.586928842581989,47.342423181049526
1664576714999,40.913426946629926,-73.13252801092442,12.705482725448846,47.342423181049526
1664576715999,40.913426946629926,-73.13252801092442,10.750943075139055,47.342423181049526
1664576716999,40.913426946629926,-73.13252801092442,10.875542025948146,47.342423181049526
1664576718999,40.913426946629926,-73.13252801092442,11.065127296904407,47.342423181049526
1664576719999,40.913426946629926,-73.13252801092442,11.204748667579311,47.342423181049526
1664576721999,40.913426946629926,-73.13252801092442,11.106489104876363,47.342423181049526
1664576722999,40.913426946629926,-73.13252801092442,11.209435986369748,47.342423181049526
1664576724999,40.913426946629926,-73.13252801092442,11.413125048657918,47.342423181049526
1664576726999,40.913426946629926,-73.13252801092442,11.652048943535263,47.342423181049526
1664576728999,40.913426946629926,-73.13252801092442,12.001948015256543,47.342423181049526
1664576730999,40.913426946629926,-73.13252801092442,12.165651106706354,47.342423181049526
1664576732999,40.913426946629926,-73.13252801092442,12.40507582608305,47.342423181049526
1664576734999,40.913426946629926,-73.13252801092442,12.54433996663393,47.342423181049526
1664576736999,40.913426946629926,-73.13252801092442,12.735490781053647,47.342423181049526
1664576738999,40.913426946629926,-73.13252801092442,12.592523739376437,47.342423181049526
1664576740999,40.913426946629926,-73.13252801092442,12.464723780859579,47.342423181049526
1664576742999,40.913426946629926,-73.13252801092442,12.363022411338308,47.342423181049526
1664576744999,40.913426946629926,-73.13252801092442,12.284241730422549,47.342423181049526
1664576746999,40.913426946629926,-73.13252801092442,12.482471974952075,47.342423181049526
1664576748999,40.913426946629926,-73.13252801092442,10.54163463092586,47.342423181049526
1664576750999,40.913426946629926,-73.13252801092442,10.92237239989755,47.342423181049526
1664576752999,40.913426946629926,-73.13252801092442,10.905103573087233,47.342423181049526
1664576754999,40.913426946629926,-73.13252801092442,11.119271201101853,47.342423181049526
1664576756999,40.913426946629926,-73.13252801092442,11.153421945784942,47.342423181049526
1664576758999,40.913426946629926,-73.13252801092442,11.190176108872057,47.342423181049526
1664576760999,40.913426946629926,-73.13252801092442,11.396721001716848,47.342423181049526
1664576762999,40.913426946629926,-73.13252801092442,11.622404213004085,47.342423181049526
1664576764999,40.913426946629926,-73.13252801092442,11.6361828197131,47.342423181049526
1664576766999,40.913426946629926,-73.13252801092442,11.699447004305748,47.342423181049526
1664576768999,40.913426946629926,-73.13252801092442,11.738332634261681,47.342423181049526
1664576770999,40.913426946629926,-73.13252801092442,11.824696122155062,47.342423181049526
1664576772999,40.913426946629926,-73.13252801092442,12.032645837803425,47.342423181049526
1664576774999,40.913426946629926,-73.13252801092442,12.207056542724812,47.342423181049526
1664576776999,40.913426946629926,-73.13252801092442,12.204605334907427,47.342423181049526
1664576777999,40.913426946629926,-73.13252801092442,12.15179416409363,47.342423181049526
1664576778999,40.91341324793806,-73.13260716985234,12.545701464339514,44.37781034130603
1664576779999,40.913422084457615,-73.13259034255302,11.226270122695228,44.11282255407423
1664576780999,40.91342245837685,-73.13259213635511,11.061143694816186,44.0203325971961
1664576782999,40.91342245837685,-73.13259213635511,11.439696682801955,44.0203325971961
1664576784024,40.91342245837685,-73.13259213635511,11.434357336485116,44.0203325971961
1664576785999,40.91342598725868,-73.13258796723363,10.831222041031731,44.04391027893871
1664576787024,40.91342597332319,-73.13258808377714,10.833796696259473,44.04655440337956
1664576789024,40.91342888383057,-73.13258682005814,11.285583033381636,43.97771583124995
1664576790023,40.91342894783465,-73.13258739858482,11.8154701210167,44.020483679138124
1664576791020,40.913428915587374,-73.13258819144913,12.998809515812692,43.97457134351134
1664576792023,40.91342538757549,-73.1325627703929,11.130849528677752,43.72422871924937
1664576793024,40.91342621101796,-73.13256436507349,12.903172003143418,43.82093610987067
1664576794023,40.91342645944244,-73.132565935638,15.751935608737307,43.9003114067018
1664576795025,40.913427082187084,-73.13256570006398,11.953342853629104,43.89261837117374
1664576796029,40.913427082187084,-73.13256570006398,10.774820789712974,43.89261837117374
1664576797030,40.91343647874657,-73.13258533603283,10.969946147951328,43.89885982591659
1664576798024,40.913435239896415,-73.13258643509951,10.941689515377115,43.83935043588281
1664576799025,40.91343322680205,-73.13258712917467,11.373914716249788,43.8795814178884
1664576800025,40.913432880649076,-73.13258741977671,12.316258843371633,43.908823534846306
1664576801023,40.91343294555735,-73.13258774216924,11.840883196399119,43.899828921072185
1664576803024,40.913435128758046,-73.13259220510818,11.901649415681574,43.90486929845065
1664576804025,40.913435128758046,-73.13259220510818,9.668701039822912,43.90486929845065
1664576805999,40.913435128758046,-73.13259220510818,9.87245822055809,43.90486929845065
1664576807999,40.913435128758046,-73.13259220510818,10.007542306125618,43.90486929845065
1664576809999,40.913435128758046,-73.13259220510818,8.877237081054401,43.90486929845065
1664576811999,40.913435128758046,-73.13259220510818,8.876842050530417,43.90486929845065
1664576813999,40.913435128758046,-73.13259220510818,8.9471852011532,43.90486929845065
1664576814999,40.913435128758046,-73.13259220510818,8.926554713388725,43.90486929845065
1664576815999,40.913435128758046,-73.13259220510818,7.918737598612312,43.90486929845065
1664576816999,40.913435128758046,-73.13259220510818,8.133381400672619,43.90486929845065
1664576817999,40.913435128758046,-73.13259220510818,8.178208000665922,43.90486929845065
1664576818999,40.913435128758046,-73.13259220510818,8.147134263541139,43.90486929845065
1664576819999,40.913435128758046,-73.13259220510818,8.129413382222403,43.90486929845065
1664576820999,40.913435128758046,-73.13259220510818,8.243282135485583,43.90486929845065
1664576821999,40.913435128758046,-73.13259220510818,8.28892971148783,43.90486929845065
1664576822999,40.913435128758046,-73.13259220510818,8.3671070217109,43.90486929845065
1664576823999,40.913435128758046,-73.13259220510818,8.223572505843746,43.90486929845065
1664576824999,40.913435128758046,-73.13259220510818,8.066458334312411,43.90486929845065
1664576825999,40.913435128758046,-73.13259220510818,8.060935702547184,43.90486929845065
1664576826999,40.913435128758046,-73.13259220510818,7.974880331463304,43.90486929845065
1664576827999,40.913435128758046,-73.13259220510818,7.238397008255645,43.90486929845065
1664576828999,40.913435128758046,-73.13259220510818,7.255253046192545,43.90486929845065
1664576829999,40.913435128758046,-73.13259220510818,7.337464204322158,43.90486929845065
1664576831999,40.913435128758046,-73.13259220510818,7.403594701693512,43.90486929845065
1664576832999,40.913435128758046,-73.13259220510818,7.298373493554886,43.90486929845065
1664576834999,40.913435128758046,-73.13259220510818,7.267100103021997,43.90486929845065
1664576836999,40.913435128758046,-73.13259220510818,7.5021402055329585,43.90486929845065
1664576838999,40.913435128758046,-73.13259220510818,7.8096817855951155,43.90486929845065
1664576840999,40.913435128758046,-73.13259220510818,7.895895986990434,43.90486929845065
1664576842999,40.913435128758046,-73.13259220510818,8.01857412730649,43.90486929845065
1664576844999,40.913435128758046,-73.13259220510818,8.11695531168848,43.90486929845065
1664576846999,40.913435128758046,-73.13259220510818,8.253052871558616,43.90486929845065
1664576848999,40.913435128758046,-73.13259220510818,8.413575707128619,43.90486929845065
1664576850999,40.913435128758046,-73.13259220510818,8.534023915631286,43.90486929845065
1664576852999,40.913435128758046,-73.13259220510818,8.545476924892451,43.90486929845065
1664576854999,40.913435128758046,-73.13259220510818,8.78309145929558,43.90486929845065
1664576856999,40.913435128758046,-73.13259220510818,9.015197074808656,43.90486929845065
1664576858999,40.913435128758046,-73.13259220510818,9.098339415542238,43.90486929845065
1664576860999,40.913435128758046,-73.13259220510818,8.531186107070031,43.90486929845065
1664576862999,40.913435128758046,-73.13259220510818,8.839651091093428,43.90486929845065
1664576864999,40.913435128758046,-73.13259220510818,9.304317960578338,43.90486929845065
1664576866999,40.913435128758046,-73.13259220510818,9.458428474604922,43.90486929845065
1664576868999,40.913435128758046,-73.13259220510818,9.671637389382113,43.90486929845065
1664576870999,40.913435128758046,-73.13259220510818,9.746356109236821,43.90486929845065
1664576872999,40.913435128758046,-73.13259220510818,9.964141463701823,43.90486929845065
1664576874999,40.913435128758046,-73.13259220510818,10.17779290815463,43.90486929845065
1664576876999,40.913435128758046,-73.13259220510818,10.102675768057697,43.90486929845065
1664576878999,40.913435128758046,-73.13259220510818,10.225122622960496,43.90486929845065
1664576880999,40.913435128758046,-73.13259220510818,10.616779557446685,43.90486929845065
1664576882999,40.913435128758046,-73.13259220510818,10.624415939960214,43.90486929845065
1664576884999,40.913435128758046,-73.13259220510818,10.587795795719924,43.90486929845065
1664576886999,40.913435128758046,-73.13259220510818,10.64373751552089,43.90486929845065
1664576888999,40.913435128758046,-73.13259220510818,10.73478187852977,43.90486929845065
1664576890999,40.913435128758046,-73.13259220510818,10.937138614567715,43.90486929845065
1664576892999,40.913435128758046,-73.13259220510818,9.809021481350449,43.90486929845065
1664576894999,40.913435128758046,-73.13259220510818,9.772778001852496,43.90486929845065
1664576896999,40.913435128758046,-73.13259220510818,9.385275299471326,43.90486929845065
1664576898999,40.913435128758046,-73.13259220510818,9.490083776666388,43.90486929845065
1664576900999,40.913435128758046,-73.13259220510818,9.670302119380016,43.90486929845065
1664576902999,40.913435128758046,-73.13259220510818,9.909140606515297,43.90486929845065
1664576904999,40.913435128758046,-73.13259220510818,9.87326754920559,43.90486929845065
1664576906999,40.913435128758046,-73.13259220510818,10.000347708261582,43.90486929845065
1664576908999,40.913435128758046,-73.13259220510818,10.246079122824332,43.90486929845065
1664576910999,40.913435128758046,-73.13259220510818,10.495980530643592,43.90486929845065
1664576912999,40.913435128758046,-73.13259220510818,10.866460832315848,43.90486929845065
1664576914999,40.913435128758046,-73.13259220510818,11.030757924088826,43.90486929845065
1664576915999,40.913435128758046,-73.13259220510818,10.939662459515741,43.90486929845065
1664576917999,40.913435128758046,-73.13259220510818,9.878683496751568,43.90486929845065
1664576919999,40.913435128758046,-73.13259220510818,10.058191246448576,43.90486929845065
1664576920999,40.913435128758046,-73.13259220510818,10.094510312304836,43.90486929845065
1664576922999,40.913435128758046,-73.13259220510818,10.037900163485208,43.90486929845065
1664576924999,40.913435128758046,-73.13259220510818,9.203559310835123,43.90486929845065
1664576925999,40.913435128758046,-73.13259220510818,8.95035272321167,43.90486929845065
1664576927999,40.913435128758046,-73.13259220510818,9.126440735794409,43.90486929845065
1664576928999,40.913435128758046,-73.13259220510818,9.246995376555418,43.90486929845065
1664576930999,40.913435128758046,-73.13259220510818,9.055882718944705,43.90486929845065
1664576932999,40.913435128758046,-73.13259220510818,9.208590620536826,43.90486929845065
1664576934999,40.913435128758046,-73.13259220510818,9.24237358769297,43.90486929845065
1664576936999,40.913435128758046,-73.13259220510818,8.964318938957526,43.90486929845065
1664576938000,40.913435128758046,-73.13259220510818,8.981070397504569,43.90486929845065
1664576940000,40.913435128758046,-73.13259220510818,9.06370419929316,43.90486929845065
1664576942000,40.913435128758046,-73.13259220510818,9.201298973229662,43.90486929845065
1664576944000,40.913435128758046,-73.13259220510818,9.320750012732182,43.90486929845065
1664576946000,40.913435128758046,-73.13259220510818,9.663805005710374,43.90486929845065
1664576948000,40.913435128758046,-73.13259220510818,9.734194554793149,43.90486929845065
1664576950000,40.913435128758046,-73.13259220510818,9.885482242447896,43.90486929845065
1664576952000,40.913435128758046,-73.13259220510818,10.051832376738004,43.90486929845065
1664576954000,40.913435128758046,-73.13259220510818,10.086076055976005,43.90486929845065
1664576956000,40.913435128758046,-73.13259220510818,9.113990479207866,43.90486929845065
1664576958000,40.913435128758046,-73.13259220510818,9.199022207564845,43.90486929845065
1664576960000,40.913435128758046,-73.13259220510818,9.375556646207407,43.90486929845065
1664576962000,40.913435128758046,-73.13259220510818,9.723643168832838,43.90486929845065
1664576964000,40.913435128758046,-73.13259220510818,9.780139405083181,43.90486929845065
1664576966000,40.913435128758046,-73.13259220510818,9.29888034562151,43.90486929845065
1664576968000,40.913435128758046,-73.13259220510818,8.754813787647523,43.90486929845065
1664576970000,40.913435128758046,-73.13259220510818,8.8141836223357,43.90486929845065
1664576972000,40.913435128758046,-73.13259220510818,8.978250560666753,43.90486929845065
1664576974000,40.913435128758046,-73.13259220510818,9.198552898659058,43.90486929845065
1664576976000,40.913435128758046,-73.13259220510818,9.174123581937575,43.90486929845065
1664576978000,40.913435128758046,-73.13259220510818,9.533883181339828,43.90486929845065
1664576980000,40.913435128758046,-73.13259220510818,9.490209694380706,43.90486929845065
1664576982000,40.913435128758046,-73.13259220510818,9.578231929299028,43.90486929845065
1664576984000,40.91343763165639,-73.13256125252721,9.809163889563655,43.870890870690346
1664576985000,40.913438620214315,-73.13256575345311,10.31526611177893,43.889043755829334
1664576986000,40.913439750798915,-73.13256877409461,11.401458153888825,43.90939632151276
1664576987000,40.913442744509744,-73.13256482849046,12.961260432069254,43.973427885212004
1664576988000,40.913438293933986,-73.13254775889116,12.116821439150106,43.85514257568866
1664576989000,40.913442148619716,-73.13254557129673,14.615173883455453,43.960876011289656
1664576990000,40.913446559388966,-73.13255584234011,11.485516919476469,43.97594625595957
1664576991000,40.913448556658416,-73.13256456616128,11.234672783199935,44.023335992358625
1664576992000,40.913448677921764,-73.13256584674257,11.043323837680608,44.03679532185197
1664576994000,40.913448677921764,-73.13256584674257,11.191617962653272,44.03679532185197
1664576996000,40.913448677921764,-73.13256584674257,10.863252390192775,44.03679532185197
1664576998000,40.913448677921764,-73.13256584674257,10.71832649104581,44.03679532185197
1664577000000,40.913448677921764,-73.13256584674257,10.6831191275843,44.03679532185197
1664577002000,40.913448677921764,-73.13256584674257,10.329581737512134,44.03679532185197
1664577004000,40.913448677921764,-73.13256584674257,10.3874586030084,44.03679532185197
1664577006000,40.913448677921764,-73.13256584674257,10.450079504512464,44.03679532185197
1664577008000,40.913448677921764,-73.13256584674257,10.003442707208803,44.03679532185197
1664577010000,40.913448677921764,-73.13256584674257,8.532191452199989,44.03679532185197
1664577012000,40.913448677921764,-73.13256584674257,8.356949331535956,44.03679532185197
1664577014000,40.913448677921764,-73.13256584674257,8.57254144643386,44.03679532185197
1664577016000,40.913448677921764,-73.13256584674257,8.713099738046195,44.03679532185197
1664577018000,40.913448677921764,-73.13256584674257,8.637321279504778,44.03679532185197
1664577020000,40.913448677921764,-73.13256584674257,8.603183064629365,44.03679532185197
1664577022000,40.913448677921764,-73.13256584674257,7.961019782600335,44.03679532185197
1664577024000,40.913448677921764,-73.13256584674257,7.979294894011542,44.03679532185197
1664577026000,40.913448677921764,-73.13256584674257,7.949298077164049,44.03679532185197
1664577028000,40.913448677921764,-73.13256584674257,7.369340028558566,44.03679532185197
1664577030000,40.913448677921764,-73.13256584674257,7.647024658946057,44.03679532185197
1664577032000,40.913448677921764,-73.13256584674257,7.694784712587077,44.03679532185197
1664577034000,40.913448677921764,-73.13256584674257,7.207065776462126,44.03679532185197
1664577036000,40.913448677921764,-73.13256584674257,7.370862751901316,44.03679532185197
1664577037027,40.913448677921764,-73.13256584674257,6.9171571226302095,44.03679532185197
1664577039025,40.913448677921764,-73.13256584674257,6.647751243602962,44.03679532185197
1664577040025,40.913448677921764,-73.13256584674257,6.819429720973457,44.03679532185197
1664577041026,40.913448677921764,-73.13256584674257,6.919978373142227,44.03679532185197
1664577043024,40.913448677921764,-73.13256584674257,7.071096864269024,44.03679532185197
1664577045016,40.913448677921764,-73.13256584674257,7.246074375846522,44.03679532185197
1664577047016,40.913448677921764,-73.13256584674257,7.5978401549736585,44.03679532185197
1664577048016,40.913448677921764,-73.13256584674257,7.791480147115884,44.03679532185197
1664577049016,40.913448677921764,-73.13256584674257,7.913017788020208,44.03679532185197
1664577050016,40.913448677921764,-73.13256584674257,7.226092991232744,44.03679532185197
1664577052014,40.913448677921764,-73.13256584674257,7.753571932363614,44.03679532185197
1664577053015,40.913448677921764,-73.13256584674257,7.921566811831167,44.03679532185197
1664577055016,40.913448677921764,-73.13256584674257,7.995150796854566,44.03679532185197
1664577057016,40.913448677921764,-73.13256584674257,8.447611299527287,44.03679532185197
1664577059015,40.913448677921764,-73.13256584674257,8.729998685284627,44.03679532185197
1664577060016,40.913448677921764,-73.13256584674257,8.897028872351726,44.03679532185197
1664577062016,40.913448677921764,-73.13256584674257,9.21015562565555,44.03679532185197
1664577072015,40.91338774572325,-73.13257534877823,9.442938277257227,43.90219660382718
1664577074016,40.91338774572325,-73.13257534877823,9.31244715183177,43.90219660382718
1664577076014,40.91338774572325,-73.13257534877823,8.793162217192704,43.90219660382718
1664577077015,40.91338774572325,-73.13257534877823,8.859785381143132,43.90219660382718
1664577079013,40.91338774572325,-73.13257534877823,9.153738572072674,43.90219660382718
1664577080014,40.91338774572325,-73.13257534877823,9.282611294846058,43.90219660382718
1664577081014,40.91338774572325,-73.13257534877823,9.383256261604174,43.90219660382718
1664577083041,40.91338774572325,-73.13257534877823,9.68591201524602,43.90219660382718
1664577085014,40.91338774572325,-73.13257534877823,9.927460799692124,43.90219660382718
1664577087015,40.91338774572325,-73.13257534877823,8.690804916185206,43.90219660382718
1664577089014,40.91338774572325,-73.13257534877823,9.165108522449959,43.90219660382718
1664577090014,40.91338774572325,-73.13257534877823,9.317964699136636,43.90219660382718
1664577091015,40.91338774572325,-73.13257534877823,9.438402000278359,43.90219660382718
1664577092015,40.91338774572325,-73.13257534877823,9.550136530739508,43.90219660382718
1664577094015,40.91338774572325,-73.13257534877823,9.759439181829991,43.90219660382718
1664577096014,40.91338774572325,-73.13257534877823,10.001967100143144,43.90219660382718
1664577098017,40.91338774572325,-73.13257534877823,9.65584158014021,43.90219660382718
1664577100014,40.91338774572325,-73.13257534877823,8.994103968354306,43.90219660382718
1664577102015,40.91338774572325,-73.13257534877823,9.222160367625959,43.90219660382718
1664577104015,40.91338774572325,-73.13257534877823,9.484953574951238,43.90219660382718
1664577121015,40.91342209549208,-73.13255360590632,10.476639955964595,41.30854797363281
1664577133014,40.91342209549208,-73.13255360590632,10.476639955964595,41.3619270324707
1664577135085,40.91342209549208,-73.13255360590632,10.476639955964595,41.38850402832031
1664577137014,40.91342318855116,-73.1325183445633,8.466455781764205,44.25201955065131
1664577138015,40.91342318855116,-73.1325183445633,8.63705033397313,44.25201955065131
1664577140015,40.91342318855116,-73.1325183445633,8.910989194814716,44.25201955065131
1664577142015,40.91342318855116,-73.1325183445633,9.191429016042806,44.25201955065131
1664577146016,40.91342318855116,-73.1325183445633,8.410495204203436,44.25201955065131
1664577148014,40.91342318855116,-73.1325183445633,8.858485107873548,44.25201955065131
1664577149015,40.91342318855116,-73.1325183445633,8.942356714334625,44.25201955065131
1664577154014,40.91342318855116,-73.1325183445633,9.593742280230078,44.25201955065131
1664577155015,40.91342318855116,-73.1325183445633,9.717660627301154,44.25201955065131
1664577157014,40.91342318855116,-73.1325183445633,9.99401356731229,44.25201955065131
1664577158017,40.91342318855116,-73.1325183445633,9.53351501333405,44.25201955065131
1664577164016,40.91342411973736,-73.13251386822732,9.681907045943275,44.18426738400012
1664577166015,40.91342411973736,-73.13251386822732,9.839690825916508,44.18426738400012
1664577167015,40.91342411973736,-73.13251386822732,9.973440146828814,44.18426738400012
1664577169017,40.91342411973736,-73.13251386822732,10.066835110485291,44.18426738400012
1664577170018,40.91342411973736,-73.13251386822732,8.764075980907826,44.18426738400012
1664577172017,40.91342411973736,-73.13251386822732,9.060615445987773,44.18426738400012
1664577173017,40.91342411973736,-73.13251386822732,9.193990026834541,44.18426738400012
1664577175016,40.91342411973736,-73.13251386822732,9.512995508725135,44.18426738400012
1664577178015,40.91342411973736,-73.13251386822732,9.814410650497248,44.18426738400012
1664577179015,40.91342411973736,-73.13251386822732,9.971341205646848,44.18426738400012
1664577181017,40.91342411973736,-73.13251386822732,10.219226919596075,44.18426738400012
1664577182018,40.91342411973736,-73.13251386822732,8.739723934134549,44.18426738400012
1664577183045,40.91342411973736,-73.13251386822732,8.875644794332327,44.18426738400012
1664577185017,40.91342411973736,-73.13251386822732,9.273539860012177,44.18426738400012
1664577187017,40.91342411973736,-73.13251386822732,9.528485172103515,44.18426738400012
1664577188018,40.91342411973736,-73.13251386822732,9.654070445553371,44.18426738400012
1664577189018,40.91342411973736,-73.13251386822732,9.821385887836398,44.18426738400012
1664577191018,40.91342411973736,-73.13251386822732,10.05430804920588,44.18426738400012
1664577193018,40.91342411973736,-73.13251386822732,10.25043036443331,44.18426738400012
1664577194019,40.91342411973736,-73.13251386822732,8.778056364652453,44.18426738400012
1664577196016,40.91342411973736,-73.13251386822732,9.04694517697932,44.18426738400012
1664577198017,40.91342411973736,-73.13251386822732,9.322663242657455,44.18426738400012
1664577199017,40.91342411973736,-73.13251386822732,9.45164648225518,44.18426738400012
1664577201018,40.91342411973736,-73.13251386822732,9.735296681083549,44.18426738400012
1664577203017,40.91342411973736,-73.13251386822732,10.168739017222332,44.18426738400012
1664577205017,40.91342411973736,-73.13251386822732,10.374047555541194,44.18426738400012
1664577206019,40.91342411973736,-73.13251386822732,9.836993331549037,44.18426738400012
1664577208017,40.91342411973736,-73.13251386822732,9.169035539652514,44.18426738400012
1664577209018,40.91342411973736,-73.13251386822732,9.267212978807438,44.18426738400012
1664577211018,40.91342411973736,-73.13251386822732,9.543261103085127,44.18426738400012
1664577212018,40.91342411973736,-73.13251386822732,9.669181466624684,44.18426738400012
1664577214017,40.91342411973736,-73.13251386822732,9.921166031013161,44.18426738400012
1664577215019,40.91342411973736,-73.13251386822732,10.029971671499892,44.18426738400012
1664577217017,40.91342411973736,-73.13251386822732,10.283123236367633,44.18426738400012
1664577218999,40.91342411973736,-73.13251386822732,8.938230450226982,44.18426738400012
1664577220999,40.91342411973736,-73.13251386822732,9.435191095080837,44.18426738400012
1664577222999,40.91342411973736,-73.13251386822732,9.687983934169077,44.18426738400012
1664577224001,40.91342411973736,-73.13251386822732,9.770436065326772,44.18426738400012
1664577226001,40.91342411973736,-73.13251386822732,10.046389813226384,44.18426738400012
1664577228001,40.91342411973736,-73.13251386822732,10.236104051654788,44.18426738400012
1664577230001,40.91342411973736,-73.13251386822732,8.847497856649685,44.18426738400012
1664577232001,40.91342411973736,-73.13251386822732,9.104188106158816,44.18426738400012
1664577234001,40.91342411973736,-73.13251386822732,9.376857409502524,44.18426738400012
1664577236001,40.91342411973736,-73.13251386822732,9.666196758017238,44.18426738400012
1664577238001,40.91342411973736,-73.13251386822732,9.806252661114078,44.18426738400012
1664577240001,40.91342411973736,-73.13251386822732,10.032598346109108,44.18426738400012
1664577242000,40.91342411973736,-73.13251386822732,8.615624125009568,44.18426738400012
1664577244000,40.91342411973736,-73.13251386822732,8.843004843976418,44.18426738400012
1664577246000,40.91342411973736,-73.13251386822732,9.116702280734959,44.18426738400012
1664577248000,40.91342411973736,-73.13251386822732,9.334085798641205,44.18426738400012
1664577250000,40.91342411973736,-73.13251386822732,9.632227893504256,44.18426738400012
1664577252000,40.91342411973736,-73.13251386822732,9.537124212168546,44.18426738400012
1664577254000,40.91342411973736,-73.13251386822732,9.966141551412978,44.18426738400012
1664577256000,40.91342411973736,-73.13251386822732,10.188958936099063,44.18426738400012
1664577258000,40.91342411973736,-73.13251386822732,10.068393349722704,44.18426738400012
1664577260000,40.91342411973736,-73.13251386822732,9.891964881061075,44.18426738400012
1664577262000,40.91342411973736,-73.13251386822732,10.151971513815981,44.18426738400012
1664577264000,40.91342411973736,-73.13251386822732,10.323314011146858,44.18426738400012
1664577266000,40.91342411973736,-73.13251386822732,10.58381107718789,44.18426738400012
1664577268000,40.91342411973736,-73.13251386822732,10.790064827598352,44.18426738400012
1664577270000,40.91342411973736,-73.13251386822732,10.602736334781468,44.18426738400012
1664577272000,40.91342411973736,-73.13251386822732,10.772009664038379,44.18426738400012
1664577274000,40.91342411973736,-73.13251386822732,10.974151505456335,44.18426738400012
1664577276000,40.91342411973736,-73.13251386822732,9.58730229299189,44.18426738400012
1664577278000,40.91342411973736,-73.13251386822732,9.654226197472148,44.18426738400012
1664577280000,40.91342411973736,-73.13251386822732,9.6261332370202,44.18426738400012
1664577282000,40.91342411973736,-73.13251386822732,9.863515973803693,44.18426738400012
1664577284000,40.91342411973736,-73.13251386822732,10.093346587035938,44.18426738400012
1664577286000,40.91342411973736,-73.13251386822732,10.32753040296349,44.18426738400012
1664577288000,40.91342411973736,-73.13251386822732,10.209953887374793,44.18426738400012
1664577289999,40.91342411973736,-73.13251386822732,10.140776732624436,44.18426738400012
1664577291999,40.91342411973736,-73.13251386822732,10.350463022179383,44.18426738400012
1664577293999,40.91342411973736,-73.13251386822732,10.381471094299274,44.18426738400012
1664577295999,40.91342411973736,-73.13251386822732,10.59846206895385,44.18426738400012
1664577297999,40.91342411973736,-73.13251386822732,10.774908849723216,44.18426738400012
1664577299999,40.91342411973736,-73.13251386822732,10.970124522604799,44.18426738400012
1664577301999,40.91342411973736,-73.13251386822732,10.919516687641032,44.18426738400012
1664577303999,40.91342411973736,-73.13251386822732,10.843233651388662,44.18426738400012
1664577305999,40.91342411973736,-73.13251386822732,9.466098223182149,44.18426738400012
1664577307999,40.91342411973736,-73.13251386822732,9.11285357593109,44.18426738400012
1664577309999,40.91342411973736,-73.13251386822732,9.381425831595298,44.18426738400012
1664577311999,40.91342411973736,-73.13251386822732,9.641134232308476,44.18426738400012
1664577313999,40.91342411973736,-73.13251386822732,9.561493096468004,44.18426738400012
1664577315999,40.91342411973736,-73.13251386822732,9.662580809807661,44.18426738400012
1664577317999,40.91342411973736,-73.13251386822732,9.794467567865219,44.18426738400012
1664577319999,40.91342411973736,-73.13251386822732,9.78280801266103,44.18426738400012
1664577321999,40.91342411973736,-73.13251386822732,9.83642777823689,44.18426738400012
1664577323999,40.91342411973736,-73.13251386822732,10.069072292799682,44.18426738400012
1664577325999,40.91342411973736,-73.13251386822732,10.273387673728145,44.18426738400012
1664577327999,40.91342411973736,-73.13251386822732,10.632658077980249,44.18426738400012
1664577329999,40.91342411973736,-73.13251386822732,10.75276998145194,44.18426738400012
1664577331999,40.91342411973736,-73.13251386822732,10.665191737319837,44.18426738400012
1664577333999,40.91342411973736,-73.13251386822732,10.79429553447322,44.18426738400012
1664577335999,40.91342411973736,-73.13251386822732,10.956997437402316,44.18426738400012
1664577337999,40.91342411973736,-73.13251386822732,9.689142465691189,44.18426738400012
1664577339999,40.91342411973736,-73.13251386822732,9.8981519001909,44.18426738400012
1664577341999,40.91342411973736,-73.13251386822732,10.100379930850666,44.18426738400012
1664577343999,40.91342411973736,-73.13251386822732,10.265691080035293,44.18426738400012
1664577345999,40.91342411973736,-73.13251386822732,10.624565343863978,44.18426738400012
1664577347999,40.91342411973736,-73.13251386822732,10.81566733328717,44.18426738400012
1664577350000,40.91342411973736,-73.13251386822732,10.950482063168069,44.18426738400012
1664577352000,40.91342411973736,-73.13251386822732,11.112709567222398,44.18426738400012
1664577354000,40.91342411973736,-73.13251386822732,11.185340064394985,44.18426738400012
1664577356000,40.91342411973736,-73.13251386822732,11.26021600205191,44.18426738400012
1664577358000,40.91342411973736,-73.13251386822732,11.335033278016724,44.18426738400012
1664577360000,40.91342411973736,-73.13251386822732,11.49407930551787,44.18426738400012
1664577362000,40.91342411973736,-73.13251386822732,11.291852839513433,44.18426738400012
1664577364000,40.91342411973736,-73.13251386822732,11.152635550838385,44.18426738400012
1664577366000,40.91342411973736,-73.13251386822732,11.167941356448967,44.18426738400012
1664577368000,40.91342411973736,-73.13251386822732,11.155530452414874,44.18426738400012
1664577370000,40.91342411973736,-73.13251386822732,9.685664137826123,44.18426738400012
1664577372000,40.91342411973736,-73.13251386822732,9.875996987209477,44.18426738400012
1664577374000,40.91342411973736,-73.13251386822732,10.081570074131402,44.18426738400012
1664577376000,40.91342411973736,-73.13251386822732,10.267396214347919,44.18426738400012
1664577378000,40.91342411973736,-73.13251386822732,10.009634080324368,44.18426738400012
1664577380000,40.91342411973736,-73.13251386822732,10.191916213553084,44.18426738400012
1664577382000,40.91342411973736,-73.13251386822732,10.190646334526503,44.18426738400012
1664577384000,40.91342411973736,-73.13251386822732,10.402797961783365,44.18426738400012
1664577386000,40.91342411973736,-73.13251386822732,10.493738200827842,44.18426738400012
1664577388000,40.91342411973736,-73.13251386822732,10.405096201857415,44.18426738400012
1664577390000,40.91342411973736,-73.13251386822732,10.46994766369711,44.18426738400012
1664577392000,40.91342411973736,-73.13251386822732,10.575255818178327,44.18426738400012
1664577394000,40.91342411973736,-73.13251386822732,10.154441820636638,44.18426738400012
1664577396000,40.91342411973736,-73.13251386822732,10.128024570046323,44.18426738400012
1664577398000,40.91342411973736,-73.13251386822732,10.043801486754084,44.18426738400012
1664577400000,40.91342411973736,-73.13251386822732,10.05845013915996,44.18426738400012
1664577402000,40.91342411973736,-73.13251386822732,8.872523003473459,44.18426738400012
1664577403999,40.91342411973736,-73.13251386822732,9.20130507269227,44.18426738400012
1664577405999,40.91342411973736,-73.13251386822732,9.310416520360793,44.18426738400012
1664577407999,40.91342411973736,-73.13251386822732,9.372900857568169,44.18426738400012
1664577409999,40.91342411973736,-73.13251386822732,9.45550481400101,44.18426738400012
1664577411999,40.91342411973736,-73.13251386822732,9.58073658736524,44.18426738400012
1664577413999,40.91342411973736,-73.13251386822732,9.611334896741164,44.18426738400012
1664577415999,40.91342411973736,-73.13251386822732,9.760955436516076,44.18426738400012
1664577417999,40.91342411973736,-73.13251386822732,9.83220768175048,44.18426738400012
1664577419999,40.91342411973736,-73.13251386822732,9.914154147657358,44.18426738400012
1664577421999,40.91342411973736,-73.13251386822732,10.217728893193145,44.18426738400012
1664577423999,40.91342411973736,-73.13251386822732,10.298172077595503,44.18426738400012
1664577425999,40.91342411973736,-73.13251386822732,10.420022600458614,44.18426738400012
1664577427999,40.91342411973736,-73.13251386822732,10.533914295328414,44.18426738400012
1664577429999,40.91342411973736,-73.13251386822732,9.912090414852333,44.18426738400012
1664577431999,40.91342411973736,-73.13251386822732,9.995993606530687,44.18426738400012
1664577433999,40.91342411973736,-73.13251386822732,8.818615814870228,44.18426738400012
1664577435999,40.91342411973736,-73.13251386822732,8.97460545672362,44.18426738400012
1664577437999,40.91342411973736,-73.13251386822732,9.116245275941646,44.18426738400012
1664577439999,40.91342411973736,-73.13251386822732,9.169524584585693,44.18426738400012
1664577441999,40.91342411973736,-73.13251386822732,9.303478119483733,44.18426738400012
1664577443999,40.91342411973736,-73.13251386822732,9.404032735762607,44.18426738400012
1664577446027,40.91342411973736,-73.13251386822732,9.5894718718979,44.18426738400012
1664577448025,40.91342411973736,-73.13251386822732,8.151225536803171,44.18426738400012
1664577449026,40.91342411973736,-73.13251386822732,8.185148911413052,44.18426738400012
1664577451024,40.91342411973736,-73.13251386822732,7.789350042983,44.18426738400012
1664577452999,40.91342411973736,-73.13251386822732,7.796352149934549,44.18426738400012
1664577454999,40.91342411973736,-73.13251386822732,7.89468676740565,44.18426738400012
1664577456999,40.91342411973736,-73.13251386822732,8.28060064456182,44.18426738400012
1664577458999,40.91342411973736,-73.13251386822732,7.258277834266622,44.18426738400012
1664577460999,40.91342411973736,-73.13251386822732,7.338127689075007,44.18426738400012
1664577462999,40.91342411973736,-73.13251386822732,7.277364600655577,44.18426738400012
1664577464999,40.91342411973736,-73.13251386822732,7.388212286808414,44.18426738400012
1664577466999,40.91342411973736,-73.13251386822732,7.5949889148059055,44.18426738400012
1664577468999,40.91342411973736,-73.13251386822732,7.706156649946065,44.18426738400012
1664577470999,40.91342411973736,-73.13251386822732,7.516643283376116,44.18426738400012
1664577472999,40.91342411973736,-73.13251386822732,7.213907277061714,44.18426738400012
1664577474999,40.91342411973736,-73.13251386822732,7.2179951955655515,44.18426738400012
1664577476000,40.91342411973736,-73.13251386822732,7.286201671660466,44.18426738400012
1664577478000,40.91342411973736,-73.13251386822732,7.587661741145424,44.18426738400012
1664577480000,40.91342411973736,-73.13251386822732,7.633839523301661,44.18426738400012
1664577482000,40.91342411973736,-73.13251386822732,7.7176428403789705,44.18426738400012
1664577484000,40.91342411973736,-73.13251386822732,7.788521127247151,44.18426738400012
1664577486000,40.91342411973736,-73.13251386822732,7.949472734573617,44.18426738400012
1664577488000,40.91342411973736,-73.13251386822732,7.97411486812529,44.18426738400012
1664577490000,40.91342411973736,-73.13251386822732,8.162568471567367,44.18426738400012
1664577492000,40.91342411973736,-73.13251386822732,8.215607088111366,44.18426738400012
1664577494000,40.91342411973736,-73.13251386822732,8.356173290936022,44.18426738400012
1664577496000,40.91342411973736,-73.13251386822732,8.490044308725267,44.18426738400012
1664577498000,40.91342411973736,-73.13251386822732,8.496553444499302,44.18426738400012
1664577500000,40.91342411973736,-73.13251386822732,8.259712017460783,44.18426738400012
1664577502000,40.91342411973736,-73.13251386822732,8.316959369102939,44.18426738400012
1664577504000,40.91342411973736,-73.13251386822732,7.710987916508836,44.18426738400012
1664577506000,40.91342411973736,-73.13251386822732,7.8144743930196015,44.18426738400012
1664577508000,40.91342411973736,-73.13251386822732,8.138466793304728,44.18426738400012
1664577510000,40.91342411973736,-73.13251386822732,8.296569759053877,44.18426738400012
1664577512000,40.91342411973736,-73.13251386822732,8.401496086767436,44.18426738400012
1664577513999,40.91342411973736,-73.13251386822732,8.524357190166453,44.18426738400012
1664577515999,40.91342411973736,-73.13251386822732,8.771742748380388,44.18426738400012
1664577517999,40.91342411973736,-73.13251386822732,8.733091426590862,44.18426738400012
1664577519999,40.91342411973736,-73.13251386822732,8.948336315094668,44.18426738400012
1664577521999,40.91342411973736,-73.13251386822732,9.290644525013146,44.18426738400012
1664577523999,40.91342411973736,-73.13251386822732,9.342877978233844,44.18426738400012
1664577525999,40.91342411973736,-73.13251386822732,9.340816431474792,44.18426738400012
1664577527999,40.91342411973736,-73.13251386822732,9.407526586873338,44.18426738400012
1664577529999,40.91342411973736,-73.13251386822732,9.5005192981084,44.18426738400012
1664577531999,40.91342411973736,-73.13251386822732,9.412919593601439,44.18426738400012
1664577533999,40.91342411973736,-73.13251386822732,9.50552045969244,44.18426738400012
1664577535999,40.91342411973736,-73.13251386822732,8.566132939753945,44.18426738400012
1664577537999,40.91342411973736,-73.13251386822732,8.617093313466535,44.18426738400012
1664577539999,40.91342411973736,-73.13251386822732,8.769322369419239,44.18426738400012
1664577541999,40.91342411973736,-73.13251386822732,9.016135274236868,44.18426738400012
1664577543999,40.91342411973736,-73.13251386822732,9.46808639878497,44.18426738400012
1664577545999,40.91342411973736,-73.13251386822732,9.701833435577825,44.18426738400012
1664577547999,40.91342411973736,-73.13251386822732,9.626754704380215,44.18426738400012
1664577549999,40.91342411973736,-73.13251386822732,9.74328203774915,44.18426738400012
1664577551999,40.91342411973736,-73.13251386822732,9.932414428319257,44.18426738400012
1664577553999,40.91342411973736,-73.13251386822732,10.1601447894458,44.18426738400012
1664577555999,40.91342411973736,-73.13251386822732,10.321516151370323,44.18426738400012
1664577557999,40.91342411973736,-73.13251386822732,10.531356076332695,44.18426738400012
1664577559999,40.91342411973736,-73.13251386822732,10.500179455010755,44.18426738400012
1664577561999,40.91342411973736,-73.13251386822732,10.491652205800886,44.18426738400012
1664577563999,40.91342411973736,-73.13251386822732,10.587772418599881,44.18426738400012
1664577565999,40.91342411973736,-73.13251386822732,10.81755621074747,44.18426738400012
1664577567999,40.91342411973736,-73.13251386822732,9.635710202003423,44.18426738400012
1664577569999,40.91342411973736,-73.13251386822732,9.874515604611702,44.18426738400012
1664577571999,40.91342411973736,-73.13251386822732,9.869480343037134,44.18426738400012
1664577573999,40.91342411973736,-73.13251386822732,9.903451582722372,44.18426738400012
1664577575999,40.91342411973736,-73.13251386822732,9.929158244816284,44.18426738400012
1664577577999,40.91342411973736,-73.13251386822732,10.143247090996235,44.18426738400012
1664577579999,40.91342411973736,-73.13251386822732,10.374197416319564,44.18426738400012
1664577581999,40.91342411973736,-73.13251386822732,10.49598902266284,44.18426738400012
1664577583999,40.91342411973736,-73.13251386822732,10.639444859222523,44.18426738400012
1664577585999,40.91342411973736,-73.13251386822732,11.044372666533205,44.18426738400012
1664577587999,40.91342411973736,-73.13251386822732,11.212211796634746,44.18426738400012
1664577590025,40.91342411973736,-73.13251386822732,11.397126100871532,44.18426738400012
1664577591999,40.91342411973736,-73.13251386822732,9.448245631652988,44.18426738400012
1664577593999,40.91342411973736,-73.13251386822732,9.652774219200216,44.18426738400012
1664577595999,40.91342411973736,-73.13251386822732,9.616670478670288,44.18426738400012
1664577597999,40.91342411973736,-73.13251386822732,9.597851813012188,44.18426738400012
1664577599999,40.91342411973736,-73.13251386822732,9.627933870486949,44.18426738400012
1664577602000,40.91342411973736,-73.13251386822732,9.813511730995339,44.18426738400012
1664577604000,40.91342411973736,-73.13251386822732,10.000379431302092,44.18426738400012
1664577606000,40.91342411973736,-73.13251386822732,9.331710390442801,44.18426738400012
1664577608000,40.91342411973736,-73.13251386822732,9.581077556008616,44.18426738400012
1664577610000,40.91342411973736,-73.13251386822732,9.755638523274024,44.18426738400012
1664577612000,40.91342411973736,-73.13251386822732,10.013834278918825,44.18426738400012
1664577614000,40.91342411973736,-73.13251386822732,10.194608252002942,44.18426738400012
1664577616000,40.91342411973736,-73.13251386822732,10.351983606026451,44.18426738400012
1664577618000,40.91342411973736,-73.13251386822732,10.571280586587541,44.18426738400012
1664577620000,40.91342411973736,-73.13251386822732,10.520298497572341,44.18426738400012
1664577622000,40.91342411973736,-73.13251386822732,10.918960889181335,44.18426738400012
1664577624000,40.91342411973736,-73.13251386822732,10.956467927480215,44.18426738400012
1664577626000,40.91342411973736,-73.13251386822732,11.100067643861166,44.18426738400012
1664577628000,40.91342411973736,-73.13251386822732,11.255767423545628,44.18426738400012
1664577630000,40.91342411973736,-73.13251386822732,10.962750797176115,44.18426738400012
1664577631999,40.91342411973736,-73.13251386822732,11.150997179440273,44.18426738400012
1664577633999,40.91342411973736,-73.13251386822732,11.372072605295337,44.18426738400012
1664577635999,40.91342411973736,-73.13251386822732,9.954641877992016,44.18426738400012
1664577637999,40.91342411973736,-73.13251386822732,10.183929617702445,44.18426738400012
1664577639999,40.91342411973736,-73.13251386822732,10.570347304046315,44.18426738400012
1664577641999,40.91342411973736,-73.13251386822732,10.793667315922443,44.18426738400012
1664577643999,40.91342411973736,-73.13251386822732,10.695648821205454,44.18426738400012
1664577645999,40.91342411973736,-73.13251386822732,10.856180963139776,44.18426738400012
1664577647999,40.91342411973736,-73.13251386822732,11.032438502672882,44.18426738400012
1664577649999,40.91342411973736,-73.13251386822732,11.21427681959379,44.18426738400012
1664577651999,40.91342411973736,-73.13251386822732,11.384854140296069,44.18426738400012
1664577653999,40.91342411973736,-73.13251386822732,11.55172743258782,44.18426738400012
1664577655999,40.91342411973736,-73.13251386822732,11.743539354729577,44.18426738400012
1664577657999,40.91342411973736,-73.13251386822732,12.047984710848112,44.18426738400012
1664577659999,40.91342411973736,-73.13251386822732,12.236171322978258,44.18426738400012
1664577661999,40.91342411973736,-73.13251386822732,12.385588959723046,44.18426738400012
1664577663999,40.91342411973736,-73.13251386822732,12.530704811512722,44.18426738400012
1664577665999,40.91342411973736,-73.13251386822732,12.699271111091337,44.18426738400012
1664577667999,40.91342411973736,-73.13251386822732,10.77792813482995,44.18426738400012
1664577669999,40.91342411973736,-73.13251386822732,10.97866338138367,44.18426738400012
1664577671999,40.91342411973736,-73.13251386822732,11.363613419765503,44.18426738400012
1664577673999,40.91342411973736,-73.13251386822732,11.500259605230985,44.18426738400012
1664577675999,40.91342411973736,-73.13251386822732,11.718231859251306,44.18426738400012
1664577677999,40.91342411973736,-73.13251386822732,11.905387359848186,44.18426738400012
1664577679999,40.91342411973736,-73.13251386822732,11.471934104837095,44.18426738400012
1664577681999,40.91342411973736,-73.13251386822732,11.188647211071993,44.18426738400012
1664577683999,40.91342411973736,-73.13251386822732,11.408962511365763,44.18426738400012
1664577685999,40.91342411973736,-73.13251386822732,11.20557615475388,44.18426738400012
1664577687999,40.91342411973736,-73.13251386822732,11.384118579294151,44.18426738400012
1664577689999,40.91342411973736,-73.13251386822732,11.297616578220252,44.18426738400012
1664577691999,40.91342411973736,-73.13251386822732,11.564959420719903,44.18426738400012
1664577693999,40.91342411973736,-73.13251386822732,11.727282956495221,44.18426738400012
1664577695999,40.91342411973736,-73.13251386822732,11.955758877411196,44.18426738400012
1664577697999,40.91342411973736,-73.13251386822732,12.136919275813035,44.18426738400012
1664577699999,40.91342411973736,-73.13251386822732,10.349309517828532,44.18426738400012
1664577701999,40.91342411973736,-73.13251386822732,10.284144423241067,44.18426738400012
1664577703999,40.91342411973736,-73.13251386822732,10.245506299447051,44.18426738400012
1664577705999,40.91342411973736,-73.13251386822732,10.463926869983561,44.18426738400012
1664577707999,40.91342411973736,-73.13251386822732,10.911915663639226,44.18426738400012
1664577709999,40.91342411973736,-73.13251386822732,11.088915471527049,44.18426738400012
1664577711999,40.91342411973736,-73.13251386822732,11.28998660705059,44.18426738400012
1664577713999,40.91342411973736,-73.13251386822732,11.191204673069791,44.18426738400012
1664577715999,40.91342411973736,-73.13251386822732,11.40240222842815,44.18426738400012
1664577717999,40.91342411973736,-73.13251386822732,11.254875215299581,44.18426738400012
1664577719999,40.91342411973736,-73.13251386822732,11.243761596306966,44.18426738400012
1664577721999,40.91342411973736,-73.13251386822732,11.30673876439732,44.18426738400012
1664577723999,40.91342411973736,-73.13251386822732,11.37677864017336,44.18426738400012
1664577725999,40.91342411973736,-73.13251386822732,11.536450157636567,44.18426738400012
1664577728000,40.91342411973736,-73.13251386822732,11.597616687031838,44.18426738400012
1664577730000,40.91342411973736,-73.13251386822732,11.727877943242316,44.18426738400012
1664577732000,40.91342411973736,-73.13251386822732,9.80119528007471,44.18426738400012
1664577734000,40.91342411973736,-73.13251386822732,9.911892629100256,44.18426738400012
1664577736000,40.91342411973736,-73.13251386822732,10.05238738385781,44.18426738400012
1664577738000,40.91342411973736,-73.13251386822732,10.187826966637425,44.18426738400012
1664577740000,40.91342411973736,-73.13251386822732,10.262743324249007,44.18426738400012
1664577742000,40.91342411973736,-73.13251386822732,10.584512432159169,44.18426738400012
1664577744000,40.91342411973736,-73.13251386822732,10.564458903761125,44.18426738400012
1664577746000,40.91342411973736,-73.13251386822732,10.71129114449558,44.18426738400012
1664577748000,40.91342411973736,-73.13251386822732,10.805786031032836,44.18426738400012
1664577750000,40.91342411973736,-73.13251386822732,9.260558051763372,44.18426738400012
1664577752000,40.91342411973736,-73.13251386822732,8.653511565821823,44.18426738400012
1664577753999,40.91342411973736,-73.13251386822732,8.765999739095863,44.18426738400012
1664577755999,40.91342411973736,-73.13251386822732,8.881930926186948,44.18426738400012
1664577757999,40.91342411973736,-73.13251386822732,9.050450461622923,44.18426738400012
1664577759999,40.91342411973736,-73.13251386822732,9.174034505216987,44.18426738400012
1664577761999,40.91342411973736,-73.13251386822732,8.354613483808835,44.18426738400012
1664577763999,40.91342411973736,-73.13251386822732,7.821150410160405,44.18426738400012
1664577765999,40.91342411973736,-73.13251386822732,8.036502771143715,44.18426738400012
1664577767999,40.91342411973736,-73.13251386822732,8.235088300564534,44.18426738400012
1664577769999,40.91342411973736,-73.13251386822732,8.535473908489227,44.18426738400012
1664577771999,40.91342411973736,-73.13251386822732,8.637662836842287,44.18426738400012
1664577773999,40.91342411973736,-73.13251386822732,8.74492275158207,44.18426738400012
1664577775999,40.91342411973736,-73.13251386822732,8.853324764040757,44.18426738400012
1664577777999,40.91342411973736,-73.13251386822732,9.007260637734825,44.18426738400012
1664577779999,40.91342411973736,-73.13251386822732,9.266346031928375,44.18426738400012
1664577781999,40.91342411973736,-73.13251386822732,9.486780773290564,44.18426738400012
1664577783999,40.91342411973736,-73.13251386822732,9.750697782764615,44.18426738400012
1664577785999,40.91342411973736,-73.13251386822732,9.971337976036338,44.18426738400012
1664577787999,40.91342411973736,-73.13251386822732,9.978326807649637,44.18426738400012
1664577789999,40.91342411973736,-73.13251386822732,10.008997744871824,44.18426738400012
1664577791999,40.91342411973736,-73.13251386822732,10.062441844597807,44.18426738400012
1664577793999,40.91342411973736,-73.13251386822732,10.169350842619114,44.18426738400012
1664577795999,40.91342411973736,-73.13251386822732,10.367529260346878,44.18426738400012
1664577797999,40.91342411973736,-73.13251386822732,9.400198471613963,44.18426738400012
1664577799999,40.91342411973736,-73.13251386822732,9.678783188608074,44.18426738400012
1664577801999,40.91342411973736,-73.13251386822732,9.856869748227753,44.18426738400012
1664577803999,40.91342411973736,-73.13251386822732,10.095533768622534,44.18426738400012
1664577805999,40.91342411973736,-73.13251386822732,10.318199594569817,44.18426738400012
1664577807999,40.91342411973736,-73.13251386822732,10.529247193187937,44.18426738400012
1664577809999,40.91342411973736,-73.13251386822732,10.119255633963649,44.18426738400012
1664577811999,40.91342411973736,-73.13251386822732,10.34379947375607,44.18426738400012
1664577813999,40.91342411973736,-73.13251386822732,10.58022254097399,44.18426738400012
1664577815999,40.91342411973736,-73.13251386822732,10.970372233326295,44.18426738400012
1664577817999,40.91342411973736,-73.13251386822732,11.202426186308912,44.18426738400012
1664577819999,40.91342411973736,-73.13251386822732,11.349301551982972,44.18426738400012
1664577821999,40.91342411973736,-73.13251386822732,11.58363757387637,44.18426738400012
1664577823999,40.91342411973736,-73.13251386822732,11.187371781178156,44.18426738400012
1664577825999,40.91342411973736,-73.13251386822732,11.319654166336369,44.18426738400012
1664577827999,40.91342411973736,-73.13251386822732,9.897948358698272,44.18426738400012
1664577829999,40.91342411973736,-73.13251386822732,10.13371748799008,44.18426738400012
1664577831999,40.91342411973736,-73.13251386822732,10.532845578997977,44.18426738400012
1664577833999,40.91342411973736,-73.13251386822732,10.267636100933382,44.18426738400012
1664577835999,40.91342411973736,-73.13251386822732,10.42674363749406,44.18426738400012
1664577837999,40.91342411973736,-73.13251386822732,10.639005758733722,44.18426738400012
1664577839999,40.91342411973736,-73.13251386822732,10.868749636272065,44.18426738400012
1664577841999,40.91342411973736,-73.13251386822732,11.079922450292266,44.18426738400012
1664577843999,40.91342411973736,-73.13251386822732,11.017156969397458,44.18426738400012
1664577845999,40.91342411973736,-73.13251386822732,10.762566268010445,44.18426738400012
1664577847999,40.91342411973736,-73.13251386822732,10.972371944180873,44.18426738400012
1664577849999,40.91342411973736,-73.13251386822732,11.173930675281476,44.18426738400012
1664577851999,40.91342411973736,-73.13251386822732,10.964195233281185,44.18426738400012
1664577854000,40.91342411973736,-73.13251386822732,10.832090174459164,44.18426738400012
1664577856000,40.91342411973736,-73.13251386822732,10.85795251994559,44.18426738400012
1664577858000,40.91342411973736,-73.13251386822732,10.952885224439717,44.18426738400012
1664577860000,40.91342411973736,-73.13251386822732,9.410344288556331,44.18426738400012
1664577862000,40.91342411973736,-73.13251386822732,9.606617279937328,44.18426738400012
1664577864000,40.91342411973736,-73.13251386822732,9.654766096279907,44.18426738400012
1664577866000,40.91342411973736,-73.13251386822732,9.811663124483726,44.18426738400012
1664577868000,40.91342411973736,-73.13251386822732,10.106896908694782,44.18426738400012
1664577870000,40.91342411973736,-73.13251386822732,10.192400100669587,44.18426738400012
1664577872000,40.91342411973736,-73.13251386822732,10.170832540802078,44.18426738400012
1664577874000,40.91342411973736,-73.13251386822732,10.383292161523464,44.18426738400012
1664577876000,40.91342411973736,-73.13251386822732,10.39762859452452,44.18426738400012
1664577878000,40.91342411973736,-73.13251386822732,10.425421801152288,44.18426738400012
1664577879999,40.91342411973736,-73.13251386822732,10.503689277346092,44.18426738400012
1664577881999,40.91342411973736,-73.13251386822732,10.560307585934988,44.18426738400012
1664577883999,40.91342411973736,-73.13251386822732,10.642399094460513,44.18426738400012
1664577885999,40.91342411973736,-73.13251386822732,10.926657317204532,44.18426738400012
1664577887999,40.91342411973736,-73.13251386822732,11.11981432245377,44.18426738400012
1664577889999,40.91342411973736,-73.13251386822732,11.281860612184566,44.18426738400012
1664577891999,40.91342411973736,-73.13251386822732,9.937235158550004,44.18426738400012
1664577893999,40.91342411973736,-73.13251386822732,10.011561893907492,44.18426738400012
1664577895999,40.91342411973736,-73.13251386822732,10.274089788747256,44.18426738400012
1664577897999,40.91342411973736,-73.13251386822732,10.4646516771201,44.18426738400012
1664577899999,40.91342411973736,-73.13251386822732,10.637634499313167,44.18426738400012
1664577901999,40.91342411973736,-73.13251386822732,10.520594524344046,44.18426738400012
1664577903999,40.91342411973736,-73.13251386822732,10.485290809238354,44.18426738400012
1664577905999,40.91342411973736,-73.13251386822732,10.384908798717824,44.18426738400012
1664577907999,40.91342411973736,-73.13251386822732,10.406671426660731,44.18426738400012
1664577909999,40.91342411973736,-73.13251386822732,10.461827282494317,44.18426738400012
1664577911999,40.91342411973736,-73.13251386822732,10.700644886618923,44.18426738400012
1664577913999,40.91342411973736,-73.13251386822732,10.91752470493165,44.18426738400012
1664577915999,40.91342411973736,-73.13251386822732,11.111468240323735,44.18426738400012
1664577917999,40.91342411973736,-73.13251386822732,11.440411965342458,44.18426738400012
1664577919999,40.91342411973736,-73.13251386822732,11.177271220450677,44.18426738400012
1664577921999,40.91342411973736,-73.13251386822732,11.066904941880523,44.18426738400012
1664577923999,40.91342411973736,-73.13251386822732,9.409662947058433,44.18426738400012
1664577925999,40.91342411973736,-73.13251386822732,9.405108685824752,44.18426738400012
1664577927999,40.91342411973736,-73.13251386822732,9.54747225062841,44.18426738400012
1664577929999,40.91342411973736,-73.13251386822732,9.637543926826446,44.18426738400012
1664577931999,40.91342411973736,-73.13251386822732,9.896735500569543,44.18426738400012
1664577933999,40.91342411973736,-73.13251386822732,9.933520596984005,44.18426738400012
1664577935999,40.91342411973736,-73.13251386822732,9.936207899126417,44.18426738400012
1664577937999,40.91342411973736,-73.13251386822732,10.041202134146772,44.18426738400012
1664577939999,40.91342411973736,-73.13251386822732,9.968121756174039,44.18426738400012
1664577941999,40.91342411973736,-73.13251386822732,10.14039530172488,44.18426738400012
1664577943999,40.91342411973736,-73.13251386822732,10.184934322884295,44.18426738400012
1664577945999,40.91342411973736,-73.13251386822732,10.438873625252178,44.18426738400012
1664577947999,40.91342411973736,-73.13251386822732,10.495029244989794,44.18426738400012
1664577949999,40.91342411973736,-73.13251386822732,10.613187127264611,44.18426738400012
1664577951999,40.91342411973736,-73.13251386822732,10.647058608033706,44.18426738400012
1664577953999,40.91342411973736,-73.13251386822732,10.537154713761007,44.18426738400012
1664577955999,40.91342411973736,-73.13251386822732,9.186448078440018,44.18426738400012
1664577957999,40.91342411973736,-73.13251386822732,9.307079180287849,44.18426738400012
1664577959999,40.91342411973736,-73.13251386822732,9.526738600867493,44.18426738400012
1664577961999,40.91342411973736,-73.13251386822732,9.91937899810044,44.18426738400012
1664577963999,40.91342411973736,-73.13251386822732,9.983007314186596,44.18426738400012
1664577965999,40.91342411973736,-73.13251386822732,10.08263882652132,44.18426738400012
1664577967999,40.91342411973736,-73.13251386822732,10.153061724116851,44.18426738400012
1664577969999,40.91342411973736,-73.13251386822732,10.1860467212896,44.18426738400012
1664577971999,40.91342411973736,-73.13251386822732,10.339102548828514,44.18426738400012
1664577973999,40.91342411973736,-73.13251386822732,10.442620425505353,44.18426738400012
1664577975999,40.91342411973736,-73.13251386822732,10.340304057407804,44.18426738400012
1664577977999,40.91342411973736,-73.13251386822732,10.471689540086569,44.18426738400012
1664577980000,40.91342411973736,-73.13251386822732,10.625520032968154,44.18426738400012
1664577982000,40.91342411973736,-73.13251386822732,10.66635474846287,44.18426738400012
1664577984000,40.91342411973736,-73.13251386822732,10.786141530080794,44.18426738400012
1664577986000,40.91342411973736,-73.13251386822732,10.766279072874566,44.18426738400012
1664577988000,40.91342411973736,-73.13251386822732,9.482428434286346,44.18426738400012
1664577990000,40.91342411973736,-73.13251386822732,9.631658020098808,44.18426738400012
1664577992000,40.91342411973736,-73.13251386822732,9.812030985349672,44.18426738400012
1664577994000,40.91342411973736,-73.13251386822732,10.077701282079925,44.18426738400012
1664577996000,40.91342411973736,-73.13251386822732,9.585770756469994,44.18426738400012
1664577998000,40.91342411973736,-73.13251386822732,9.674168279425075,44.18426738400012
1664578000000,40.91342411973736,-73.13251386822732,9.751076209350705,44.18426738400012
1664578002000,40.91342411973736,-73.13251386822732,9.829684043311014,44.18426738400012
1664578004000,40.91342411973736,-73.13251386822732,9.93584199184548,44.18426738400012
1664578006000,40.91342411973736,-73.13251386822732,10.046027353826341,44.18426738400012
1664578007999,40.91342411973736,-73.13251386822732,10.189412456878545,44.18426738400012
1664578009999,40.91342411973736,-73.13251386822732,10.264223984162781,44.18426738400012
1664578011999,40.91342411973736,-73.13251386822732,10.48313141427179,44.18426738400012
1664578013999,40.91342411973736,-73.13251386822732,10.544358970252638,44.18426738400012
1664578015999,40.91342411973736,-73.13251386822732,10.623651859856405,44.18426738400012
1664578017999,40.91342411973736,-73.13251386822732,10.708026457240763,44.18426738400012
1664578019999,40.91342411973736,-73.13251386822732,10.788556620129183,44.18426738400012
1664578021999,40.91342411973736,-73.13251386822732,9.662778726413343,44.18426738400012
1664578023999,40.91342411973736,-73.13251386822732,9.342366507477035,44.18426738400012
1664578025999,40.91342411973736,-73.13251386822732,9.616413210223762,44.18426738400012
1664578027999,40.91342411973736,-73.13251386822732,9.760635420534328,44.18426738400012
1664578029999,40.91342411973736,-73.13251386822732,9.809877402736188,44.18426738400012
1664578031999,40.91342411973736,-73.13251386822732,9.848721535107956,44.18426738400012
1664578033999,40.91342411973736,-73.13251386822732,9.806643894026307,44.18426738400012
1664578035999,40.91342411973736,-73.13251386822732,9.901788822640848,44.18426738400012
1664578037999,40.91342411973736,-73.13251386822732,10.040128754669686,44.18426738400012
1664578039999,40.91342411973736,-73.13251386822732,10.170997421646712,44.18426738400012
1664578041999,40.91342411973736,-73.13251386822732,10.001956470446117,44.18426738400012
1664578043999,40.91342411973736,-73.13251386822732,10.287588977632343,44.18426738400012
1664578045999,40.91342411973736,-73.13251386822732,10.229878520742934,44.18426738400012
1664578047999,40.91342411973736,-73.13251386822732,10.26244852426692,44.18426738400012
1664578049999,40.91342411973736,-73.13251386822732,10.230874519604578,44.18426738400012
1664578051999,40.91342411973736,-73.13251386822732,10.189823867543051,44.18426738400012
1664578053999,40.91342411973736,-73.13251386822732,9.191827522555966,44.18426738400012
1664578055999,40.91342411973736,-73.13251386822732,9.362673455476383,44.18426738400012
1664578057999,40.91342411973736,-73.13251386822732,9.441832699913402,44.18426738400012
1664578059999,40.91342411973736,-73.13251386822732,9.52715208430327,44.18426738400012
1664578061999,40.91342411973736,-73.13251386822732,9.704535374696395,44.18426738400012
1664578063999,40.91342411973736,-73.13251386822732,9.844223573379976,44.18426738400012
1664578065999,40.91342411973736,-73.13251386822732,9.845810048400558,44.18426738400012
1664578067999,40.91342411973736,-73.13251386822732,9.98948629666682,44.18426738400012
1664578069999,40.91342411973736,-73.13251386822732,10.01140401765136,44.18426738400012
1664578071999,40.91342411973736,-73.13251386822732,9.95104760276231,44.18426738400012
1664578073999,40.91342411973736,-73.13251386822732,10.029277152187262,44.18426738400012
1664578075999,40.91342411973736,-73.13251386822732,10.153684150969317,44.18426738400012
1664578077999,40.91342411973736,-73.13251386822732,10.463842858062176,44.18426738400012
1664578079999,40.91342411973736,-73.13251386822732,10.50479154559536,44.18426738400012
1664578081999,40.91342411973736,-73.13251386822732,10.705548889602632,44.18426738400012
1664578083999,40.91342411973736,-73.13251386822732,9.509446330823263,44.18426738400012
1664578085999,40.91342411973736,-73.13251386822732,9.611635747641678,44.18426738400012
1664578087999,40.91342411973736,-73.13251386822732,9.75569582311253,44.18426738400012
1664578089999,40.91342411973736,-73.13251386822732,9.8785446524298,44.18426738400012
1664578091999,40.91342411973736,-73.13251386822732,9.997466573254146,44.18426738400012
1664578093999,40.91342411973736,-73.13251386822732,10.122106492516652,44.18426738400012
1664578095999,40.91342411973736,-73.13251386822732,10.133395380482707,44.18426738400012
1664578097999,40.91342411973736,-73.13251386822732,10.322103577215348,44.18426738400012
1664578099999,40.91342411973736,-73.13251386822732,10.478684001743014,44.18426738400012
1664578101999,40.91342411973736,-73.13251386822732,10.390954868222783,44.18426738400012
1664578103998,40.91342411973736,-73.13251386822732,10.412176826046204,44.18426738400012
1664578106000,40.91342411973736,-73.13251386822732,10.398883239712529,44.18426738400012
1664578108000,40.91342411973736,-73.13251386822732,10.437299852881361,44.18426738400012
1664578110000,40.91342411973736,-73.13251386822732,10.459465692556293,44.18426738400012
1664578112000,40.91342411973736,-73.13251386822732,10.523237991236556,44.18426738400012
1664578114000,40.91342411973736,-73.13251386822732,10.800455794310121,44.18426738400012
1664578116000,40.91342411973736,-73.13251386822732,8.951742987066948,44.18426738400012
1664578118000,40.91342411973736,-73.13251386822732,9.188847567533614,44.18426738400012
1664578120000,40.91342411973736,-73.13251386822732,9.106873219724681,44.18426738400012
1664578122000,40.91342411973736,-73.13251386822732,9.209650642138497,44.18426738400012
1664578124000,40.91342411973736,-73.13251386822732,9.34479883795874,44.18426738400012
1664578126000,40.91342411973736,-73.13251386822732,9.46227732523057,44.18426738400012
1664578127027,40.91342411973736,-73.13251386822732,9.615960223468909,44.18426738400012
1664578129000,40.91342411973736,-73.13251386822732,8.486605792485495,44.18426738400012
1664578131000,40.91342411973736,-73.13251386822732,8.766628580543705,44.18426738400012
1664578133000,40.91342411973736,-73.13251386822732,9.053632225336747,44.18426738400012
1664578134999,40.91342411973736,-73.13251386822732,9.288207505104802,44.18426738400012
1664578136999,40.91342411973736,-73.13251386822732,9.54593947939599,44.18426738400012
1664578138999,40.91342411973736,-73.13251386822732,9.828781919785216,44.18426738400012
1664578140999,40.91342411973736,-73.13251386822732,10.09637535629285,44.18426738400012
1664578142999,40.91342411973736,-73.13251386822732,10.468192501618345,44.18426738400012
1664578144999,40.91342411973736,-73.13251386822732,10.722658038061294,44.18426738400012
1664578146999,40.91342411973736,-73.13251386822732,10.920282110147733,44.18426738400012
1664578148017,40.91342411973736,-73.13251386822732,11.02692885724092,44.18426738400012
1664578150016,40.91342411973736,-73.13251386822732,9.374094681548165,44.18426738400012
1664578151016,40.91342411973736,-73.13251386822732,9.487722559474477,44.18426738400012
1664578153016,40.91342411973736,-73.13251386822732,9.756421736977048,44.18426738400012
1664578154016,40.91342411973736,-73.13251386822732,9.870793234284342,44.18426738400012
1664578156015,40.91342411973736,-73.13251386822732,10.13805366113736,44.18426738400012
1664578158016,40.91342411973736,-73.13251386822732,10.527078085467414,44.18426738400012
1664578160015,40.91342411973736,-73.13251386822732,10.734667419653318,44.18426738400012
1664578161017,40.91342411973736,-73.13251386822732,9.08597761990208,44.18426738400012
1664578163013,40.91342411973736,-73.13251386822732,9.350618829421055,44.18426738400012
1664578164014,40.91342411973736,-73.13251386822732,9.569610196101516,44.18426738400012
1664578172016,40.913420988117984,-73.13255746060118,10.63396690136082,44.239242285490036
1664578173016,40.913420988117984,-73.13255746060118,9.020977288276423,44.239242285490036
1664578175014,40.913420988117984,-73.13255746060118,9.26179324088842,44.239242285490036
1664578176015,40.913420988117984,-73.13255746060118,9.41542521845696,44.239242285490036
1664578177016,40.913420988117984,-73.13255746060118,9.384961252645681,44.239242285490036
1664578181016,40.913420988117984,-73.13255746060118,10.05041521315416,44.239242285490036
1664578183042,40.913420988117984,-73.13255746060118,10.310160234724142,44.239242285490036
1664578185018,40.913420988117984,-73.13255746060118,9.890287832981304,44.239242285490036
1664578187016,40.913420988117984,-73.13255746060118,9.136308038443925,44.239242285490036
1664578188017,40.913420988117984,-73.13255746060118,9.249020440729103,44.239242285490036
1664578190016,40.913420988117984,-73.13255746060118,9.753308941349657,44.239242285490036
1664578192015,40.913420988117984,-73.13255746060118,9.914782808216108,44.239242285490036
1664578193016,40.913420988117984,-73.13255746060118,10.066427625351707,44.239242285490036
1664578195016,40.913420988117984,-73.13255746060118,10.298584740424731,44.239242285490036
1664578196017,40.913420988117984,-73.13255746060118,10.404439100030146,44.239242285490036
1664578198015,40.913420988117984,-73.13255746060118,8.99120974280644,44.239242285490036
1664578199016,40.913420988117984,-73.13255746060118,9.112745231820327,44.239242285490036
1664578201016,40.913420988117984,-73.13255746060118,9.395967287657523,44.239242285490036
1664578203014,40.913420988117984,-73.13255746060118,9.668011527797352,44.239242285490036
1664578204016,40.913420988117984,-73.13255746060118,9.801418041273118,44.239242285490036
1664578206016,40.913420988117984,-73.13255746060118,10.218135502758225,44.239242285490036
1664578207016,40.913420988117984,-73.13255746060118,10.311624547972562,44.239242285490036
1664578209017,40.913420988117984,-73.13255746060118,9.8816700037134,44.239242285490036
1664578211015,40.913420988117984,-73.13255746060118,9.19072142336569,44.239242285490036
1664578212999,40.913420988117984,-73.13255746060118,9.417596918305044,44.239242285490036
1664578214016,40.913420988117984,-73.13255746060118,9.586421963626462,44.239242285490036
1664578215999,40.913420988117984,-73.13255746060118,9.829326896653207,44.239242285490036
1664578217999,40.913420988117984,-73.13255746060118,10.068821992929788,44.239242285490036
1664578219999,40.913420988117984,-73.13255746060118,10.338074168712549,44.239242285490036
1664578221999,40.913420988117984,-73.13255746060118,9.131700046882335,44.239242285490036
1664578223016,40.913420988117984,-73.13255746060118,9.099506767433509,44.239242285490036
1664578226015,40.913420988117984,-73.13255746060118,9.62501777667223,44.239242285490036
1664578227016,40.913420988117984,-73.13255746060118,9.793357324513332,44.239242285490036
1664578229015,40.913420988117984,-73.13255746060118,10.03755176877674,44.239242285490036
1664578230016,40.913420988117984,-73.13255746060118,10.155726463191595,44.239242285490036
1664578232015,40.913420988117984,-73.13255746060118,10.39301323885898,44.239242285490036
1664578233017,40.913420988117984,-73.13255746060118,10.551518661934752,44.239242285490036
1664578244017,40.91342209549208,-73.13255360590632,10.476639955964595,41.647621154785156
1664578245016,40.91343197463785,-73.13252543579408,9.889287545564562,44.09366135671735
1664578247016,40.91343197463785,-73.13252543579408,9.165159365406685,44.09366135671735
1664578249016,40.91343197463785,-73.13252543579408,9.416059106741246,44.09366135671735
1664578251016,40.91343197463785,-73.13252543579408,9.702995224613641,44.09366135671735
1664578252016,40.91343197463785,-73.13252543579408,9.824887284344474,44.09366135671735
1664578254016,40.91343197463785,-73.13252543579408,10.298417679007516,44.09366135671735
1664578256016,40.91343197463785,-73.13252543579408,10.304280243022035,44.09366135671735
1664578264015,40.913424652347274,-73.13252184151483,9.82999084145543,44.15923721063882
1664578265016,40.913424652347274,-73.13252184151483,9.960228919136496,44.15923721063882
1664578267016,40.913424652347274,-73.13252184151483,10.20355741588624,44.15923721063882
1664578268016,40.913424652347274,-73.13252184151483,10.344012451814617,44.15923721063882
1664578270016,40.913424652347274,-73.13252184151483,9.119398502655535,44.15923721063882
1664578272015,40.913424652347274,-73.13252184151483,9.356079686593032,44.15923721063882
1664578273016,40.913424652347274,-73.13252184151483,9.550439205064752,44.15923721063882
1664578274016,40.913424652347274,-73.13252184151483,9.633670738062527,44.15923721063882
1664578275998,40.913424652347274,-73.13252184151483,9.908133117323327,44.15923721063882
1664578277998,40.913424652347274,-73.13252184151483,10.132349374309657,44.15923721063882
1664578279998,40.913424652347274,-73.13252184151483,10.357865876977833,44.15923721063882
1664578281000,40.913424652347274,-73.13252184151483,8.831314927334612,44.15923721063882
1664578283000,40.913424652347274,-73.13252184151483,9.09157397917261,44.15923721063882
1664578285000,40.913424652347274,-73.13252184151483,9.365929964996722,44.15923721063882
1664578287000,40.913424652347274,-73.13252184151483,9.634221170594524,44.15923721063882
1664578289000,40.913424652347274,-73.13252184151483,9.534351236805062,44.15923721063882
1664578291000,40.913424652347274,-73.13252184151483,9.11243198379018,44.15923721063882
1664578293000,40.913424652347274,-73.13252184151483,8.75435600100904,44.15923721063882
1664578295000,40.913424652347274,-73.13252184151483,8.115518479633268,44.15923721063882
1664578297000,40.913424652347274,-73.13252184151483,8.176863940993922,44.15923721063882
1664578299000,40.913424652347274,-73.13252184151483,8.286909164002292,44.15923721063882
1664578301000,40.913424652347274,-73.13252184151483,8.306648890101547,44.15923721063882
1664578303000,40.913424652347274,-73.13252184151483,8.492074421066624,44.15923721063882
1664578305000,40.913424652347274,-73.13252184151483,8.833044021573743,44.15923721063882
1664578307000,40.913424652347274,-73.13252184151483,8.79958090305955,44.15923721063882
1664578308999,40.913424652347274,-73.13252184151483,8.569666876879376,44.15923721063882
1664578310999,40.913424652347274,-73.13252184151483,8.37553077104405,44.15923721063882
1664578312999,40.913424652347274,-73.13252184151483,8.01218885604621,44.15923721063882
1664578314999,40.913424652347274,-73.13252184151483,8.180444791504316,44.15923721063882
1664578316999,40.913424652347274,-73.13252184151483,8.411043838357648,44.15923721063882
1664578318999,40.913424652347274,-73.13252184151483,8.562578618627505,44.15923721063882
1664578320999,40.913424652347274,-73.13252184151483,8.69459777739637,44.15923721063882
1664578322999,40.913424652347274,-73.13252184151483,8.92277608626686,44.15923721063882
1664578324999,40.913424652347274,-73.13252184151483,8.025487897085052,44.15923721063882
1664578326999,40.913424652347274,-73.13252184151483,8.178767830289898,44.15923721063882
1664578328999,40.913424652347274,-73.13252184151483,8.270407293124867,44.15923721063882
1664578330999,40.913424652347274,-73.13252184151483,8.42211716071383,44.15923721063882
1664578332999,40.913424652347274,-73.13252184151483,8.481470698063978,44.15923721063882
1664578334999,40.913424652347274,-73.13252184151483,8.600704091195972,44.15923721063882
1664578336999,40.913424652347274,-73.13252184151483,8.99070210636556,44.15923721063882
1664578338999,40.913424652347274,-73.13252184151483,9.170113739173043,44.15923721063882
1664578340999,40.913424652347274,-73.13252184151483,9.26985558971647,44.15923721063882
1664578342999,40.913424652347274,-73.13252184151483,9.34978198307579,44.15923721063882
1664578344999,40.913424652347274,-73.13252184151483,9.426431196257347,44.15923721063882
1664578346999,40.913424652347274,-73.13252184151483,9.513982779686996,44.15923721063882
1664578348999,40.913424652347274,-73.13252184151483,9.601472197830743,44.15923721063882
1664578350999,40.913424652347274,-73.13252184151483,9.041948911867188,44.15923721063882
1664578352999,40.913424652347274,-73.13252184151483,9.4089252731885,44.15923721063882
1664578354999,40.913424652347274,-73.13252184151483,9.558421074718488,44.15923721063882
1664578356999,40.913424652347274,-73.13252184151483,8.415608860827549,44.15923721063882
1664578358999,40.913424652347274,-73.13252184151483,8.584986272905432,44.15923721063882
1664578360999,40.913424652347274,-73.13252184151483,8.782987312545922,44.15923721063882
1664578362999,40.913424652347274,-73.13252184151483,8.831172979321089,44.15923721063882
1664578364999,40.913424652347274,-73.13252184151483,8.416134336753835,44.15923721063882
1664578366999,40.913424652347274,-73.13252184151483,8.623177757465307,44.15923721063882
1664578368999,40.913424652347274,-73.13252184151483,8.783635256663835,44.15923721063882
1664578370999,40.913424652347274,-73.13252184151483,8.441124012829619,44.15923721063882
1664578372999,40.913424652347274,-73.13252184151483,8.301469902837344,44.15923721063882
1664578374999,40.913424652347274,-73.13252184151483,8.122573643911961,44.15923721063882
1664578376999,40.913424652347274,-73.13252184151483,7.933734138607929,44.15923721063882
1664578378999,40.913424652347274,-73.13252184151483,8.120038732911214,44.15923721063882
1664578380999,40.913424652347274,-73.13252184151483,8.187792113984987,44.15923721063882
1664578382999,40.913424652347274,-73.13252184151483,8.340233719979503,44.15923721063882
1664578384999,40.913424652347274,-73.13252184151483,8.35154518522779,44.15923721063882
1664578386999,40.913424652347274,-73.13252184151483,8.509250406327267,44.15923721063882
1664578388999,40.913424652347274,-73.13252184151483,7.765137576240479,44.15923721063882
1664578390999,40.913424652347274,-73.13252184151483,7.9591123116338265,44.15923721063882
1664578392998,40.913424652347274,-73.13252184151483,8.297123729205323,44.15923721063882
1664578394998,40.913424652347274,-73.13252184151483,8.073262307514286,44.15923721063882
1664578396998,40.913424652347274,-73.13252184151483,7.928639232962941,44.15923721063882
1664578398998,40.913424652347274,-73.13252184151483,7.762260931832135,44.15923721063882
1664578400998,40.913424652347274,-73.13252184151483,7.360461922867921,44.15923721063882
1664578402998,40.913424652347274,-73.13252184151483,7.243185519961122,44.15923721063882
1664578404998,40.913424652347274,-73.13252184151483,7.2348851488861925,44.15923721063882
1664578407000,40.913424652347274,-73.13252184151483,7.243469391200689,44.15923721063882
1664578409000,40.913424652347274,-73.13252184151483,7.475760397039652,44.15923721063882
1664578411000,40.913424652347274,-73.13252184151483,7.643183062286145,44.15923721063882
1664578413000,40.913424652347274,-73.13252184151483,7.829061058351453,44.15923721063882
1664578415000,40.913424652347274,-73.13252184151483,7.48431470946216,44.15923721063882
1664578417000,40.913424652347274,-73.13252184151483,7.2429016466455804,44.15923721063882
1664578419000,40.913424652347274,-73.13252184151483,7.506593756947614,44.15923721063882
1664578421000,40.913424652347274,-73.13252184151483,6.928003885949827,44.15923721063882
1664578423000,40.913424652347274,-73.13252184151483,6.982394302690333,44.15923721063882
1664578425000,40.913424652347274,-73.13252184151483,7.047622425313026,44.15923721063882
1664578427000,40.913424652347274,-73.13252184151483,7.2012497965556985,44.15923721063882
1664578429000,40.913424652347274,-73.13252184151483,7.319992592752422,44.15923721063882
1664578431000,40.913424652347274,-73.13252184151483,7.492077652913248,44.15923721063882
1664578432999,40.913424652347274,-73.13252184151483,7.456039679776695,44.15923721063882
1664578434999,40.913424652347274,-73.13252184151483,7.278759247279147,44.15923721063882
1664578436999,40.913424652347274,-73.13252184151483,7.317047879275755,44.15923721063882
1664578438999,40.913424652347274,-73.13252184151483,7.283273866134241,44.15923721063882
1664578440999,40.913424652347274,-73.13252184151483,7.4470945022313915,44.15923721063882
1664578442999,40.913424652347274,-73.13252184151483,7.659167678767935,44.15923721063882
1664578444999,40.913424652347274,-73.13252184151483,7.675769329285564,44.15923721063882
1664578446999,40.913424652347274,-73.13252184151483,7.82013210864487,44.15923721063882
1664578448999,40.913424652347274,-73.13252184151483,7.829231754758097,44.15923721063882
1664578450999,40.913424652347274,-73.13252184151483,7.690959689994915,44.15923721063882
1664578452999,40.913424652347274,-73.13252184151483,6.992783237258062,44.15923721063882
1664578454999,40.913424652347274,-73.13252184151483,7.166726933274512,44.15923721063882
1664578456999,40.913424652347274,-73.13252184151483,7.270730185238831,44.15923721063882
1664578458999,40.913424652347274,-73.13252184151483,7.349265232381358,44.15923721063882
1664578460999,40.913424652347274,-73.13252184151483,7.573066197142259,44.15923721063882
1664578462999,40.913424652347274,-73.13252184151483,7.226131789984469,44.15923721063882
1664578464999,40.913424652347274,-73.13252184151483,7.274977064485519,44.15923721063882
1664578466999,40.913424652347274,-73.13252184151483,7.276198187904479,44.15923721063882
1664578468999,40.913424652347274,-73.13252184151483,7.347545620278018,44.15923721063882
1664578470999,40.913424652347274,-73.13252184151483,7.178055871570063,44.15923721063882
1664578472999,40.913424652347274,-73.13252184151483,7.172827341257583,44.15923721063882
1664578474999,40.913424652347274,-73.13252184151483,7.271302156931441,44.15923721063882
1664578476999,40.913424652347274,-73.13252184151483,7.364005114076146,44.15923721063882
1664578478999,40.913424652347274,-73.13252184151483,7.61127964299096,44.15923721063882
1664578480999,40.913424652347274,-73.13252184151483,7.767043496244753,44.15923721063882
1664578482999,40.913424652347274,-73.13252184151483,7.883060495027352,44.15923721063882
1664578484999,40.913424652347274,-73.13252184151483,7.2956248890721245,44.15923721063882
1664578486999,40.913424652347274,-73.13252184151483,7.249174071118534,44.15923721063882
1664578488999,40.913424652347274,-73.13252184151483,7.328415265486509,44.15923721063882
1664578490999,40.913424652347274,-73.13252184151483,7.020762749474826,44.15923721063882
1664578492999,40.913424652347274,-73.13252184151483,6.942743809890777,44.15923721063882
1664578494999,40.913424652347274,-73.13252184151483,6.815481981789024,44.15923721063882
1664578496999,40.913424652347274,-73.13252184151483,7.18628252602288,44.15923721063882
1664578498999,40.913424652347274,-73.13252184151483,7.310364522874619,44.15923721063882
1664578500999,40.913424652347274,-73.13252184151483,6.970501351718839,44.15923721063882
1664578502999,40.913424652347274,-73.13252184151483,6.772999001005437,44.15923721063882
1664578504999,40.913424652347274,-73.13252184151483,6.709578532034664,44.15923721063882
1664578506999,40.913424652347274,-73.13252184151483,6.623349863738261,44.15923721063882
1664578508999,40.913424652347274,-73.13252184151483,6.844931613017774,44.15923721063882
1664578510999,40.913424652347274,-73.13252184151483,7.0567403032151255,44.15923721063882
1664578512999,40.913424652347274,-73.13252184151483,7.05835619412171,44.15923721063882
1664578514999,40.913424652347274,-73.13252184151483,7.067618804407569,44.15923721063882
1664578516999,40.913424652347274,-73.13252184151483,6.751324526835292,44.15923721063882
1664578518999,40.913424652347274,-73.13252184151483,6.799670021285647,44.15923721063882
1664578520998,40.913424652347274,-73.13252184151483,6.8548610181890295,44.15923721063882
1664578522998,40.913424652347274,-73.13252184151483,6.57138747258911,44.15923721063882
1664578524998,40.913424652347274,-73.13252184151483,6.57116224151619,44.15923721063882
1664578526998,40.913424652347274,-73.13252184151483,6.579261118711992,44.15923721063882
1664578528998,40.913424652347274,-73.13252184151483,6.669571577564517,44.15923721063882
1664578530998,40.913424652347274,-73.13252184151483,6.827742065638311,44.15923721063882
1664578533000,40.913424652347274,-73.13252184151483,7.156885468910464,44.15923721063882
1664578535000,40.913424652347274,-73.13252184151483,7.170340942110998,44.15923721063882
1664578537000,40.913424652347274,-73.13252184151483,7.287772143175855,44.15923721063882
1664578539000,40.913424652347274,-73.13252184151483,7.3287686115101,44.15923721063882
1664578541000,40.913424652347274,-73.13252184151483,7.148616344190012,44.15923721063882
1664578543000,40.913424652347274,-73.13252184151483,7.235431318192976,44.15923721063882
1664578545000,40.913424652347274,-73.13252184151483,7.579886101655903,44.15923721063882
1664578547000,40.913424652347274,-73.13252184151483,7.616344049207592,44.15923721063882
1664578549000,40.913424652347274,-73.13252184151483,7.235546247240881,44.15923721063882
1664578550026,40.913424652347274,-73.13252184151483,6.9687257525327775,44.15923721063882
1664578552000,40.913424652347274,-73.13252184151483,6.957220221768376,44.15923721063882
1664578553026,40.913424652347274,-73.13252184151483,6.9455995554197,44.15923721063882
1664578555000,40.913424652347274,-73.13252184151483,7.046204633250533,44.15923721063882
1664578556999,40.913424652347274,-73.13252184151483,7.236182313888643,44.15923721063882
1664578558999,40.913424652347274,-73.13252184151483,7.162854426653351,44.15923721063882
1664578560999,40.913424652347274,-73.13252184151483,6.541393076574067,44.15923721063882
1664578562999,40.913424652347274,-73.13252184151483,6.534749522636561,44.15923721063882
1664578564999,40.913424652347274,-73.13252184151483,6.760619510343552,44.15923721063882
1664578566999,40.913424652347274,-73.13252184151483,6.907661414326783,44.15923721063882
1664578568999,40.913424652347274,-73.13252184151483,7.151765409553568,44.15923721063882
1664578570999,40.913424652347274,-73.13252184151483,7.498160883745389,44.15923721063882
1664578572999,40.913424652347274,-73.13252184151483,6.78751516290173,44.15923721063882
1664578574999,40.913424652347274,-73.13252184151483,7.0097130406932955,44.15923721063882
1664578576999,40.913424652347274,-73.13252184151483,7.209670747556167,44.15923721063882
1664578578999,40.913424652347274,-73.13252184151483,7.3667951241997125,44.15923721063882
1664578580999,40.913424652347274,-73.13252184151483,7.583777985306923,44.15923721063882
1664578582999,40.913424652347274,-73.13252184151483,7.613927330099905,44.15923721063882
1664578584999,40.913424652347274,-73.13252184151483,7.814213217118286,44.15923721063882
1664578586999,40.913424652347274,-73.13252184151483,7.892168969742396,44.15923721063882
1664578588999,40.913424652347274,-73.13252184151483,8.26062153208293,44.15923721063882
1664578590999,40.913424652347274,-73.13252184151483,8.525966946823896,44.15923721063882
1664578592999,40.913424652347274,-73.13252184151483,8.78217302263376,44.15923721063882
1664578594999,40.913424652347274,-73.13252184151483,8.748612996571302,44.15923721063882
1664578596999,40.913424652347274,-73.13252184151483,9.031781364178395,44.15923721063882
1664578598999,40.913424652347274,-73.13252184151483,9.247916526619852,44.15923721063882
1664578600999,40.913424652347274,-73.13252184151483,9.477946044438676,44.15923721063882
1664578602999,40.913424652347274,-73.13252184151483,9.746870170444808,44.15923721063882
1664578604999,40.913424652347274,-73.13252184151483,8.969268541616914,44.15923721063882
1664578606999,40.913424652347274,-73.13252184151483,8.926926908229861,44.15923721063882
1664578608999,40.913424652347274,-73.13252184151483,9.207789133319913,44.15923721063882
1664578610999,40.913424652347274,-73.13252184151483,9.412815590700342,44.15923721063882
1664578612999,40.913424652347274,-73.13252184151483,9.689093733828466,44.15923721063882
1664578614999,40.913424652347274,-73.13252184151483,9.37399460531773,44.15923721063882
1664578616999,40.913424652347274,-73.13252184151483,9.581859111200298,44.15923721063882
1664578618999,40.913424652347274,-73.13252184151483,9.781320057313339,44.15923721063882
1664578620999,40.913424652347274,-73.13252184151483,10.06520385560968,44.15923721063882
1664578622999,40.913424652347274,-73.13252184151483,10.30951416036476,44.15923721063882
1664578624999,40.913424652347274,-73.13252184151483,10.563806331916114,44.15923721063882
1664578626999,40.913424652347274,-73.13252184151483,10.446140650064889,44.15923721063882
1664578628999,40.913424652347274,-73.13252184151483,10.678002232247485,44.15923721063882
1664578630999,40.913424652347274,-73.13252184151483,10.887834433040528,44.15923721063882
1664578632999,40.913424652347274,-73.13252184151483,11.102401646976043,44.15923721063882
1664578634999,40.913424652347274,-73.13252184151483,11.324427183053688,44.15923721063882
1664578636999,40.913424652347274,-73.13252184151483,10.071162978507054,44.15923721063882
1664578638999,40.913424652347274,-73.13252184151483,10.2818176767236,44.15923721063882
1664578640998,40.913424652347274,-73.13252184151483,10.55165349149586,44.15923721063882
1664578642998,40.913424652347274,-73.13252184151483,10.923005903471696,44.15923721063882
1664578644998,40.913424652347274,-73.13252184151483,11.146535961084945,44.15923721063882
1664578646998,40.913424652347274,-73.13252184151483,11.350976934044473,44.15923721063882
1664578648998,40.913424652347274,-73.13252184151483,11.52400810547094,44.15923721063882
1664578650998,40.913424652347274,-73.13252184151483,11.709751589257076,44.15923721063882
1664578652998,40.913424652347274,-73.13252184151483,11.930209310987347,44.15923721063882
1664578654998,40.913424652347274,-73.13252184151483,12.14063753102744,44.15923721063882
1664578656998,40.913424652347274,-73.13252184151483,12.345987357848898,44.15923721063882
1664578659000,40.913424652347274,-73.13252184151483,12.66749233949309,44.15923721063882
1664578661000,40.913424652347274,-73.13252184151483,12.848284778738075,44.15923721063882
1664578663000,40.913424652347274,-73.13252184151483,13.058825548440552,44.15923721063882
1664578665000,40.913424652347274,-73.13252184151483,13.224313126716456,44.15923721063882
1664578667000,40.913424652347274,-73.13252184151483,13.313228456834961,44.15923721063882
1664578669000,40.913424652347274,-73.13252184151483,11.124457134768598,44.15923721063882
1664578671000,40.913424652347274,-73.13252184151483,11.345057957634301,44.15923721063882
1664578673000,40.913424652347274,-73.13252184151483,11.554733588084838,44.15923721063882
1664578675000,40.913424652347274,-73.13252184151483,11.762937129107478,44.15923721063882
1664578677000,40.913424652347274,-73.13252184151483,11.98002965733083,44.15923721063882
1664578679000,40.913424652347274,-73.13252184151483,12.197696998590155,44.15923721063882
1664578681000,40.913424652347274,-73.13252184151483,12.507843460557929,44.15923721063882
1664578682999,40.913424652347274,-73.13252184151483,12.755332182654506,44.15923721063882
1664578684999,40.913424652347274,-73.13252184151483,12.917168105361101,44.15923721063882
1664578686999,40.913424652347274,-73.13252184151483,13.11668563734791,44.15923721063882
1664578688999,40.913424652347274,-73.13252184151483,13.160855890699498,44.15923721063882
1664578690999,40.913424652347274,-73.13252184151483,13.350454555593757,44.15923721063882
1664578692999,40.913424652347274,-73.13252184151483,13.527749798179928,44.15923721063882
1664578694999,40.913424652347274,-73.13252184151483,13.735813141697202,44.15923721063882
1664578696999,40.913424652347274,-73.13252184151483,13.913473418101235,44.15923721063882
1664578698999,40.913424652347274,-73.13252184151483,14.16910227198408,44.15923721063882
1664578700999,40.913424652347274,-73.13252184151483,14.30225665614365,44.15923721063882
1664578702999,40.913424652347274,-73.13252184151483,11.861879637376747,44.15923721063882
1664578704999,40.913424652347274,-73.13252184151483,12.051514114685292,44.15923721063882
1664578706999,40.913424652347274,-73.13252184151483,12.234530069670084,44.15923721063882
1664578707999,40.913424652347274,-73.13252184151483,12.335283640101931,44.15923721063882
1664578709999,40.913424652347274,-73.13252184151483,12.5474708838963,44.15923721063882
1664578711999,40.913424652347274,-73.13252184151483,12.731759503743373,44.15923721063882
1664578713999,40.913424652347274,-73.13252184151483,13.072615034666699,44.15923721063882
1664578715999,40.913424652347274,-73.13252184151483,13.211649533984518,44.15923721063882
1664578717999,40.913424652347274,-73.13252184151483,13.330112496940604,44.15923721063882
1664578719999,40.913424652347274,-73.13252184151483,13.51661106615001,44.15923721063882
1664578721999,40.913424652347274,-73.13252184151483,13.694767934625864,44.15923721063882
1664578723999,40.913424652347274,-73.13252184151483,13.878757468783311,44.15923721063882
1664578725999,40.913424652347274,-73.13252184151483,14.052923009475892,44.15923721063882
1664578727999,40.913424652347274,-73.13252184151483,14.226792361340939,44.15923721063882
1664578729999,40.913424652347274,-73.13252184151483,14.396406249039645,44.15923721063882
1664578731999,40.913424652347274,-73.13252184151483,14.67979631129535,44.15923721063882
1664578733999,40.913424652347274,-73.13252184151483,11.870986860558165,44.15923721063882
1664578735999,40.913424652347274,-73.13252184151483,12.199701767160954,44.15923721063882
1664578737999,40.913424652347274,-73.13252184151483,12.361620343185768,44.15923721063882
1664578739999,40.913424652347274,-73.13252184151483,12.559142138630175,44.15923721063882
1664578741999,40.913424652347274,-73.13252184151483,12.763733002512735,44.15923721063882
1664578743999,40.913424652347274,-73.13252184151483,13.060788158359802,44.15923721063882
1664578745999,40.913424652347274,-73.13252184151483,13.231237965431125,44.15923721063882
1664578747999,40.913424652347274,-73.13252184151483,13.419932399676847,44.15923721063882
1664578749999,40.913424652347274,-73.13252184151483,13.557527009248298,44.15923721063882
1664578751999,40.913424652347274,-73.13252184151483,13.770437698591577,44.15923721063882
1664578753999,40.913424652347274,-73.13252184151483,13.951600197997733,44.15923721063882
1664578755999,40.913424652347274,-73.13252184151483,14.158718180880825,44.15923721063882
1664578757999,40.913424652347274,-73.13252184151483,14.308327191845846,44.15923721063882
1664578759999,40.913424652347274,-73.13252184151483,14.606980008165884,44.15923721063882
1664578761999,40.913424652347274,-73.13252184151483,14.785591735843921,44.15923721063882
1664578763999,40.913424652347274,-73.13252184151483,14.915028672351903,44.15923721063882
1664578765999,40.913424652347274,-73.13252184151483,12.115155649286589,44.15923721063882
1664578767998,40.913424652347274,-73.13252184151483,12.312461347076647,44.15923721063882
1664578769998,40.913424652347274,-73.13252184151483,12.505083150163975,44.15923721063882
1664578771998,40.913424652347274,-73.13252184151483,12.672094296254123,44.15923721063882
1664578773998,40.913424652347274,-73.13252184151483,12.868135938494008,44.15923721063882
1664578775998,40.913424652347274,-73.13252184151483,13.039788180307566,44.15923721063882
1664578777998,40.913424652347274,-73.13252184151483,13.2367266842015,44.15923721063882
1664578779998,40.913424652347274,-73.13252184151483,13.439947255548905,44.15923721063882
1664578781998,40.913424652347274,-73.13252184151483,13.736134536984881,44.15923721063882
1664578783998,40.913424652347274,-73.13252184151483,13.894899449373577,44.15923721063882
1664578785000,40.913424652347274,-73.13252184151483,13.969791629836054,44.15923721063882
1664578787000,40.913424652347274,-73.13252184151483,14.159578408484318,44.15923721063882
1664578789000,40.913424652347274,-73.13252184151483,14.329970707652214,44.15923721063882
1664578791000,40.913424652347274,-73.13252184151483,14.490556781322546,44.15923721063882
1664578793000,40.913424652347274,-73.13252184151483,14.669366221669595,44.15923721063882
1664578795000,40.913424652347274,-73.13252184151483,14.839943064436852,44.15923721063882
1664578797000,40.913424652347274,-73.13252184151483,11.975635796122042,44.15923721063882
1664578799000,40.913424652347274,-73.13252184151483,12.180885334250634,44.15923721063882
1664578801000,40.913424652347274,-73.13252184151483,12.541840257881706,44.15923721063882
1664578803000,40.913424652347274,-73.13252184151483,12.704790604713898,44.15923721063882
1664578805000,40.913424652347274,-73.13252184151483,12.88011107648157,44.15923721063882
1664578806999,40.913424652347274,-73.13252184151483,13.017489484682468,44.15923721063882
1664578808999,40.913424652347274,-73.13252184151483,13.18653653752727,44.15923721063882
1664578810999,40.913424652347274,-73.13252184151483,13.36176265084194,44.15923721063882
1664578812999,40.913424652347274,-73.13252184151483,13.551547405706996,44.15923721063882
1664578814999,40.913424652347274,-73.13252184151483,13.690158799137407,44.15923721063882
1664578816999,40.913424652347274,-73.13252184151483,13.870697192393756,44.15923721063882
1664578818999,40.913424652347274,-73.13252184151483,14.044736757267472,44.15923721063882
1664578820999,40.913424652347274,-73.13252184151483,14.31098365409274,44.15923721063882
1664578822999,40.913424652347274,-73.13252184151483,14.407921131423477,44.15923721063882
1664578824999,40.913424652347274,-73.13252184151483,13.63813017133914,44.15923721063882
1664578826999,40.913424652347274,-73.13252184151483,13.376945640387568,44.15923721063882
1664578828999,40.913424652347274,-73.13252184151483,11.171551727439422,44.15923721063882
1664578830999,40.913424652347274,-73.13252184151483,11.351977991976817,44.15923721063882
1664578832999,40.913424652347274,-73.13252184151483,11.487863390745712,44.15923721063882
1664578834999,40.913424652347274,-73.13252184151483,11.672552115508259,44.15923721063882
1664578836999,40.913424652347274,-73.13252184151483,11.853100611896515,44.15923721063882
1664578838999,40.913424652347274,-73.13252184151483,12.151767785837215,44.15923721063882
1664578840999,40.913424652347274,-73.13252184151483,12.302973928603507,44.15923721063882
1664578842999,40.913424652347274,-73.13252184151483,12.465102676895716,44.15923721063882
1664578844999,40.913424652347274,-73.13252184151483,12.352478472950883,44.15923721063882
1664578846999,40.913424652347274,-73.13252184151483,12.501297087994539,44.15923721063882
1664578848999,40.913424652347274,-73.13252184151483,11.728347152272729,44.15923721063882
1664578850999,40.913424652347274,-73.13252184151483,11.553624028919868,44.15923721063882
1664578852999,40.913424652347274,-73.13252184151483,11.46737146248711,44.15923721063882
1664578854999,40.913424652347274,-73.13252184151483,11.478271092177032,44.15923721063882
1664578856999,40.913424652347274,-73.13252184151483,11.868792388645447,44.15923721063882
1664578858999,40.913424652347274,-73.13252184151483,12.001248637620328,44.15923721063882
1664578860999,40.913424652347274,-73.13252184151483,10.340684625681327,44.15923721063882
1664578862999,40.913424652347274,-73.13252184151483,10.200255239027582,44.15923721063882
1664578864999,40.913424652347274,-73.13252184151483,10.367630171132232,44.15923721063882
1664578866999,40.913424652347274,-73.13252184151483,10.585760633841094,44.15923721063882
1664578867999,40.913424652347274,-73.13252184151483,10.36302548333724,44.15923721063882
1664578869999,40.913424652347274,-73.13252184151483,10.485524133561459,44.15923721063882
1664578871999,40.913424652347274,-73.13252184151483,10.686236968499736,44.15923721063882
1664578873999,40.913424652347274,-73.13252184151483,10.448104840359008,44.15923721063882
1664578875999,40.913424652347274,-73.13252184151483,10.504705276094409,44.15923721063882
1664578877999,40.913424652347274,-73.13252184151483,10.68694163966713,44.15923721063882
1664578879999,40.913424652347274,-73.13252184151483,10.881937256171797,44.15923721063882
1664578881026,40.913424652347274,-73.13252184151483,10.997961975546689,44.15923721063882
1664578883026,40.913424652347274,-73.13252184151483,8.890702035831623,44.15923721063882
1664578885025,40.913424652347274,-73.13252184151483,9.052270731129664,44.15923721063882
1664578886998,40.913424652347274,-73.13252184151483,9.189959589113293,44.15923721063882
1664578888998,40.913424652347274,-73.13252184151483,9.388270248760785,44.15923721063882
1664578890998,40.913424652347274,-73.13252184151483,9.439502112057621,44.15923721063882
1664578892998,40.913424652347274,-73.13252184151483,9.519183433391902,44.15923721063882
1664578894998,40.913424652347274,-73.13252184151483,9.552990270570435,44.15923721063882
1664578897029,40.913424652347274,-73.13252184151483,9.775557084954222,44.15923721063882
1664578899024,40.913424652347274,-73.13252184151483,8.407868817098233,44.15923721063882
1664578900024,40.913424652347274,-73.13252184151483,8.526949986158137,44.15923721063882
1664578901025,40.913424652347274,-73.13252184151483,8.702510071292357,44.15923721063882
1664578902998,40.913424652347274,-73.13252184151483,8.796083388642964,44.15923721063882
1664578904998,40.913424652347274,-73.13252184151483,8.91619671777531,44.15923721063882
1664578906025,40.913424652347274,-73.13252184151483,8.92578111263957,44.15923721063882
1664578907998,40.913424652347274,-73.13252184151483,9.163290882434172,44.15923721063882
1664578909998,40.913424652347274,-73.13252184151483,8.136958875523906,44.15923721063882
1664578911998,40.913424652347274,-73.13252184151483,8.29270467879559,44.15923721063882
1664578913025,40.913424652347274,-73.13252184151483,8.339326564196991,44.15923721063882
1664578915024,40.913424652347274,-73.13252184151483,8.459598747675972,44.15923721063882
1664578916999,40.913424652347274,-73.13252184151483,8.585334105153851,44.15923721063882
1664578918025,40.913424652347274,-73.13252184151483,8.866125003404154,44.15923721063882
1664578920024,40.913424652347274,-73.13252184151483,9.079484549425672,44.15923721063882
1664578922026,40.913424652347274,-73.13252184151483,8.108447020736293,44.15923721063882
1664578924026,40.913424652347274,-73.13252184151483,8.404694150520138,44.15923721063882
1664578926025,40.913424652347274,-73.13252184151483,8.496103728631917,44.15923721063882
1664578928025,40.913424652347274,-73.13252184151483,8.590049599929925,44.15923721063882
1664578930022,40.913424652347274,-73.13252184151483,8.706999194157907,44.15923721063882
1664578932016,40.913424652347274,-73.13252184151483,8.969346514721005,44.15923721063882
1664578934017,40.913424652347274,-73.13252184151483,8.047927538172651,44.15923721063882
1664578936017,40.913424652347274,-73.13252184151483,8.573955166582515,44.15923721063882
1664578938017,40.913424652347274,-73.13252184151483,8.835914916400961,44.15923721063882
1664578940016,40.913424652347274,-73.13252184151483,9.06973159481345,44.15923721063882
1664578941999,40.913424652347274,-73.13252184151483,9.325475864466759,44.15923721063882
1664578943999,40.913424652347274,-73.13252184151483,9.573578506795721,44.15923721063882
1664578945999,40.913424652347274,-73.13252184151483,8.44756349392487,44.15923721063882
1664578947999,40.913424652347274,-73.13252184151483,8.722581330076224,44.15923721063882
1664578949999,40.913424652347274,-73.13252184151483,9.003131167545916,44.15923721063882
1664578951999,40.913424652347274,-73.13252184151483,9.280426252842709,44.15923721063882
1664578953999,40.913424652347274,-73.13252184151483,9.36632523801601,44.15923721063882
1664578955999,40.913424652347274,-73.13252184151483,9.249406352631851,44.15923721063882
1664578957999,40.913424652347274,-73.13252184151483,8.248018340283965,44.15923721063882
1664578959999,40.913424652347274,-73.13252184151483,8.55072272396593,44.15923721063882
1664578961999,40.913424652347274,-73.13252184151483,8.57066822645885,44.15923721063882
1664578963999,40.913424652347274,-73.13252184151483,8.842536556379248,44.15923721063882
1664578965999,40.913424652347274,-73.13252184151483,9.12478896961603,44.15923721063882
1664578967999,40.913424652347274,-73.13252184151483,9.07881924516481,44.15923721063882
1664578969999,40.913424652347274,-73.13252184151483,8.249492960558236,44.15923721063882
1664578971999,40.913424652347274,-73.13252184151483,8.375989707019219,44.15923721063882
1664578973999,40.913424652347274,-73.13252184151483,8.623738540860035,44.15923721063882
1664578975999,40.913424652347274,-73.13252184151483,8.778170314301716,44.15923721063882
1664578977999,40.913424652347274,-73.13252184151483,8.848275530868248,44.15923721063882
1664578979999,40.913424652347274,-73.13252184151483,9.11680442198602,44.15923721063882
1664578981999,40.913424652347274,-73.13252184151483,9.404179008143757,44.15923721063882
1664578983999,40.913424652347274,-73.13252184151483,9.639948194706912,44.15923721063882
1664578985999,40.913424652347274,-73.13252184151483,9.547287471841312,44.15923721063882
1664578987999,40.913424652347274,-73.13252184151483,9.974663195054477,44.15923721063882
1664578989999,40.913424652347274,-73.13252184151483,10.152273562322149,44.15923721063882
1664578991999,40.913424652347274,-73.13252184151483,10.348788172516787,44.15923721063882
1664578993999,40.913424652347274,-73.13252184151483,9.856070401159387,44.15923721063882
1664578995999,40.913424652347274,-73.13252184151483,10.051464077657029,44.15923721063882
1664578997999,40.913424652347274,-73.13252184151483,10.305805021746236,44.15923721063882
1664578999999,40.913424652347274,-73.13252184151483,10.107600277368311,44.15923721063882
1664579001999,40.913424652347274,-73.13252184151483,10.326403144631872,44.15923721063882
1664579003999,40.913424652347274,-73.13252184151483,9.43574509491402,44.15923721063882
1664579005998,40.913424652347274,-73.13252184151483,9.69140538785343,44.15923721063882
1664579007998,40.913424652347274,-73.13252184151483,9.945939449324,44.15923721063882
1664579009998,40.913424652347274,-73.13252184151483,10.341889004855743,44.15923721063882
1664579011998,40.913424652347274,-73.13252184151483,10.545164717809289,44.15923721063882
1664579013998,40.913424652347274,-73.13252184151483,10.80982682179445,44.15923721063882
1664579015998,40.913424652347274,-73.13252184151483,11.052499358725047,44.15923721063882
1664579017998,40.913424652347274,-73.13252184151483,11.230345412998888,44.15923721063882
1664579019998,40.913424652347274,-73.13252184151483,11.428483117571012,44.15923721063882
1664579021998,40.913424652347274,-73.13252184151483,11.625618994805857,44.15923721063882
1664579023998,40.913424652347274,-73.13252184151483,11.819255910471542,44.15923721063882
1664579025998,40.913424652347274,-73.13252184151483,12.018651537410575,44.15923721063882
1664579027998,40.913424652347274,-73.13252184151483,12.229723137750913,44.15923721063882
1664579029998,40.913424652347274,-73.13252184151483,12.511905778243133,44.15923721063882
1664579031998,40.913424652347274,-73.13252184151483,12.67803341791619,44.15923721063882
1664579033998,40.913424652347274,-73.13252184151483,10.822401315595005,44.15923721063882
1664579035998,40.913424652347274,-73.13252184151483,11.045997361414782,44.15923721063882
1664579037998,40.913424652347274,-73.13252184151483,11.234981380781862,44.15923721063882
1664579039000,40.913424652347274,-73.13252184151483,11.363676949993417,44.15923721063882
1664579041000,40.913424652347274,-73.13252184151483,11.60071775722889,44.15923721063882
1664579043000,40.913424652347274,-73.13252184151483,11.796561296320105,44.15923721063882
1664579045000,40.913424652347274,-73.13252184151483,11.741544762490532,44.15923721063882
1664579047000,40.913424652347274,-73.13252184151483,11.926164638240627,44.15923721063882
1664579049000,40.913424652347274,-73.13252184151483,12.145520997521833,44.15923721063882
1664579051000,40.913424652347274,-73.13252184151483,12.486313658582441,44.15923721063882
1664579053000,40.913424652347274,-73.13252184151483,12.65700812045092,44.15923721063882
1664579055000,40.913424652347274,-73.13252184151483,12.847746670709148,44.15923721063882
1664579057000,40.913424652347274,-73.13252184151483,12.982729305429531,44.15923721063882
1664579058999,40.913424652347274,-73.13252184151483,13.166325896974469,44.15923721063882
1664579060999,40.913424652347274,-73.13252184151483,13.359402138110157,44.15923721063882
1664579062999,40.913424652347274,-73.13252184151483,13.542568752688144,44.15923721063882
1664579064999,40.913424652347274,-73.13252184151483,13.681881975872832,44.15923721063882
1664579066999,40.913424652347274,-73.13252184151483,11.436495248109981,44.15923721063882
1664579068999,40.913424652347274,-73.13252184151483,11.822716122975093,44.15923721063882
1664579070999,40.913424652347274,-73.13252184151483,11.954924833459145,44.15923721063882
1664579072999,40.913424652347274,-73.13252184151483,12.14207686219643,44.15923721063882
1664579074999,40.913424652347274,-73.13252184151483,12.305377707501536,44.15923721063882
1664579076999,40.913424652347274,-73.13252184151483,12.50947066683675,44.15923721063882
1664579078999,40.913424652347274,-73.13252184151483,12.668800683894895,44.15923721063882
1664579080999,40.913424652347274,-73.13252184151483,12.879796088549476,44.15923721063882
1664579082999,40.913424652347274,-73.13252184151483,13.048345430532525,44.15923721063882
1664579084999,40.913424652347274,-73.13252184151483,13.409178119390344,44.15923721063882
1664579086999,40.913424652347274,-73.13252184151483,13.229166620060244,44.15923721063882
1664579088999,40.913424652347274,-73.13252184151483,13.378806012829887,44.15923721063882
1664579090999,40.913424652347274,-73.13252184151483,13.543206623153083,44.15923721063882
1664579092999,40.913424652347274,-73.13252184151483,13.700999709601785,44.15923721063882
1664579094999,40.913424652347274,-73.13252184151483,13.86322085074327,44.15923721063882
1664579096999,40.913424652347274,-73.13252184151483,14.02376916037992,44.15923721063882
1664579098999,40.913424652347274,-73.13252184151483,11.724655178969284,44.15923721063882
1664579100999,40.913424652347274,-73.13252184151483,12.082445666340487,44.15923721063882
1664579102999,40.913424652347274,-73.13252184151483,12.278046766870318,44.15923721063882
1664579104999,40.913424652347274,-73.13252184151483,12.425461770390598,44.15923721063882
1664579106999,40.913424652347274,-73.13252184151483,12.627228746729259,44.15923721063882
1664579108999,40.913424652347274,-73.13252184151483,12.560618201063667,44.15923721063882
1664579110999,40.913424652347274,-73.13252184151483,12.72824240244657,44.15923721063882
1664579112999,40.913424652347274,-73.13252184151483,12.871487865929943,44.15923721063882
1664579114999,40.913424652347274,-73.13252184151483,13.201476336647865,44.15923721063882
1664579116999,40.913424652347274,-73.13252184151483,13.351392581416711,44.15923721063882
1664579118999,40.913424652347274,-73.13252184151483,13.505809842016914,44.15923721063882
1664579120999,40.913424652347274,-73.13252184151483,13.631227887396483,44.15923721063882
1664579122999,40.913424652347274,-73.13252184151483,13.229629189572874,44.15923721063882
1664579124999,40.913424652347274,-73.13252184151483,13.362244394260708,44.15923721063882
1664579126999,40.913424652347274,-73.13252184151483,13.512548703337545,44.15923721063882
1664579128999,40.913424652347274,-73.13252184151483,13.682646020505159,44.15923721063882
1664579130999,40.913424652347274,-73.13252184151483,11.56941430482513,44.15923721063882
1664579132999,40.913424652347274,-73.13252184151483,11.53528738894409,44.15923721063882
1664579134999,40.913424652347274,-73.13252184151483,11.565942308069538,44.15923721063882
1664579136999,40.913424652347274,-73.13252184151483,11.724058263542242,44.15923721063882
1664579138999,40.913424652347274,-73.13252184151483,11.86892186231442,44.15923721063882
1664579140999,40.913424652347274,-73.13252184151483,11.977512821631578,44.15923721063882
1664579142999,40.913424652347274,-73.13252184151483,12.077859477963731,44.15923721063882
1664579144998,40.913424652347274,-73.13252184151483,12.174477613750886,44.15923721063882
1664579146998,40.913424652347274,-73.13252184151483,12.280659126161167,44.15923721063882
1664579148998,40.913424652347274,-73.13252184151483,12.18209123972456,44.15923721063882
1664579150998,40.913424652347274,-73.13252184151483,12.128807532116452,44.15923721063882
1664579152998,40.913424652347274,-73.13252184151483,12.18418501559579,44.15923721063882
1664579154998,40.913424652347274,-73.13252184151483,12.268620923757275,44.15923721063882
1664579156998,40.913424652347274,-73.13252184151483,12.168339941648023,44.15923721063882
1664579158998,40.913424652347274,-73.13252184151483,11.973867038787022,44.15923721063882
1664579160998,40.913424652347274,-73.13252184151483,11.840244174767406,44.15923721063882
1664579162998,40.913424652347274,-73.13252184151483,10.213382640756599,44.15923721063882
1664579165000,40.913424652347274,-73.13252184151483,10.287521662566693,44.15923721063882
1664579167000,40.913424652347274,-73.13252184151483,10.36244388402825,44.15923721063882
1664579169000,40.913424652347274,-73.13252184151483,10.439412662021063,44.15923721063882
1664579171000,40.913424652347274,-73.13252184151483,10.628141626468643,44.15923721063882
1664579173000,40.913424652347274,-73.13252184151483,10.664287225919834,44.15923721063882
1664579175000,40.913424652347274,-73.13252184151483,10.703318418063672,44.15923721063882
1664579177000,40.913424652347274,-73.13252184151483,10.647147215868031,44.15923721063882
1664579179000,40.913424652347274,-73.13252184151483,10.691866684923616,44.15923721063882
1664579181000,40.913424652347274,-73.13252184151483,10.696869208243525,44.15923721063882
1664579183000,40.913424652347274,-73.13252184151483,10.755482467884953,44.15923721063882
1664579184999,40.913424652347274,-73.13252184151483,10.843639659400848,44.15923721063882
1664579186999,40.913424652347274,-73.13252184151483,10.312168116251526,44.15923721063882
1664579188999,40.913424652347274,-73.13252184151483,10.239341774330937,44.15923721063882
1664579190999,40.913424652347274,-73.13252184151483,10.460162066013957,44.15923721063882
1664579192999,40.913424652347274,-73.13252184151483,10.578145355804375,44.15923721063882
1664579194999,40.913424652347274,-73.13252184151483,9.429466295924353,44.15923721063882
1664579196999,40.913424652347274,-73.13252184151483,9.48176545132919,44.15923721063882
1664579198999,40.913424652347274,-73.13252184151483,9.595623416045695,44.15923721063882
1664579200999,40.913424652347274,-73.13252184151483,9.78596890889665,44.15923721063882
1664579202999,40.913424652347274,-73.13252184151483,9.979935932815229,44.15923721063882
1664579204999,40.913424652347274,-73.13252184151483,10.196282221915494,44.15923721063882
1664579206999,40.913424652347274,-73.13252184151483,9.997665203657025,44.15923721063882
1664579208999,40.913424652347274,-73.13252184151483,10.226627175619047,44.15923721063882
1664579210999,40.913424652347274,-73.13252184151483,10.022219075016361,44.15923721063882
1664579212999,40.913424652347274,-73.13252184151483,9.828678128470527,44.15923721063882
1664579214999,40.913424652347274,-73.13252184151483,9.275568131590727,44.15923721063882
1664579216999,40.913424652347274,-73.13252184151483,9.323386287381034,44.15923721063882
1664579218999,40.913424652347274,-73.13252184151483,9.45868804478875,44.15923721063882
1664579220999,40.913424652347274,-73.13252184151483,9.516581367539974,44.15923721063882
1664579222999,40.913424652347274,-73.13252184151483,9.04026786386218,44.15923721063882
1664579224999,40.913424652347274,-73.13252184151483,9.358492721882376,44.15923721063882
1664579226999,40.913424652347274,-73.13252184151483,8.680357324075791,44.15923721063882
1664579228999,40.913424652347274,-73.13252184151483,8.812667928673767,44.15923721063882
1664579230999,40.913424652347274,-73.13252184151483,8.982748776987814,44.15923721063882
1664579232999,40.913424652347274,-73.13252184151483,9.219592817834243,44.15923721063882
1664579234999,40.913424652347274,-73.13252184151483,9.351705974348196,44.15923721063882
1664579236999,40.913424652347274,-73.13252184151483,9.141119513307087,44.15923721063882
1664579238999,40.913424652347274,-73.13252184151483,9.284031686612002,44.15923721063882
1664579240999,40.913424652347274,-73.13252184151483,9.44941948389331,44.15923721063882
1664579242999,40.913424652347274,-73.13252184151483,9.779026931710707,44.15923721063882
1664579244999,40.913424652347274,-73.13252184151483,9.407526098380558,44.15923721063882
1664579246999,40.913424652347274,-73.13252184151483,8.851230172301428,44.15923721063882
1664579248999,40.913424652347274,-73.13252184151483,8.435685862666622,44.15923721063882
1664579250999,40.913424652347274,-73.13252184151483,8.598298975281395,44.15923721063882
1664579252999,40.913424652347274,-73.13252184151483,8.786570052185798,44.15923721063882
1664579254999,40.913424652347274,-73.13252184151483,8.156493755169045,44.15923721063882
1664579256999,40.913424652347274,-73.13252184151483,8.069603852943779,44.15923721063882
1664579258999,40.913424652347274,-73.13252184151483,7.758447467748137,44.15923721063882
1664579260999,40.913424652347274,-73.13252184151483,7.812742090688657,44.15923721063882
1664579262999,40.913424652347274,-73.13252184151483,7.865243282698324,44.15923721063882
1664579264999,40.913424652347274,-73.13252184151483,8.0786677855601,44.15923721063882
1664579266998,40.913424652347274,-73.13252184151483,8.250497099896467,44.15923721063882
1664579268998,40.913424652347274,-73.13252184151483,8.19141072504245,44.15923721063882
1664579270998,40.913424652347274,-73.13252184151483,8.250894329316253,44.15923721063882
1664579272998,40.913424652347274,-73.13252184151483,8.107036229253485,44.15923721063882
1664579274998,40.913424652347274,-73.13252184151483,8.2354533036234,44.15923721063882
1664579276998,40.913424652347274,-73.13252184151483,7.965132411991701,44.15923721063882
1664579278998,40.913424652347274,-73.13252184151483,7.979908056665635,44.15923721063882
1664579280998,40.913424652347274,-73.13252184151483,8.231920630866219,44.15923721063882
1664579282998,40.913424652347274,-73.13252184151483,7.882937924394843,44.15923721063882
1664579284998,40.913424652347274,-73.13252184151483,7.993865297800586,44.15923721063882
1664579286998,40.913424652347274,-73.13252184151483,7.765282555798717,44.15923721063882
1664579288998,40.913424652347274,-73.13252184151483,8.00130667139971,44.15923721063882
1664579291000,40.913424652347274,-73.13252184151483,7.569935109289441,44.15923721063882
1664579293000,40.913424652347274,-73.13252184151483,7.560807682514659,44.15923721063882
1664579295000,40.913424652347274,-73.13252184151483,7.710842991792803,44.15923721063882
1664579297000,40.913424652347274,-73.13252184151483,7.955392718302086,44.15923721063882
1664579299000,40.913424652347274,-73.13252184151483,7.936845125098973,44.15923721063882
1664579301000,40.913424652347274,-73.13252184151483,8.18523443043896,44.15923721063882
1664579303000,40.913424652347274,-73.13252184151483,8.340234351178628,44.15923721063882
1664579305000,40.913424652347274,-73.13252184151483,8.421608739264652,44.15923721063882
1664579307000,40.913424652347274,-73.13252184151483,8.36501905008524,44.15923721063882
1664579309000,40.913424652347274,-73.13252184151483,8.446165450338833,44.15923721063882
1664579311000,40.913424652347274,-73.13252184151483,8.643422845670406,44.15923721063882
1664579312999,40.913424652347274,-73.13252184151483,9.121158464537409,44.15923721063882
1664579314999,40.913424652347274,-73.13252184151483,9.011825070512288,44.15923721063882
1664579316999,40.913424652347274,-73.13252184151483,8.872977737924465,44.15923721063882
1664579318999,40.913424652347274,-73.13252184151483,8.556944436456172,44.15923721063882
1664579320999,40.913424652347274,-73.13252184151483,8.247114147529322,44.15923721063882
1664579322999,40.913424652347274,-73.13252184151483,7.832457383978981,44.15923721063882
1664579324999,40.913424652347274,-73.13252184151483,7.991737103013685,44.15923721063882
1664579326999,40.913424652347274,-73.13252184151483,8.105151241875628,44.15923721063882
1664579328999,40.913424652347274,-73.13252184151483,8.292943925595495,44.15923721063882
1664579330999,40.913424652347274,-73.13252184151483,8.546316543355715,44.15923721063882
1664579332999,40.913424652347274,-73.13252184151483,8.611549756771668,44.15923721063882
1664579334999,40.913424652347274,-73.13252184151483,8.997655089677927,44.15923721063882
1664579336999,40.913424652347274,-73.13252184151483,9.049316782883942,44.15923721063882
1664579338999,40.913424652347274,-73.13252184151483,9.183748934468474,44.15923721063882
1664579340999,40.913424652347274,-73.13252184151483,9.15539543425357,44.15923721063882
1664579342999,40.913424652347274,-73.13252184151483,9.20871778202334,44.15923721063882
1664579344999,40.913424652347274,-73.13252184151483,9.171080485943126,44.15923721063882
1664579346999,40.913424652347274,-73.13252184151483,9.194291623585992,44.15923721063882
1664579348999,40.913424652347274,-73.13252184151483,9.38357958028177,44.15923721063882
1664579350999,40.913424652347274,-73.13252184151483,9.390493725968405,44.15923721063882
1664579352999,40.913424652347274,-73.13252184151483,9.63122513833653,44.15923721063882
1664579354999,40.913424652347274,-73.13252184151483,8.951617865282731,44.15923721063882
1664579356999,40.913424652347274,-73.13252184151483,9.123495579466343,44.15923721063882
1664579358999,40.913424652347274,-73.13252184151483,9.294088263253045,44.15923721063882
1664579360999,40.913424652347274,-73.13252184151483,9.35147511619492,44.15923721063882
1664579362999,40.913424652347274,-73.13252184151483,9.175478105135753,44.15923721063882
1664579364999,40.913424652347274,-73.13252184151483,9.200672979740762,44.15923721063882
1664579366999,40.913424652347274,-73.13252184151483,9.20205041189339,44.15923721063882
1664579368999,40.913424652347274,-73.13252184151483,9.026947891900033,44.15923721063882
1664579370999,40.913424652347274,-73.13252184151483,9.262007507248681,44.15923721063882
1664579372999,40.913424652347274,-73.13252184151483,9.488149334679088,44.15923721063882
1664579374999,40.913424652347274,-73.13252184151483,9.712423479775984,44.15923721063882
1664579376999,40.913424652347274,-73.13252184151483,9.694411406022073,44.15923721063882
1664579378999,40.913424652347274,-73.13252184151483,9.60907871994405,44.15923721063882
1664579380999,40.913424652347274,-73.13252184151483,9.41704715615493,44.15923721063882
1664579382999,40.913424652347274,-73.13252184151483,9.376169068366364,44.15923721063882
1664579384999,40.913424652347274,-73.13252184151483,9.433547365583076,44.15923721063882
1664579386999,40.913424652347274,-73.13252184151483,8.505117661055849,44.15923721063882
1664579388998,40.913424652347274,-73.13252184151483,8.967941539684256,44.15923721063882
1664579390998,40.913424652347274,-73.13252184151483,9.066605763451905,44.15923721063882
1664579392998,40.913424652347274,-73.13252184151483,9.042517200478644,44.15923721063882
1664579394998,40.913424652347274,-73.13252184151483,9.057450023692557,44.15923721063882
1664579396998,40.913424652347274,-73.13252184151483,8.853867547366322,44.15923721063882
1664579398998,40.913424652347274,-73.13252184151483,8.79228843521241,44.15923721063882
1664579400998,40.913424652347274,-73.13252184151483,8.620724472513018,44.15923721063882
1664579402998,40.913424652347274,-73.13252184151483,8.550729335999337,44.15923721063882
1664579404998,40.913424652347274,-73.13252184151483,8.706581039232228,44.15923721063882
1664579406998,40.913424652347274,-73.13252184151483,8.706124346143913,44.15923721063882
1664579408998,40.913424652347274,-73.13252184151483,8.793334964586867,44.15923721063882
1664579410998,40.913424652347274,-73.13252184151483,8.680282548349613,44.15923721063882
1664579412998,40.913424652347274,-73.13252184151483,8.686726926808054,44.15923721063882
1664579414998,40.913424652347274,-73.13252184151483,8.563488110614346,44.15923721063882
1664579416999,40.913424652347274,-73.13252184151483,8.565409200486746,44.15923721063882
1664579418999,40.913424652347274,-73.13252184151483,8.016159277339536,44.15923721063882
1664579420999,40.913424652347274,-73.13252184151483,8.21473646699562,44.15923721063882
1664579422999,40.913424652347274,-73.13252184151483,8.242528910200292,44.15923721063882
1664579425000,40.913424652347274,-73.13252184151483,8.259240026466216,44.15923721063882
1664579427000,40.913424652347274,-73.13252184151483,8.657974783865752,44.15923721063882
1664579429000,40.913424652347274,-73.13252184151483,8.779081166157223,44.15923721063882
1664579431000,40.913424652347274,-73.13252184151483,8.487949483384181,44.15923721063882
1664579433000,40.913424652347274,-73.13252184151483,8.552274669915915,44.15923721063882
1664579435000,40.913424652347274,-73.13252184151483,8.834276898390675,44.15923721063882
1664579436999,40.913424652347274,-73.13252184151483,8.975116868826849,44.15923721063882
1664579438999,40.913424652347274,-73.13252184151483,8.85244844505306,44.15923721063882
1664579440999,40.913424652347274,-73.13252184151483,8.6103085023203,44.15923721063882
1664579442999,40.913424652347274,-73.13252184151483,8.579593751007643,44.15923721063882
1664579444999,40.913424652347274,-73.13252184151483,8.718337568184824,44.15923721063882
1664579446999,40.913424652347274,-73.13252184151483,8.531523355129305,44.15923721063882
1664579448999,40.913424652347274,-73.13252184151483,8.7479982117961,44.15923721063882
1664579450999,40.913424652347274,-73.13252184151483,8.176182804085338,44.15923721063882
1664579452999,40.913424652347274,-73.13252184151483,8.06492230376067,44.15923721063882
1664579454999,40.913424652347274,-73.13252184151483,8.215387474009258,44.15923721063882
1664579456999,40.913424652347274,-73.13252184151483,8.156640859305604,44.15923721063882
1664579458999,40.913424652347274,-73.13252184151483,8.173585609907333,44.15923721063882
1664579460999,40.913424652347274,-73.13252184151483,8.052376826354726,44.15923721063882
1664579462999,40.913424652347274,-73.13252184151483,8.214813370127112,44.15923721063882
1664579464999,40.913424652347274,-73.13252184151483,8.388202478154195,44.15923721063882
1664579466999,40.913424652347274,-73.13252184151483,8.351428689403882,44.15923721063882
1664579468999,40.913424652347274,-73.13252184151483,8.696893940237986,44.15923721063882
1664579470999,40.913424652347274,-73.13252184151483,8.854784719790459,44.15923721063882
1664579472999,40.913424652347274,-73.13252184151483,8.986357317711278,44.15923721063882
1664579474999,40.913424652347274,-73.13252184151483,9.117861721982884,44.15923721063882
1664579476999,40.913424652347274,-73.13252184151483,9.116951725354081,44.15923721063882
1664579478999,40.913424652347274,-73.13252184151483,9.02217890775358,44.15923721063882
1664579480999,40.913424652347274,-73.13252184151483,9.224277230027608,44.15923721063882
1664579482999,40.913424652347274,-73.13252184151483,8.386438470381746,44.15923721063882
1664579484999,40.913424652347274,-73.13252184151483,8.307498741495069,44.15923721063882
1664579486999,40.913424652347274,-73.13252184151483,8.23703240811946,44.15923721063882
1664579488999,40.913424652347274,-73.13252184151483,8.424149118206918,44.15923721063882
1664579490999,40.913424652347274,-73.13252184151483,8.903110630301944,44.15923721063882
1664579492999,40.913424652347274,-73.13252184151483,9.104618298118185,44.15923721063882
1664579494999,40.913424652347274,-73.13252184151483,9.236757831678247,44.15923721063882
1664579496999,40.913424652347274,-73.13252184151483,9.154276552231995,44.15923721063882
1664579498999,40.913424652347274,-73.13252184151483,9.387145167670818,44.15923721063882
1664579500999,40.913424652347274,-73.13252184151483,9.540105735288899,44.15923721063882
1664579502999,40.913424652347274,-73.13252184151483,9.555840386744768,44.15923721063882
1664579504999,40.913424652347274,-73.13252184151483,9.476924425314674,44.15923721063882
1664579506999,40.913424652347274,-73.13252184151483,9.445682737231229,44.15923721063882
1664579508999,40.913424652347274,-73.13252184151483,9.843154191633692,44.15923721063882
1664579510999,40.913424652347274,-73.13252184151483,9.974022199773952,44.15923721063882
1664579512999,40.913424652347274,-73.13252184151483,9.959503493240868,44.15923721063882
1664579514998,40.913424652347274,-73.13252184151483,8.864698927793233,44.15923721063882
1664579516998,40.913424652347274,-73.13252184151483,8.908222998078127,44.15923721063882
1664579518998,40.913424652347274,-73.13252184151483,9.030957677843677,44.15923721063882
1664579520998,40.913424652347274,-73.13252184151483,9.22037191384982,44.15923721063882
1664579522998,40.913424652347274,-73.13252184151483,9.470030049017383,44.15923721063882
1664579524998,40.913424652347274,-73.13252184151483,9.441260386888976,44.15923721063882
1664579526998,40.913424652347274,-73.13252184151483,9.612823998918936,44.15923721063882
1664579528998,40.913424652347274,-73.13252184151483,9.559840178863983,44.15923721063882
1664579530998,40.913424652347274,-73.13252184151483,9.50846045681279,44.15923721063882
1664579532998,40.913424652347274,-73.13252184151483,9.695309968750069,44.15923721063882
1664579534998,40.913424652347274,-73.13252184151483,9.658743382561232,44.15923721063882
1664579536998,40.913424652347274,-73.13252184151483,9.867734236861281,44.15923721063882
1664579538998,40.913424652347274,-73.13252184151483,10.08086329124787,44.15923721063882
1664579540998,40.913424652347274,-73.13252184151483,10.290686327067288,44.15923721063882
1664579542999,40.913424652347274,-73.13252184151483,10.05630318069906,44.15923721063882
1664579544999,40.913424652347274,-73.13252184151483,10.161727874784777,44.15923721063882
1664579546999,40.913424652347274,-73.13252184151483,9.26220814679425,44.15923721063882
1664579548999,40.913424652347274,-73.13252184151483,9.409937603189848,44.15923721063882
1664579551000,40.913424652347274,-73.13252184151483,9.56892547096996,44.15923721063882
1664579553000,40.913424652347274,-73.13252184151483,9.77419188748623,44.15923721063882
1664579555000,40.913424652347274,-73.13252184151483,9.979787495470726,44.15923721063882
1664579557000,40.913424652347274,-73.13252184151483,10.17965146256768,44.15923721063882
1664579559000,40.913424652347274,-73.13252184151483,10.280926401374403,44.15923721063882
1664579561000,40.913424652347274,-73.13252184151483,10.657499189031263,44.15923721063882
1664579563000,40.913424652347274,-73.13252184151483,10.820231199423569,44.15923721063882
1664579564999,40.913424652347274,-73.13252184151483,10.996261846271151,44.15923721063882
1664579566999,40.913424652347274,-73.13252184151483,11.212895787388794,44.15923721063882
1664579568999,40.913424652347274,-73.13252184151483,11.42035533402405,44.15923721063882
1664579570999,40.913424652347274,-73.13252184151483,11.59253222237147,44.15923721063882
1664579572999,40.913424652347274,-73.13252184151483,11.780066470930638,44.15923721063882
1664579574999,40.913424652347274,-73.13252184151483,11.975968717317047,44.15923721063882
1664579576999,40.913424652347274,-73.13252184151483,11.707268296402244,44.15923721063882
1664579578999,40.913424652347274,-73.13252184151483,10.327109032869966,44.15923721063882
1664579580999,40.913424652347274,-73.13252184151483,10.561035837787236,44.15923721063882
1664579582999,40.913424652347274,-73.13252184151483,10.782371112860252,44.15923721063882
1664579584999,40.913424652347274,-73.13252184151483,10.976344833625001,44.15923721063882
1664579586999,40.913424652347274,-73.13252184151483,10.501445678485814,44.15923721063882
1664579588999,40.913424652347274,-73.13252184151483,10.36179042686322,44.15923721063882
1664579590999,40.913424652347274,-73.13252184151483,10.731470119691124,44.15923721063882
1664579592999,40.913424652347274,-73.13252184151483,10.932900104201888,44.15923721063882
1664579594999,40.913424652347274,-73.13252184151483,10.743675073823802,44.15923721063882
1664579596999,40.913424652347274,-73.13252184151483,10.8744355812682,44.15923721063882
1664579598999,40.913424652347274,-73.13252184151483,10.968140180150414,44.15923721063882
1664579600999,40.913424652347274,-73.13252184151483,11.168919220343248,44.15923721063882
1664579602999,40.913424652347274,-73.13252184151483,11.12110358487837,44.15923721063882
1664579604999,40.913424652347274,-73.13252184151483,11.331062676218119,44.15923721063882
1664579606999,40.913424652347274,-73.13252184151483,11.445298121018649,44.15923721063882
1664579608999,40.913424652347274,-73.13252184151483,11.328403887594249,44.15923721063882
1664579610999,40.913424652347274,-73.13252184151483,9.843502070905808,44.15923721063882
1664579612999,40.913424652347274,-73.13252184151483,9.828214917814943,44.15923721063882
1664579614999,40.913424652347274,-73.13252184151483,9.9288454048814,44.15923721063882
1664579616999,40.913424652347274,-73.13252184151483,9.983514096166624,44.15923721063882
1664579618999,40.913424652347274,-73.13252184151483,10.192139994681346,44.15923721063882
1664579620999,40.913424652347274,-73.13252184151483,10.167899129367234,44.15923721063882
1664579622999,40.913424652347274,-73.13252184151483,10.222411896351732,44.15923721063882
1664579624999,40.913424652347274,-73.13252184151483,10.243849058599105,44.15923721063882
1664579626999,40.913424652347274,-73.13252184151483,10.267025954242461,44.15923721063882
1664579628999,40.913424652347274,-73.13252184151483,10.485074885746084,44.15923721063882
1664579630999,40.913424652347274,-73.13252184151483,10.53402794484425,44.15923721063882
1664579632999,40.913424652347274,-73.13252184151483,10.517745883720139,44.15923721063882
1664579634999,40.913424652347274,-73.13252184151483,10.462833199994643,44.15923721063882
1664579636999,40.913424652347274,-73.13252184151483,10.493732648312061,44.15923721063882
1664579638999,40.913424652347274,-73.13252184151483,10.566618089578279,44.15923721063882
1664579640999,40.913424652347274,-73.13252184151483,10.61502152439312,44.15923721063882
1664579642999,40.913424652347274,-73.13252184151483,9.137729320658694,44.15923721063882
1664579644998,40.913424652347274,-73.13252184151483,9.182467241019754,44.15923721063882
1664579646998,40.913424652347274,-73.13252184151483,9.400445304431477,44.15923721063882
1664579648998,40.913424652347274,-73.13252184151483,9.604235453113354,44.15923721063882
1664579650998,40.913424652347274,-73.13252184151483,9.695816386280395,44.15923721063882
1664579652998,40.913424652347274,-73.13252184151483,9.859202837393616,44.15923721063882
1664579654998,40.913424652347274,-73.13252184151483,10.038540956123898,44.15923721063882
1664579656998,40.913424652347274,-73.13252184151483,10.007206553950356,44.15923721063882
1664579658998,40.913424652347274,-73.13252184151483,9.948563333751094,44.15923721063882
1664579660998,40.913424652347274,-73.13252184151483,9.93859569104328,44.15923721063882
1664579662998,40.913424652347274,-73.13252184151483,9.946122739008924,44.15923721063882
1664579664998,40.913424652347274,-73.13252184151483,10.072786314141444,44.15923721063882
1664579666998,40.913424652347274,-73.13252184151483,10.251945443075881,44.15923721063882
1664579669000,40.913424652347274,-73.13252184151483,10.31574445335928,44.15923721063882
1664579671000,40.913424652347274,-73.13252184151483,10.260630074105931,44.15923721063882
1664579673000,40.913424652347274,-73.13252184151483,10.28052263312388,44.15923721063882
1664579675000,40.913424652347274,-73.13252184151483,8.91711837209151,44.15923721063882
1664579677000,40.913424652347274,-73.13252184151483,9.073801135907503,44.15923721063882
1664579679000,40.913424652347274,-73.13252184151483,9.183798563896962,44.15923721063882
1664579681000,40.913424652347274,-73.13252184151483,9.457084435510627,44.15923721063882
1664579683000,40.913424652347274,-73.13252184151483,9.428078243282082,44.15923721063882
1664579685000,40.913424652347274,-73.13252184151483,9.495004708677191,44.15923721063882
1664579687000,40.913424652347274,-73.13252184151483,9.630824238539365,44.15923721063882
1664579689000,40.913424652347274,-73.13252184151483,9.778435394241358,44.15923721063882
1664579690999,40.913424652347274,-73.13252184151483,9.80751081796799,44.15923721063882
1664579692999,40.913424652347274,-73.13252184151483,9.825621061214369,44.15923721063882
1664579694999,40.913424652347274,-73.13252184151483,9.89189023550798,44.15923721063882
1664579696999,40.913424652347274,-73.13252184151483,9.939822476210495,44.15923721063882
1664579698999,40.913424652347274,-73.13252184151483,10.003496622249994,44.15923721063882
1664579700999,40.913424652347274,-73.13252184151483,10.109310948559076,44.15923721063882
1664579702999,40.913424652347274,-73.13252184151483,10.330966939119474,44.15923721063882
1664579704999,40.913424652347274,-73.13252184151483,10.240192265245852,44.15923721063882
1664579706999,40.913424652347274,-73.13252184151483,9.054705132895998,44.15923721063882
1664579708999,40.913424652347274,-73.13252184151483,9.176232449812938,44.15923721063882
1664579710999,40.913424652347274,-73.13252184151483,9.248821740051767,44.15923721063882
1664579712999,40.913424652347274,-73.13252184151483,9.347230137143727,44.15923721063882
1664579714999,40.913424652347274,-73.13252184151483,9.404976957498688,44.15923721063882
1664579716999,40.913424652347274,-73.13252184151483,9.44714937682822,44.15923721063882
1664579718999,40.913424652347274,-73.13252184151483,9.46815663302631,44.15923721063882
1664579720999,40.913424652347274,-73.13252184151483,9.572339701551238,44.15923721063882
1664579722999,40.913424652347274,-73.13252184151483,9.662376133624678,44.15923721063882
1664579724999,40.913424652347274,-73.13252184151483,9.992413851487498,44.15923721063882
1664579726999,40.913424652347274,-73.13252184151483,10.014590962428073,44.15923721063882
1664579728999,40.913424652347274,-73.13252184151483,10.079986272439054,44.15923721063882
1664579730999,40.913424652347274,-73.13252184151483,10.104616156479818,44.15923721063882
1664579732999,40.913424652347274,-73.13252184151483,10.147112503770416,44.15923721063882
1664579734999,40.913424652347274,-73.13252184151483,10.215473828772696,44.15923721063882
1664579736999,40.913424652347274,-73.13252184151483,10.329388380240365,44.15923721063882
1664579738999,40.913424652347274,-73.13252184151483,9.065535933181776,44.15923721063882
1664579740999,40.913424652347274,-73.13252184151483,9.31198993441387,44.15923721063882
1664579742999,40.913424652347274,-73.13252184151483,9.387967777332369,44.15923721063882
1664579744999,40.913424652347274,-73.13252184151483,9.493866801171857,44.15923721063882
1664579746999,40.913424652347274,-73.13252184151483,9.557615488222824,44.15923721063882
1664579748999,40.913424652347274,-73.13252184151483,9.644802287991388,44.15923721063882
1664579750999,40.913424652347274,-73.13252184151483,9.739958910824768,44.15923721063882
1664579752999,40.913424652347274,-73.13252184151483,9.824741497724537,44.15923721063882
1664579754999,40.913424652347274,-73.13252184151483,9.900172994688928,44.15923721063882
1664579756999,40.913424652347274,-73.13252184151483,10.141352342017147,44.15923721063882
1664579758999,40.913424652347274,-73.13252184151483,10.231247262310193,44.15923721063882
1664579760999,40.913424652347274,-73.13252184151483,10.23413114263209,44.15923721063882
1664579762999,40.913424652347274,-73.13252184151483,10.26998646488016,44.15923721063882
1664579764999,40.913424652347274,-73.13252184151483,10.309131120233786,44.15923721063882
1664579766999,40.913424652347274,-73.13252184151483,10.405786284718243,44.15923721063882
1664579768999,40.913424652347274,-73.13252184151483,10.487188872778889,44.15923721063882
1664579770999,40.913424652347274,-73.13252184151483,9.07318030335797,44.15923721063882
1664579772999,40.913424652347274,-73.13252184151483,9.182939140480215,44.15923721063882
1664579774998,40.913424652347274,-73.13252184151483,9.46786390811093,44.15923721063882
1664579776998,40.913424652347274,-73.13252184151483,9.526614224578914,44.15923721063882
1664579778998,40.913424652347274,-73.13252184151483,9.584580111198093,44.15923721063882
1664579780998,40.913424652347274,-73.13252184151483,9.65175127421498,44.15923721063882
1664579782998,40.913424652347274,-73.13252184151483,9.761286161236775,44.15923721063882
1664579784998,40.913424652347274,-73.13252184151483,8.93786700038915,44.15923721063882
1664579786998,40.913424652347274,-73.13252184151483,9.030057292361661,44.15923721063882
1664579788998,40.913424652347274,-73.13252184151483,9.145694144202457,44.15923721063882
1664579790998,40.913424652347274,-73.13252184151483,9.313553434754516,44.15923721063882
1664579792998,40.913424652347274,-73.13252184151483,9.551340937571391,44.15923721063882
1664579795000,40.913424652347274,-73.13252184151483,9.605227767047204,44.15923721063882
1664579797000,40.913424652347274,-73.13252184151483,9.68043973437444,44.15923721063882
1664579799000,40.913424652347274,-73.13252184151483,9.811502121392063,44.15923721063882
1664579801000,40.913424652347274,-73.13252184151483,9.92397612884047,44.15923721063882
1664579803000,40.913424652347274,-73.13252184151483,8.74858054840855,44.15923721063882
1664579805000,40.913424652347274,-73.13252184151483,9.054342316757813,44.15923721063882
1664579807000,40.913424652347274,-73.13252184151483,8.990798750099334,44.15923721063882
1664579809000,40.913424652347274,-73.13252184151483,9.289948808266544,44.15923721063882
1664579811000,40.913424652347274,-73.13252184151483,9.346054028718338,44.15923721063882
1664579813000,40.913424652347274,-73.13252184151483,9.395912092265178,44.15923721063882
1664579815000,40.913424652347274,-73.13252184151483,9.458961334699316,44.15923721063882
1664579816999,40.913424652347274,-73.13252184151483,9.571259115953781,44.15923721063882
1664579818999,40.913424652347274,-73.13252184151483,9.65862650800857,44.15923721063882
1664579820999,40.913424652347274,-73.13252184151483,9.727044206589367,44.15923721063882
1664579822999,40.913424652347274,-73.13252184151483,9.821041348268569,44.15923721063882
1664579824999,40.913424652347274,-73.13252184151483,9.909114004706883,44.15923721063882
1664579826999,40.913424652347274,-73.13252184151483,9.999724467166057,44.15923721063882
1664579828999,40.913424652347274,-73.13252184151483,10.134666657878574,44.15923721063882
1664579830999,40.913424652347274,-73.13252184151483,10.26882739229016,44.15923721063882
1664579832999,40.913424652347274,-73.13252184151483,10.599715332040972,44.15923721063882
1664579834999,40.913424652347274,-73.13252184151483,9.170620658445287,44.15923721063882
1664579836999,40.913424652347274,-73.13252184151483,9.304852049714606,44.15923721063882
1664579838999,40.913424652347274,-73.13252184151483,9.40745167285115,44.15923721063882
1664579840999,40.913424652347274,-73.13252184151483,9.529246744599439,44.15923721063882
1664579842999,40.913424652347274,-73.13252184151483,9.65480547041634,44.15923721063882
1664579844999,40.913424652347274,-73.13252184151483,9.68654107238294,44.15923721063882
1664579846999,40.913424652347274,-73.13252184151483,9.837631361583368,44.15923721063882
1664579848999,40.913424652347274,-73.13252184151483,9.961597429575104,44.15923721063882
1664579850999,40.913424652347274,-73.13252184151483,10.007634800312728,44.15923721063882
1664579852999,40.913424652347274,-73.13252184151483,10.243939457189681,44.15923721063882
1664579854999,40.913424652347274,-73.13252184151483,10.228413823065765,44.15923721063882
1664579856999,40.913424652347274,-73.13252184151483,10.364493931218117,44.15923721063882
1664579858999,40.913424652347274,-73.13252184151483,10.462142569071652,44.15923721063882
1664579860999,40.913424652347274,-73.13252184151483,10.58480967113258,44.15923721063882
1664579862999,40.913424652347274,-73.13252184151483,10.682840585072196,44.15923721063882
1664579864999,40.913424652347274,-73.13252184151483,11.01293370619427,44.15923721063882
1664579866999,40.913424652347274,-73.13252184151483,9.468881883008734,44.15923721063882
1664579868999,40.913424652347274,-73.13252184151483,9.553933843866561,44.15923721063882
1664579870999,40.913424652347274,-73.13252184151483,9.84077794511653,44.15923721063882
1664579872999,40.913424652347274,-73.13252184151483,10.066481586670147,44.15923721063882
1664579874999,40.913424652347274,-73.13252184151483,10.342812805929729,44.15923721063882
1664579876999,40.913424652347274,-73.13252184151483,10.363663937544032,44.15923721063882
1664579878999,40.913424652347274,-73.13252184151483,10.423201245115992,44.15923721063882
1664579880999,40.913424652347274,-73.13252184151483,10.865526357738293,44.15923721063882
1664579882999,40.913424652347274,-73.13252184151483,10.786457789204782,44.15923721063882
1664579884999,40.913424652347274,-73.13252184151483,11.017699355347943,44.15923721063882
1664579886999,40.913424652347274,-73.13252184151483,10.966184877280977,44.15923721063882
1664579888999,40.913424652347274,-73.13252184151483,10.965609246652228,44.15923721063882
1664579890999,40.913424652347274,-73.13252184151483,11.163729456578599,44.15923721063882
1664579892999,40.913424652347274,-73.13252184151483,11.375931958501447,44.15923721063882
1664579894998,40.913424652347274,-73.13252184151483,10.367591180163151,44.15923721063882
1664579896998,40.913424652347274,-73.13252184151483,10.484585763857494,44.15923721063882
1664579898998,40.913424652347274,-73.13252184151483,9.36582901315978,44.15923721063882
1664579900998,40.913424652347274,-73.13252184151483,9.65939109733086,44.15923721063882
1664579902998,40.913424652347274,-73.13252184151483,9.800318047240973,44.15923721063882
1664579904998,40.913424652347274,-73.13252184151483,9.825855171545845,44.15923721063882
1664579906998,40.913424652347274,-73.13252184151483,10.059581851209563,44.15923721063882
1664579908998,40.913424652347274,-73.13252184151483,10.306151063253244,44.15923721063882
1664579910998,40.913424652347274,-73.13252184151483,10.544991680911858,44.15923721063882
1664579912998,40.913424652347274,-73.13252184151483,10.461099382158165,44.15923721063882
1664579914998,40.913424652347274,-73.13252184151483,10.449221784574187,44.15923721063882
1664579916998,40.913424652347274,-73.13252184151483,10.653796328497988,44.15923721063882
1664579918998,40.913424652347274,-73.13252184151483,10.723699247916258,44.15923721063882
1664579921000,40.913424652347274,-73.13252184151483,10.898488399983437,44.15923721063882
1664579923000,40.913424652347274,-73.13252184151483,11.124363545429862,44.15923721063882
1664579925000,40.913424652347274,-73.13252184151483,11.309648915095147,44.15923721063882
1664579927000,40.913424652347274,-73.13252184151483,11.011832178456103,44.15923721063882
1664579929000,40.913424652347274,-73.13252184151483,11.059701014396488,44.15923721063882
1664579931000,40.913424652347274,-73.13252184151483,9.530499680505743,44.15923721063882
1664579933000,40.913424652347274,-73.13252184151483,9.528574824838397,44.15923721063882
1664579935000,40.913424652347274,-73.13252184151483,9.737744187119203,44.15923721063882
1664579937000,40.913424652347274,-73.13252184151483,9.951393028858607,44.15923721063882
1664579938999,40.913424652347274,-73.13252184151483,10.158976443566305,44.15923721063882
1664579940999,40.913424652347274,-73.13252184151483,10.183124402834892,44.15923721063882
1664579942999,40.913424652347274,-73.13252184151483,9.525248962005207,44.15923721063882
1664579944999,40.913424652347274,-73.13252184151483,9.137502237662728,44.15923721063882
1664579946999,40.913424652347274,-73.13252184151483,9.166681752317814,44.15923721063882
1664579948999,40.913424652347274,-73.13252184151483,9.499961757670365,44.15923721063882
1664579950999,40.913424652347274,-73.13252184151483,9.290662118753414,44.15923721063882
1664579952999,40.913424652347274,-73.13252184151483,9.577838921892896,44.15923721063882
1664579954999,40.913424652347274,-73.13252184151483,9.6296253475938,44.15923721063882
1664579956999,40.913424652347274,-73.13252184151483,9.722139379463535,44.15923721063882
1664579958999,40.913424652347274,-73.13252184151483,9.74948608910627,44.15923721063882
1664579960999,40.913424652347274,-73.13252184151483,9.831096228172393,44.15923721063882
1664579962999,40.913424652347274,-73.13252184151483,8.797766889271742,44.15923721063882
1664579964999,40.913424652347274,-73.13252184151483,8.926372007139568,44.15923721063882
1664579966999,40.913424652347274,-73.13252184151483,9.067779124073942,44.15923721063882
1664579968999,40.913424652347274,-73.13252184151483,9.160774696707287,44.15923721063882
1664579970999,40.913424652347274,-73.13252184151483,9.398431194994103,44.15923721063882
1664579972999,40.913424652347274,-73.13252184151483,9.539654793004935,44.15923721063882
1664579974999,40.913424652347274,-73.13252184151483,9.585248850528433,44.15923721063882
1664579976999,40.913424652347274,-73.13252184151483,9.684130551429956,44.15923721063882
1664579978999,40.913424652347274,-73.13252184151483,9.808088738810651,44.15923721063882
1664579980999,40.913424652347274,-73.13252184151483,9.916429430283635,44.15923721063882
1664579982999,40.913424652347274,-73.13252184151483,10.06071274479508,44.15923721063882
1664579984999,40.913424652347274,-73.13252184151483,10.11885447153955,44.15923721063882
1664579986999,40.913424652347274,-73.13252184151483,10.262467082618915,44.15923721063882
1664579988999,40.913424652347274,-73.13252184151483,10.520481623046528,44.15923721063882
1664579990999,40.913424652347274,-73.13252184151483,10.518821579536185,44.15923721063882
1664579992999,40.913424652347274,-73.13252184151483,10.632517742761303,44.15923721063882
1664579994999,40.913424652347274,-73.13252184151483,9.300367362526597,44.15923721063882
1664579996999,40.913424652347274,-73.13252184151483,9.461606694457865,44.15923721063882
1664579998999,40.913424652347274,-73.13252184151483,9.524005824263446,44.15923721063882
1664580000999,40.913424652347274,-73.13252184151483,9.587317177892011,44.15923721063882
1664580002999,40.913424652347274,-73.13252184151483,9.735985850272957,44.15923721063882
1664580004999,40.913424652347274,-73.13252184151483,9.816515532000317,44.15923721063882
1664580006999,40.913424652347274,-73.13252184151483,10.070697463479446,44.15923721063882
1664580008999,40.913424652347274,-73.13252184151483,9.981795301460215,44.15923721063882
1664580010999,40.913424652347274,-73.13252184151483,10.193378142130143,44.15923721063882
1664580012999,40.913424652347274,-73.13252184151483,10.269877180417032,44.15923721063882
1664580014999,40.913424652347274,-73.13252184151483,10.3250266098245,44.15923721063882
1664580016999,40.913424652347274,-73.13252184151483,10.476281175287953,44.15923721063882
1664580018999,40.913424652347274,-73.13252184151483,10.623494011197298,44.15923721063882
1664580020999,40.913424652347274,-73.13252184151483,10.725739731684486,44.15923721063882
1664580022998,40.913424652347274,-73.13252184151483,10.727591525798747,44.15923721063882
1664580024998,40.913424652347274,-73.13252184151483,10.818444636314577,44.15923721063882
1664580026998,40.913424652347274,-73.13252184151483,9.255925641698807,44.15923721063882
1664580028998,40.913424652347274,-73.13252184151483,9.464693695003168,44.15923721063882
1664580030998,40.913424652347274,-73.13252184151483,9.613784938888818,44.15923721063882
1664580032998,40.913424652347274,-73.13252184151483,9.781803404250372,44.15923721063882
1664580034998,40.913424652347274,-73.13252184151483,9.884849834361134,44.15923721063882
1664580036998,40.913424652347274,-73.13252184151483,9.871904034718996,44.15923721063882
1664580038998,40.913424652347274,-73.13252184151483,10.068110348869613,44.15923721063882
1664580040998,40.913424652347274,-73.13252184151483,10.20234907019915,44.15923721063882
1664580042998,40.913424652347274,-73.13252184151483,10.276035636819232,44.15923721063882
1664580044998,40.913424652347274,-73.13252184151483,10.51606262796447,44.15923721063882
1664580047000,40.913424652347274,-73.13252184151483,10.557958672768635,44.15923721063882
1664580049000,40.913424652347274,-73.13252184151483,10.633382527369973,44.15923721063882
1664580051000,40.913424652347274,-73.13252184151483,10.704481459826834,44.15923721063882
1664580053000,40.913424652347274,-73.13252184151483,10.920253841390837,44.15923721063882
1664580055000,40.913424652347274,-73.13252184151483,11.145649748155208,44.15923721063882
1664580057000,40.913424652347274,-73.13252184151483,11.060051741377162,44.15923721063882
1664580059000,40.913424652347274,-73.13252184151483,9.469299219594989,44.15923721063882
1664580061000,40.913424652347274,-73.13252184151483,9.732194892453508,44.15923721063882
1664580063000,40.913424652347274,-73.13252184151483,9.769205965715207,44.15923721063882
1664580065000,40.913424652347274,-73.13252184151483,9.840041941565863,44.15923721063882
1664580066999,40.913424652347274,-73.13252184151483,10.033470960342452,44.15923721063882
1664580068999,40.913424652347274,-73.13252184151483,10.237502583268478,44.15923721063882
1664580070999,40.913424652347274,-73.13252184151483,10.422949982698949,44.15923721063882
1664580072999,40.913424652347274,-73.13252184151483,10.264846393724012,44.15923721063882
1664580075026,40.913424652347274,-73.13252184151483,10.48592040052899,44.15923721063882
1664580077026,40.913424652347274,-73.13252184151483,8.909431164417256,44.15923721063882
1664580079025,40.913424652347274,-73.13252184151483,9.067649440893824,44.15923721063882
1664580080999,40.913424652347274,-73.13252184151483,9.157153417550358,44.15923721063882
1664580082999,40.913424652347274,-73.13252184151483,9.209718425343452,44.15923721063882
1664580084999,40.913424652347274,-73.13252184151483,9.237202932675647,44.15923721063882
1664580086999,40.913424652347274,-73.13252184151483,9.457125537627615,44.15923721063882
1664580088999,40.913424652347274,-73.13252184151483,8.16303286849963,44.15923721063882
1664580090999,40.913424652347274,-73.13252184151483,8.276624450771333,44.15923721063882
1664580092999,40.913424652347274,-73.13252184151483,8.423719898840385,44.15923721063882
1664580094999,40.913424652347274,-73.13252184151483,8.732019221445697,44.15923721063882
1664580096999,40.913424652347274,-73.13252184151483,8.958086352489916,44.15923721063882
1664580098999,40.913424652347274,-73.13252184151483,9.207448925913287,44.15923721063882
1664580100999,40.913424652347274,-73.13252184151483,8.227952048565708,44.15923721063882
1664580102999,40.913424652347274,-73.13252184151483,8.311801782925556,44.15923721063882
1664580104026,40.913424652347274,-73.13252184151483,8.435407437007925,44.15923721063882
1664580106026,40.913424652347274,-73.13252184151483,8.626122760353441,44.15923721063882
1664580108027,40.913424652347274,-73.13252184151483,8.909170777495179,44.15923721063882
1664580110025,40.913424652347274,-73.13252184151483,9.018384564586963,44.15923721063882
1664580111027,40.913424652347274,-73.13252184151483,9.092424611258798,44.15923721063882
1664580113021,40.913424652347274,-73.13252184151483,8.22849899153497,44.15923721063882
1664580115015,40.913424652347274,-73.13252184151483,8.544153848665019,44.15923721063882
1664580116015,40.913424652347274,-73.13252184151483,8.708590168510414,44.15923721063882
1664580117016,40.913424652347274,-73.13252184151483,8.808294638821794,44.15923721063882
1664580118016,40.913424652347274,-73.13252184151483,8.96856598292113,44.15923721063882
1664580120016,40.913424652347274,-73.13252184151483,9.21336325464833,44.15923721063882
1664580121999,40.913424652347274,-73.13252184151483,9.459070977614775,44.15923721063882
1664580123999,40.913424652347274,-73.13252184151483,8.369458647980863,44.15923721063882
1664580125999,40.913424652347274,-73.13252184151483,8.66023844947949,44.15923721063882
1664580127999,40.913424652347274,-73.13252184151483,9.13469943288337,44.15923721063882
1664580129999,40.913424652347274,-73.13252184151483,9.305587539899213,44.15923721063882
1664580131999,40.913424652347274,-73.13252184151483,9.378406062314303,44.15923721063882
1664580133999,40.913424652347274,-73.13252184151483,9.143763507655512,44.15923721063882
1664580135999,40.913424652347274,-73.13252184151483,7.957342821658971,44.15923721063882
1664580137999,40.913424652347274,-73.13252184151483,8.228557157647383,44.15923721063882
1664580139999,40.913424652347274,-73.13252184151483,8.455278744127154,44.15923721063882
1664580141999,40.913424652347274,-73.13252184151483,8.658835476472243,44.15923721063882
1664580143999,40.913424652347274,-73.13252184151483,8.910579817108426,44.15923721063882
1664580145999,40.913424652347274,-73.13252184151483,9.103162560753464,44.15923721063882
1664580147999,40.913424652347274,-73.13252184151483,8.116396566306431,44.15923721063882
1664580149998,40.913424652347274,-73.13252184151483,8.4719262963733,44.15923721063882
1664580151998,40.913424652347274,-73.13252184151483,8.720227619829869,44.15923721063882
1664580153998,40.913424652347274,-73.13252184151483,8.920851605265836,44.15923721063882
1664580155998,40.913424652347274,-73.13252184151483,9.024801941012889,44.15923721063882
1664580157998,40.913424652347274,-73.13252184151483,9.231409087840944,44.15923721063882
1664580159998,40.913424652347274,-73.13252184151483,9.48785415031192,44.15923721063882
1664580161998,40.913424652347274,-73.13252184151483,9.71213162410708,44.15923721063882
1664580163998,40.913424652347274,-73.13252184151483,9.612178942146453,44.15923721063882
1664580165998,40.913424652347274,-73.13252184151483,9.84439597296076,44.15923721063882
1664580167998,40.913424652347274,-73.13252184151483,9.929882526663892,44.15923721063882
1664580169998,40.913424652347274,-73.13252184151483,10.301585853338635,44.15923721063882
1664580171998,40.913424652347274,-73.13252184151483,10.237617179949616,44.15923721063882
1664580173000,40.913424652347274,-73.13252184151483,10.38821294033849,44.15923721063882
1664580175000,40.913424652347274,-73.13252184151483,10.597243957085285,44.15923721063882
1664580177000,40.913424652347274,-73.13252184151483,10.804219547274261,44.15923721063882
1664580179000,40.913424652347274,-73.13252184151483,10.871004327940678,44.15923721063882
1664580181000,40.913424652347274,-73.13252184151483,9.686386985161485,44.15923721063882
1664580183000,40.913424652347274,-73.13252184151483,9.930328644826792,44.15923721063882
1664580185000,40.913424652347274,-73.13252184151483,10.369917997316836,44.15923721063882
1664580187000,40.913424652347274,-73.13252184151483,10.593282416524024,44.15923721063882
1664580189000,40.913424652347274,-73.13252184151483,10.798126225252961,44.15923721063882
1664580191000,40.913424652347274,-73.13252184151483,11.00824673099813,44.15923721063882
1664580192999,40.913424652347274,-73.13252184151483,11.20790443599096,44.15923721063882
1664580194999,40.913424652347274,-73.13252184151483,11.241833985797566,44.15923721063882
1664580196999,40.913424652347274,-73.13252184151483,11.456838779054767,44.15923721063882
1664580198999,40.913424652347274,-73.13252184151483,11.659886146292205,44.15923721063882
1664580200999,40.913424652347274,-73.13252184151483,11.865451822779683,44.15923721063882
1664580202999,40.913424652347274,-73.13252184151483,12.051885558825427,44.15923721063882
1664580204999,40.913424652347274,-73.13252184151483,12.33552223879507,44.15923721063882
1664580206999,40.913424652347274,-73.13252184151483,12.526288472785627,44.15923721063882
1664580208999,40.913424652347274,-73.13252184151483,12.710533935532926,44.15923721063882
1664580210999,40.913424652347274,-73.13252184151483,12.913669821267858,44.15923721063882
1664580212999,40.913424652347274,-73.13252184151483,10.843432756246775,44.15923721063882
1664580214999,40.913424652347274,-73.13252184151483,11.061475495494456,44.15923721063882
1664580216999,40.913424652347274,-73.13252184151483,11.302689465023445,44.15923721063882
1664580218999,40.913424652347274,-73.13252184151483,11.695703460966202,44.15923721063882
1664580220999,40.913424652347274,-73.13252184151483,11.759624400460297,44.15923721063882
1664580222999,40.913424652347274,-73.13252184151483,11.626892368221613,44.15923721063882
1664580224999,40.913424652347274,-73.13252184151483,11.82718381138415,44.15923721063882
1664580226999,40.913424652347274,-73.13252184151483,12.020289864605811,44.15923721063882
1664580228999,40.913424652347274,-73.13252184151483,12.035675115988754,44.15923721063882
1664580230999,40.913424652347274,-73.13252184151483,12.128233376192231,44.15923721063882
1664580232999,40.913424652347274,-73.13252184151483,12.489010452175727,44.15923721063882
1664580234999,40.913424652347274,-73.13252184151483,12.596678294306734,44.15923721063882
1664580236999,40.913424652347274,-73.13252184151483,12.792197818671578,44.15923721063882
1664580238999,40.913424652347274,-73.13252184151483,12.698251237078512,44.15923721063882
1664580240999,40.913424652347274,-73.13252184151483,12.719903173503036,44.15923721063882
1664580242999,40.913424652347274,-73.13252184151483,12.78191283335987,44.15923721063882
1664580244999,40.913424652347274,-73.13252184151483,10.901191449838484,44.15923721063882
1664580246999,40.913424652347274,-73.13252184151483,11.101545884001947,44.15923721063882
1664580248999,40.913424652347274,-73.13252184151483,11.333303472767104,44.15923721063882
1664580250999,40.913424652347274,-73.13252184151483,11.508224645618906,44.15923721063882
1664580252999,40.913424652347274,-73.13252184151483,11.761387077260773,44.15923721063882
1664580254999,40.913424652347274,-73.13252184151483,11.900623736690338,44.15923721063882
1664580256999,40.913424652347274,-73.13252184151483,12.046256284428736,44.15923721063882
1664580258999,40.913424652347274,-73.13252184151483,12.169472981155439,44.15923721063882
1664580260999,40.913424652347274,-73.13252184151483,12.361565191896817,44.15923721063882
1664580262999,40.913424652347274,-73.13252184151483,12.515203452083076,44.15923721063882
1664580264999,40.913424652347274,-73.13252184151483,12.64296467906062,44.15923721063882
1664580266998,40.913424652347274,-73.13252184151483,12.672610192683829,44.15923721063882
1664580268998,40.913424652347274,-73.13252184151483,12.518979197362796,44.15923721063882
1664580270998,40.913424652347274,-73.13252184151483,12.836261392875972,44.15923721063882
1664580272998,40.913424652347274,-73.13252184151483,12.982571351705317,44.15923721063882
1664580274998,40.913424652347274,-73.13252184151483,13.190351760740311,44.15923721063882
1664580276998,40.913424652347274,-73.13252184151483,11.055253363467308,44.15923721063882
1664580278998,40.913424652347274,-73.13252184151483,11.222416487009585,44.15923721063882
1664580280998,40.913424652347274,-73.13252184151483,11.407447656749486,44.15923721063882
1664580282998,40.913424652347274,-73.13252184151483,11.452638870452178,44.15923721063882
1664580284998,40.913424652347274,-73.13252184151483,11.607058443676838,44.15923721063882
1664580286998,40.913424652347274,-73.13252184151483,11.5678934881397,44.15923721063882
1664580288998,40.913424652347274,-73.13252184151483,11.728853995306826,44.15923721063882
1664580290998,40.913424652347274,-73.13252184151483,11.972033044158705,44.15923721063882
1664580292998,40.913424652347274,-73.13252184151483,12.10705373989509,44.15923721063882
1664580294998,40.913424652347274,-73.13252184151483,12.046625228240547,44.15923721063882
1664580296998,40.913424652347274,-73.13252184151483,12.053939736446692,44.15923721063882
1664580298999,40.913424652347274,-73.13252184151483,12.11798647250217,44.15923721063882
1664580300999,40.913424652347274,-73.13252184151483,12.216929687413845,44.15923721063882
1664580302999,40.913424652347274,-73.13252184151483,12.107649255795925,44.15923721063882
1664580304999,40.913424652347274,-73.13252184151483,12.108124598279005,44.15923721063882
1664580306999,40.913424652347274,-73.13252184151483,12.058417944638004,44.15923721063882
1664580308999,40.913424652347274,-73.13252184151483,10.556380385228877,44.15923721063882
1664580310999,40.913424652347274,-73.13252184151483,10.73966279413251,44.15923721063882
1664580312999,40.913424652347274,-73.13252184151483,10.917028107615259,44.15923721063882
1664580314999,40.913424652347274,-73.13252184151483,11.066252294385016,44.15923721063882
1664580316999,40.913424652347274,-73.13252184151483,11.213073176965581,44.15923721063882
1664580318999,40.913424652347274,-73.13252184151483,11.399212015523513,44.15923721063882
1664580320999,40.913424652347274,-73.13252184151483,11.55778367875093,44.15923721063882
1664580322999,40.913424652347274,-73.13252184151483,11.608311280402411,44.15923721063882
1664580324999,40.913424652347274,-73.13252184151483,11.741559595557794,44.15923721063882
1664580326999,40.913424652347274,-73.13252184151483,11.623341597285854,44.15923721063882
1664580328999,40.913424652347274,-73.13252184151483,11.76657674451267,44.15923721063882
1664580330999,40.913424652347274,-73.13252184151483,11.880601903502708,44.15923721063882
1664580332999,40.913424652347274,-73.13252184151483,11.821181392044496,44.15923721063882
1664580334999,40.913424652347274,-73.13252184151483,11.800062328409162,44.15923721063882
1664580336999,40.913424652347274,-73.13252184151483,11.939709156008629,44.15923721063882
1664580338999,40.913424652347274,-73.13252184151483,11.680013955271415,44.15923721063882
1664580340999,40.913424652347274,-73.13252184151483,10.180625107915851,44.15923721063882
1664580342999,40.913424652347274,-73.13252184151483,10.362311800387193,44.15923721063882
1664580344999,40.913424652347274,-73.13252184151483,10.727683755115226,44.15923721063882
1664580346999,40.913424652347274,-73.13252184151483,10.88694892959569,44.15923721063882
1664580348999,40.913424652347274,-73.13252184151483,11.052799795139435,44.15923721063882
1664580350999,40.913424652347274,-73.13252184151483,11.185158751078806,44.15923721063882
1664580352999,40.913424652347274,-73.13252184151483,11.336908948779149,44.15923721063882
1664580354999,40.913424652347274,-73.13252184151483,11.470302858699746,44.15923721063882
1664580356999,40.913424652347274,-73.13252184151483,11.623908777456599,44.15923721063882
1664580358999,40.913424652347274,-73.13252184151483,11.603024787231865,44.15923721063882
1664580360999,40.913424652347274,-73.13252184151483,11.712891354566798,44.15923721063882
1664580362999,40.913424652347274,-73.13252184151483,11.905888735086057,44.15923721063882
1664580364999,40.913424652347274,-73.13252184151483,11.90803643827324,44.15923721063882
1664580366999,40.913424652347274,-73.13252184151483,12.074238698142835,44.15923721063882
1664580368999,40.913424652347274,-73.13252184151483,12.058504219342218,44.15923721063882
1664580370999,40.913424652347274,-73.13252184151483,12.15923340918728,44.15923721063882
1664580372999,40.913424652347274,-73.13252184151483,10.489212563335386,44.15923721063882
1664580374999,40.913424652347274,-73.13252184151483,10.573151113316177,44.15923721063882
1664580376999,40.913424652347274,-73.13252184151483,10.615444160283223,44.15923721063882
1664580378999,40.913424652347274,-73.13252184151483,10.670709183600517,44.15923721063882
1664580380999,40.913424652347274,-73.13252184151483,10.824036043240639,44.15923721063882
1664580382999,40.913424652347274,-73.13252184151483,10.866105188842294,44.15923721063882
1664580384999,40.913424652347274,-73.13252184151483,10.89555062829012,44.15923721063882
1664580386999,40.913424652347274,-73.13252184151483,11.087488538936668,44.15923721063882
1664580388999,40.913424652347274,-73.13252184151483,11.199648414487907,44.15923721063882
1664580390999,40.913424652347274,-73.13252184151483,11.374643040820017,44.15923721063882
1664580392999,40.913424652347274,-73.13252184151483,11.56573806488669,44.15923721063882
1664580394999,40.913424652347274,-73.13252184151483,11.74518573869665,44.15923721063882
1664580396999,40.913424652347274,-73.13252184151483,11.948702276514274,44.15923721063882
1664580398999,40.913424652347274,-73.13252184151483,12.163000590997195,44.15923721063882
1664580400998,40.913424652347274,-73.13252184151483,12.463314056844187,44.15923721063882
1664580402998,40.913424652347274,-73.13252184151483,12.635805199954856,44.15923721063882
1664580404998,40.913424652347274,-73.13252184151483,10.765741417487138,44.15923721063882
1664580406998,40.913424652347274,-73.13252184151483,10.993345597736253,44.15923721063882
1664580408998,40.913424652347274,-73.13252184151483,11.141228090179867,44.15923721063882
1664580410998,40.913424652347274,-73.13252184151483,11.35278991976522,44.15923721063882
1664580412998,40.913424652347274,-73.13252184151483,11.552761463871713,44.15923721063882
1664580414998,40.913424652347274,-73.13252184151483,11.770854441276533,44.15923721063882
1664580416998,40.913424652347274,-73.13252184151483,11.655969309075203,44.15923721063882
1664580418998,40.913424652347274,-73.13252184151483,11.972631589838652,44.15923721063882
1664580420998,40.913424652347274,-73.13252184151483,12.174736809480715,44.15923721063882
1664580422998,40.913424652347274,-73.13252184151483,12.30670584720825,44.15923721063882
1664580425000,40.913424652347274,-73.13252184151483,12.476544848815497,44.15923721063882
1664580427000,40.913424652347274,-73.13252184151483,12.645542235590064,44.15923721063882
1664580429000,40.913424652347274,-73.13252184151483,12.668217137228806,44.15923721063882
1664580431000,40.913424652347274,-73.13252184151483,12.81563568703435,44.15923721063882
1664580433000,40.913424652347274,-73.13252184151483,13.015502507632581,44.15923721063882
1664580435000,40.913424652347274,-73.13252184151483,13.356461739272229,44.15923721063882
1664580437000,40.913424652347274,-73.13252184151483,11.297002755284096,44.15923721063882
1664580439000,40.913424652347274,-73.13252184151483,11.541298415692106,44.15923721063882
1664580441000,40.913424652347274,-73.13252184151483,11.731764297490136,44.15923721063882
1664580443000,40.913424652347274,-73.13252184151483,11.924451823003704,44.15923721063882
1664580444999,40.913424652347274,-73.13252184151483,12.1120844767853,44.15923721063882
1664580446999,40.913424652347274,-73.13252184151483,12.315481953103536,44.15923721063882
1664580448999,40.913424652347274,-73.13252184151483,12.526295080819379,44.15923721063882
1664580450999,40.913424652347274,-73.13252184151483,12.848401311791562,44.15923721063882
1664580452999,40.913424652347274,-73.13252184151483,13.050649078234846,44.15923721063882
1664580454999,40.913424652347274,-73.13252184151483,13.205340168849055,44.15923721063882
1664580456999,40.913424652347274,-73.13252184151483,13.406656385347254,44.15923721063882
1664580458999,40.913424652347274,-73.13252184151483,13.57367797338764,44.15923721063882
1664580460999,40.913424652347274,-73.13252184151483,13.753809027142893,44.15923721063882
1664580462999,40.913424652347274,-73.13252184151483,13.857948298065773,44.15923721063882
1664580464999,40.913424652347274,-73.13252184151483,14.036367399703716,44.15923721063882
1664580466999,40.913424652347274,-73.13252184151483,14.227681312644746,44.15923721063882
1664580468999,40.913424652347274,-73.13252184151483,11.882999498048536,44.15923721063882
1664580470999,40.913424652347274,-73.13252184151483,12.05151818955104,44.15923721063882
1664580472999,40.913424652347274,-73.13252184151483,12.250474271845084,44.15923721063882
1664580474999,40.913424652347274,-73.13252184151483,12.43414122704439,44.15923721063882
1664580476999,40.913424652347274,-73.13252184151483,12.652264545510732,44.15923721063882
1664580478999,40.913424652347274,-73.13252184151483,12.833937024199928,44.15923721063882
1664580480999,40.913424652347274,-73.13252184151483,13.03989305036535,44.15923721063882
1664580482999,40.913424652347274,-73.13252184151483,13.228722835032304,44.15923721063882
1664580484999,40.913424652347274,-73.13252184151483,13.542055510990156,44.15923721063882
1664580486999,40.913424652347274,-73.13252184151483,13.71072226994637,44.15923721063882
1664580488999,40.913424652347274,-73.13252184151483,141.9062439811793,44.15923721063882
1664580490999,40.913424652347274,-73.13252184151483,104.05599942203636,44.15923721063882
1664580492999,40.913424652347274,-73.13252184151483,91.18757489405837,44.15923721063882
1664580494999,40.913424652347274,-73.13252184151483,89.49310359577383,44.15923721063882
1664580496999,40.913424652347274,-73.13252184151483,14.559552607402054,44.15923721063882
1664580498999,40.913424652347274,-73.13252184151483,14.74325947155345,44.15923721063882
1664580500999,40.91342909265394,-73.13259886584537,128.59182097905696,45.63479232788086
1664580501999,40.913424652347274,-73.13252184151483,128.5918209790242,44.15923721063882
1664580503999,40.913424652347274,-73.13252184151483,117.25690789092245,44.15923721063882
1664580505999,40.913424652347274,-73.13252184151483,121.75573208441524,44.15923721063882
1664580507999,40.913424652347274,-73.13252184151483,176.7579705769391,44.15923721063882
1664580509999,40.913424652347274,-73.13252184151483,220.0319068700131,44.15923721063882
1664580511999,40.913424652347274,-73.13252184151483,13.246786758500807,44.15923721063882
1664580513999,40.913424652347274,-73.13252184151483,13.439174451835491,44.15923721063882
1664580515999,40.913424652347274,-73.13252184151483,13.641642698215042,44.15923721063882
1664580517999,40.913424652347274,-73.13252184151483,270.4695313855931,44.15923721063882
1664580519999,40.913424652347274,-73.13252184151483,14.106152148727695,44.15923721063882
1664580522025,40.913424652347274,-73.13252184151483,14.269087585417463,44.15923721063882
1664580523026,40.913424652347274,-73.13252184151483,10.881660501748309,44.15923721063882
1664580525024,40.913424652347274,-73.13252184151483,11.111605759508548,44.15923721063882
1664580526024,40.913424652347274,-73.13252184151483,11.225353611432906,44.15923721063882
1664580528025,40.913424652347274,-73.13252184151483,11.430560868187346,44.15923721063882
1664580530025,40.913424652347274,-73.13252184151483,11.640013423964017,44.15923721063882
1664580532024,40.913424652347274,-73.13252184151483,11.876177451509001,44.15923721063882
1664580534015,40.913424652347274,-73.13252184151483,12.061359816905735,44.15923721063882
1664580535017,40.913424652347274,-73.13252184151483,9.777445717045742,44.15923721063882
1664580536998,40.913424652347274,-73.13252184151483,10.028694577009107,44.15923721063882
1664580538998,40.913424652347274,-73.13252184151483,10.256937837931607,44.15923721063882
1664580540998,40.913424652347274,-73.13252184151483,10.511037237183958,44.15923721063882
1664580542998,40.913424652347274,-73.13252184151483,10.908837323847607,44.15923721063882
1664580544998,40.913424652347274,-73.13252184151483,11.156261912338744,44.15923721063882
1664580546998,40.913424652347274,-73.13252184151483,9.330546151027491,44.15923721063882
1664580548998,40.913424652347274,-73.13252184151483,9.589952318681965,44.15923721063882
1664580550999,40.913424652347274,-73.13252184151483,9.825808600260954,44.15923721063882
1664580552999,40.913424652347274,-73.13252184151483,10.06840576940213,44.15923721063882
1664580555000,40.913424652347274,-73.13252184151483,10.327699232212336,44.15923721063882
1664580557000,40.913424652347274,-73.13252184151483,10.56413775957392,44.15923721063882
1664580559000,40.913424652347274,-73.13252184151483,10.101711213301108,44.15923721063882
1664580561000,40.913424652347274,-73.13252184151483,9.272064864875048,44.15923721063882
1664580563000,40.913424652347274,-73.13252184151483,9.705375910140729,44.15923721063882
1664580565000,40.913424652347274,-73.13252184151483,9.9441437488512,44.15923721063882
1664580567000,40.913424652347274,-73.13252184151483,9.921823478271715,44.15923721063882
1664580569000,40.913424652347274,-73.13252184151483,10.153579606182586,44.15923721063882
1664580570999,40.913424652347274,-73.13252184151483,10.386354609841206,44.15923721063882
1664580572999,40.913424652347274,-73.13252184151483,10.62106375581277,44.15923721063882
1664580574999,40.913424652347274,-73.13252184151483,10.85524340006867,44.15923721063882
1664580576999,40.913424652347274,-73.13252184151483,11.07501324651881,44.15923721063882
1664580578999,40.913424652347274,-73.13252184151483,11.29465764289187,44.15923721063882
1664580580999,40.913424652347274,-73.13252184151483,11.523387893643102,44.15923721063882
1664580582025,40.913424652347274,-73.13252184151483,11.789635754635558,44.15923721063882
1664580583999,40.913424652347274,-73.13252184151483,9.716037311365731,44.15923721063882
1664580585999,40.913424652347274,-73.13252184151483,10.011981387820311,44.15923721063882
1664580587999,40.913424652347274,-73.13252184151483,10.260010646513756,44.15923721063882
1664580589999,40.913424652347274,-73.13252184151483,10.46476113860892,44.15923721063882
1664580591999,40.913424652347274,-73.13252184151483,10.687926219801234,44.15923721063882
1664580593999,40.913424652347274,-73.13252184151483,10.659266226149512,44.15923721063882
1664580595999,40.913424652347274,-73.13252184151483,10.690624426055638,44.15923721063882
1664580597999,40.913424652347274,-73.13252184151483,10.906913889959386,44.15923721063882
1664580599999,40.913424652347274,-73.13252184151483,11.126684431585469,44.15923721063882
1664580601999,40.913424652347274,-73.13252184151483,11.352515748426217,44.15923721063882
1664580604025,40.913424652347274,-73.13252184151483,11.388550640585395,44.15923721063882
1664580605999,40.913424652347274,-73.13252184151483,9.536774718193058,44.15923721063882
1664580607999,40.913424652347274,-73.13252184151483,9.599505513120382,44.15923721063882
1664580609999,40.913424652347274,-73.13252184151483,9.709501637458986,44.15923721063882
1664580611999,40.913424652347274,-73.13252184151483,9.926260704772067,44.15923721063882
1664580613999,40.913424652347274,-73.13252184151483,10.140790263104623,44.15923721063882
1664580615999,40.913424652347274,-73.13252184151483,10.045377945246353,44.15923721063882
1664580617999,40.913424652347274,-73.13252184151483,8.70235918272665,44.15923721063882
1664580619999,40.913424652347274,-73.13252184151483,8.984297160837249,44.15923721063882
1664580621999,40.913424652347274,-73.13252184151483,8.951312341836704,44.15923721063882
1664580623999,40.913424652347274,-73.13252184151483,9.163089534266126,44.15923721063882
1664580625999,40.913424652347274,-73.13252184151483,9.172143646287527,44.15923721063882
1664580627999,40.913424652347274,-73.13252184151483,9.22246033900338,44.15923721063882
1664580629999,40.913424652347274,-73.13252184151483,8.165099850759571,44.15923721063882
1664580631999,40.913424652347274,-73.13252184151483,8.321703487710979,44.15923721063882
1664580633999,40.913424652347274,-73.13252184151483,8.56145614100814,44.15923721063882
1664580635999,40.913424652347274,-73.13252184151483,8.519512283067378,44.15923721063882
1664580637999,40.913424652347274,-73.13252184151483,8.66621946799277,44.15923721063882
1664580639999,40.913424652347274,-73.13252184151483,8.981942106284375,44.15923721063882
1664580641999,40.913424652347274,-73.13252184151483,9.005878255541399,44.15923721063882
1664580643999,40.913424652347274,-73.13252184151483,9.121578161025125,44.15923721063882
1664580645999,40.913424652347274,-73.13252184151483,9.270639096653943,44.15923721063882
1664580647998,40.913424652347274,-73.13252184151483,9.442292951699264,44.15923721063882
1664580649998,40.913424652347274,-73.13252184151483,9.713492852852925,44.15923721063882
1664580651998,40.913424652347274,-73.13252184151483,9.776094173867234,44.15923721063882
1664580653998,40.913424652347274,-73.13252184151483,9.939102828107446,44.15923721063882
1664580655998,40.913424652347274,-73.13252184151483,9.325286901953966,44.15923721063882
1664580657998,40.913424652347274,-73.13252184151483,9.434065030908243,44.15923721063882
1664580659998,40.913424652347274,-73.13252184151483,9.360175194620698,44.15923721063882
1664580661998,40.913424652347274,-73.13252184151483,8.505494387416592,44.15923721063882
1664580663998,40.913424652347274,-73.13252184151483,8.613241677102602,44.15923721063882
1664580665998,40.913424652347274,-73.13252184151483,8.618844557059182,44.15923721063882
1664580666998,40.913425226922485,-73.13255089249154,8.64212893213556,44.19131059758365
1664580668998,40.913425226922485,-73.13255089249154,8.69010270611924,44.19131059758365
1664580670998,40.913425226922485,-73.13255089249154,8.717988518423722,44.19131059758365
1664580672998,40.913425226922485,-73.13255089249154,8.933112660924033,44.19131059758365
1664580674998,40.913425226922485,-73.13255089249154,8.982118818326253,44.19131059758365
1664580677000,40.913425226922485,-73.13255089249154,9.14963991998012,44.19131059758365
1664580679000,40.913425226922485,-73.13255089249154,9.282665489035008,44.19131059758365
1664580681000,40.913425226922485,-73.13255089249154,9.374326193428912,44.19131059758365
1664580683000,40.913425226922485,-73.13255089249154,9.416067347309161,44.19131059758365
1664580685000,40.913425226922485,-73.13255089249154,9.440988329223748,44.19131059758365
1664580687000,40.913425226922485,-73.13255089249154,9.472403755187804,44.19131059758365
1664580689000,40.913425226922485,-73.13255089249154,9.542969002903831,44.19131059758365
1664580691000,40.913425226922485,-73.13255089249154,9.634017086381323,44.19131059758365
1664580693000,40.913425226922485,-73.13255089249154,8.578462758379828,44.19131059758365
1664580695000,40.913425226922485,-73.13255089249154,8.855745053183934,44.19131059758365
1664580696999,40.913425226922485,-73.13255089249154,8.937740635104793,44.19131059758365
1664580698999,40.913425226922485,-73.13255089249154,9.10502693129065,44.19131059758365
1664580700999,40.913425226922485,-73.13255089249154,9.168933240808627,44.19131059758365
1664580702999,40.913425226922485,-73.13255089249154,9.242236614182781,44.19131059758365
1664580704999,40.913425226922485,-73.13255089249154,9.237717961995463,44.19131059758365
1664580706999,40.913425226922485,-73.13255089249154,9.043637352028425,44.19131059758365
1664580708999,40.913425226922485,-73.13255089249154,9.126784047141665,44.19131059758365
1664580710999,40.913425226922485,-73.13255089249154,9.327143999837775,44.19131059758365
1664580712999,40.913425226922485,-73.13255089249154,9.350829923589997,44.19131059758365
1664580714999,40.913425226922485,-73.13255089249154,9.399494403420597,44.19131059758365
1664580716999,40.913425226922485,-73.13255089249154,9.451171838933016,44.19131059758365
1664580718999,40.913425226922485,-73.13255089249154,9.565451517932889,44.19131059758365
1664580720999,40.913425226922485,-73.13255089249154,9.630759438669415,44.19131059758365
1664580722999,40.913425226922485,-73.13255089249154,9.56626657569817,44.19131059758365
1664580724999,40.913425226922485,-73.13255089249154,8.439473790545456,44.19131059758365
1664580726999,40.913425226922485,-73.13255089249154,8.564487270103623,44.19131059758365
1664580728999,40.913425226922485,-73.13255089249154,8.399424947350514,44.19131059758365
1664580730999,40.913425226922485,-73.13255089249154,8.511989061036003,44.19131059758365
1664580732999,40.913425226922485,-73.13255089249154,8.649002350069491,44.19131059758365
1664580734999,40.913425226922485,-73.13255089249154,8.808727501233433,44.19131059758365
1664580736999,40.913425226922485,-73.13255089249154,8.886020789236527,44.19131059758365
1664580738999,40.913425226922485,-73.13255089249154,9.022378933610183,44.19131059758365
1664580740999,40.913425226922485,-73.13255089249154,9.088025875011986,44.19131059758365
1664580742999,40.913425226922485,-73.13255089249154,9.173442673204992,44.19131059758365
1664580744999,40.913425226922485,-73.13255089249154,9.015718791794416,44.19131059758365
1664580746999,40.913425226922485,-73.13255089249154,9.005858422049158,44.19131059758365
1664580748999,40.913425226922485,-73.13255089249154,9.09505012212441,44.19131059758365
1664580750999,40.913425226922485,-73.13255089249154,9.232494978816955,44.19131059758365
1664580752999,40.913425226922485,-73.13255089249154,9.379527548720239,44.19131059758365
1664580754999,40.913425226922485,-73.13255089249154,9.475036337525175,44.19131059758365
1664580756999,40.913425226922485,-73.13255089249154,8.366231144163155,44.19131059758365
1664580758999,40.913425226922485,-73.13255089249154,8.42575877693983,44.19131059758365
1664580760999,40.913425226922485,-73.13255089249154,8.47746586852387,44.19131059758365
1664580762999,40.913425226922485,-73.13255089249154,8.263647705525507,44.19131059758365
1664580764999,40.913425226922485,-73.13255089249154,8.335995653924952,44.19131059758365
1664580766999,40.913425226922485,-73.13255089249154,8.373409167818188,44.19131059758365
1664580768999,40.913425226922485,-73.13255089249154,8.19006563430988,44.19131059758365
1664580770999,40.913425226922485,-73.13255089249154,8.15204607218467,44.19131059758365
1664580772998,40.913425226922485,-73.13255089249154,8.284046662265974,44.19131059758365
1664580774998,40.913425226922485,-73.13255089249154,8.253964253682668,44.19131059758365
1664580776998,40.913425226922485,-73.13255089249154,8.541975492375698,44.19131059758365
1664580778998,40.913425226922485,-73.13255089249154,8.360926123320171,44.19131059758365
1664580780998,40.913425226922485,-73.13255089249154,8.202287092132963,44.19131059758365
1664580782998,40.913425226922485,-73.13255089249154,7.820691796593161,44.19131059758365
1664580784998,40.913425226922485,-73.13255089249154,7.717167963086791,44.19131059758365
1664580786998,40.913425226922485,-73.13255089249154,7.722197323836658,44.19131059758365
1664580788998,40.913425226922485,-73.13255089249154,7.493227828911693,44.19131059758365
1664580790998,40.913425226922485,-73.13255089249154,7.109764548986726,44.19131059758365
1664580792998,40.913425226922485,-73.13255089249154,6.949863980812518,44.19131059758365
1664580794998,40.913425226922485,-73.13255089249154,7.203548484515869,44.19131059758365
1664580796998,40.913425226922485,-73.13255089249154,7.1737773623638565,44.19131059758365
1664580798998,40.913425226922485,-73.13255089249154,7.162313256344893,44.19131059758365
1664580800027,40.913425226922485,-73.13255089249154,7.30118744799792,44.19131059758365
1664580802026,40.913425226922485,-73.13255089249154,6.880462758315477,44.19131059758365
1664580803998,40.913425226922485,-73.13255089249154,6.710821662990046,44.19131059758365
1664580805026,40.913425226922485,-73.13255089249154,6.853523181786482,44.19131059758365
1664580807023,40.913425226922485,-73.13255089249154,6.925130581015695,44.19131059758365
1664580808026,40.913425226922485,-73.13255089249154,6.898912454351974,44.19131059758365
1664580810025,40.913425226922485,-73.13255089249154,6.742859813463288,44.19131059758365
1664580811026,40.913425226922485,-73.13255089249154,6.834332201860797,44.19131059758365
1664580813026,40.913425226922485,-73.13255089249154,6.449252534579258,44.19131059758365
1664580815024,40.913425226922485,-73.13255089249154,6.773497719772212,44.19131059758365
1664580816025,40.913425226922485,-73.13255089249154,6.763805755660387,44.19131059758365
1664580818025,40.913425226922485,-73.13255089249154,6.921623980452435,44.19131059758365
1664580820026,40.913425226922485,-73.13255089249154,6.993402914784246,44.19131059758365
1664580822025,40.913425226922485,-73.13255089249154,6.814433943194439,44.19131059758365
1664580824025,40.913425226922485,-73.13255089249154,6.836640567203242,44.19131059758365
1664580825026,40.913425226922485,-73.13255089249154,6.4113709383405055,44.19131059758365
1664580827025,40.913425226922485,-73.13255089249154,6.493886497291009,44.19131059758365
1664580829025,40.913425226922485,-73.13255089249154,6.644827383976632,44.19131059758365
1664580831024,40.913425226922485,-73.13255089249154,6.918490972293044,44.19131059758365
1664580832024,40.913425226922485,-73.13255089249154,6.756385621145424,44.19131059758365
1664580833024,40.913425226922485,-73.13255089249154,6.998553113409704,44.19131059758365
1664580835025,40.913425226922485,-73.13255089249154,7.148626944899471,44.19131059758365
1664580837026,40.913425226922485,-73.13255089249154,7.026136518818526,44.19131059758365
1664580839024,40.913425226922485,-73.13255089249154,6.6520770136051475,44.19131059758365
1664580840026,40.913425226922485,-73.13255089249154,6.757717709114326,44.19131059758365
1664580842024,40.913425226922485,-73.13255089249154,6.830351683162267,44.19131059758365
1664580843025,40.913425226922485,-73.13255089249154,6.7870946580567875,44.19131059758365
1664580844025,40.913425226922485,-73.13255089249154,6.919583883750628,44.19131059758365
1664580846025,40.913425226922485,-73.13255089249154,7.282447438992227,44.19131059758365
1664580848025,40.913425226922485,-73.13255089249154,7.2989985051717845,44.19131059758365
1664580849026,40.913425226922485,-73.13255089249154,6.658173314272751,44.19131059758365
1664580850997,40.913425226922485,-73.13255089249154,6.651694190208303,44.19131059758365
1664580852997,40.913425226922485,-73.13255089249154,6.696567739989604,44.19131059758365
1664580854997,40.913425226922485,-73.13255089249154,6.895007917063237,44.19131059758365
1664580855999,40.913425226922485,-73.13255089249154,6.919919623555328,44.19131059758365
1664580858000,40.913425226922485,-73.13255089249154,7.048227377252373,44.19131059758365
1664580860000,40.913425226922485,-73.13255089249154,6.997815999977336,44.19131059758365
1664580862000,40.913425226922485,-73.13255089249154,6.752210850641305,44.19131059758365
1664580864000,40.913425226922485,-73.13255089249154,6.998574734089336,44.19131059758365
1664580866000,40.913425226922485,-73.13255089249154,7.1088856858560625,44.19131059758365
1664580868000,40.913425226922485,-73.13255089249154,7.265681257505251,44.19131059758365
1664580870000,40.913425226922485,-73.13255089249154,7.224046921986229,44.19131059758365
1664580872000,40.913425226922485,-73.13255089249154,7.210247522422208,44.19131059758365
1664580874000,40.913425226922485,-73.13255089249154,6.7777817401353255,44.19131059758365
1664580875999,40.913425226922485,-73.13255089249154,6.964139420397691,44.19131059758365
1664580877999,40.913425226922485,-73.13255089249154,6.907721297173823,44.19131059758365
1664580879999,40.913425226922485,-73.13255089249154,7.154709661899577,44.19131059758365
1664580881999,40.913425226922485,-73.13255089249154,7.447179899102578,44.19131059758365
1664580883999,40.913425226922485,-73.13255089249154,7.417080990603661,44.19131059758365
1664580885999,40.913425226922485,-73.13255089249154,7.739806660402948,44.19131059758365
1664580887999,40.913425226922485,-73.13255089249154,8.258208968351676,44.19131059758365
1664580889999,40.913425226922485,-73.13255089249154,8.081946044215355,44.19131059758365
1664580891999,40.913425226922485,-73.13255089249154,8.383098022680448,44.19131059758365
1664580893999,40.913425226922485,-73.13255089249154,8.652984926141928,44.19131059758365
1664580895999,40.913425226922485,-73.13255089249154,8.63579667766148,44.19131059758365
1664580897999,40.913425226922485,-73.13255089249154,8.630587431038773,44.19131059758365
1664580899999,40.913425226922485,-73.13255089249154,8.60354456043341,44.19131059758365
1664580901999,40.913425226922485,-73.13255089249154,8.699183997103207,44.19131059758365
1664580903999,40.913425226922485,-73.13255089249154,9.094183085127698,44.19131059758365
1664580905999,40.913425226922485,-73.13255089249154,8.261906893415293,44.19131059758365
1664580907999,40.913425226922485,-73.13255089249154,8.465833755040702,44.19131059758365
1664580909999,40.913425226922485,-73.13255089249154,8.326239978288054,44.19131059758365
1664580911999,40.913425226922485,-73.13255089249154,8.449147847081315,44.19131059758365
1664580913999,40.913425226922485,-73.13255089249154,8.509247267726023,44.19131059758365
1664580915999,40.913425226922485,-73.13255089249154,8.620538681603666,44.19131059758365
1664580917999,40.913425226922485,-73.13255089249154,8.658908596993149,44.19131059758365
1664580919999,40.913425226922485,-73.13255089249154,8.773396539401086,44.19131059758365
1664580921999,40.913425226922485,-73.13255089249154,9.06946511596065,44.19131059758365
1664580923999,40.913425226922485,-73.13255089249154,9.31204025207685,44.19131059758365
1664580925999,40.913425226922485,-73.13255089249154,9.527374232982615,44.19131059758365
1664580927999,40.913425226922485,-73.13255089249154,9.765496151173119,44.19131059758365
1664580929999,40.913425226922485,-73.13255089249154,10.008702819874449,44.19131059758365
1664580931999,40.913425226922485,-73.13255089249154,9.917477296582943,44.19131059758365
1664580933999,40.913425226922485,-73.13255089249154,10.021142506124477,44.19131059758365
1664580935999,40.913425226922485,-73.13255089249154,9.771141123199572,44.19131059758365
1664580938021,40.913425226922485,-73.13255089249154,8.892948564698624,44.19131059758365
1664580940015,40.913425226922485,-73.13255089249154,9.15675128717436,44.19131059758365
1664580941016,40.913425226922485,-73.13255089249154,9.321108727616327,44.19131059758365
1664580943014,40.913425226922485,-73.13255089249154,9.551724074778225,44.19131059758365
1664580945999,40.91342523239855,-73.13255093685703,200.0,44.19131088256836
1664580946999,40.913425226922485,-73.13255089249154,324.5265316627302,44.19131059758365
1664580948999,40.913425226922485,-73.13255089249154,300.0874744893128,44.19131059758365
1664580950998,40.91342826525315,-73.13257550810056,319.84750543413395,44.19131088256836
1664580951998,40.913425226922485,-73.13255089249154,320.38782418753095,44.19131059758365
1664580953998,40.913425226922485,-73.13255089249154,359.1801698916777,44.19131059758365
1664580955015,40.913425226922485,-73.13255089249154,387.64037049476707,44.19131059758365
1664580957998,40.91342828150937,-73.13257563980332,386.22765471796095,44.19131088256836
1664580972013,40.91342209549208,-73.13255360590632,10.476639955964595,41.77988815307617
1664580973015,40.91342272051274,-73.13257467712505,8.868459714450225,43.975152323022485
1664580974015,40.91342272051274,-73.13257467712505,8.975318949999194,43.975152323022485
1664580975016,40.91342272051274,-73.13257467712505,9.114180810336485,43.975152323022485
1664580977015,40.91342272051274,-73.13257467712505,9.42584562454269,43.975152323022485
1664580996014,40.91342209549208,-73.13255360590632,10.476639955964595,41.38630676269531
1664581003014,40.91342240697103,-73.13254376864869,9.813613917659724,44.2225168319419
1664581004014,40.91342240697103,-73.13254376864869,9.914569316351141,44.2225168319419
1664581005015,40.91342240697103,-73.13254376864869,10.025072615959871,44.2225168319419
1664581006015,40.91342240697103,-73.13254376864869,10.176410296701917,44.2225168319419
1664581007015,40.91342240697103,-73.13254376864869,10.24550418590666,44.2225168319419
1664581009016,40.91342240697103,-73.13254376864869,9.845241332051446,44.2225168319419
1664581011014,40.91342240697103,-73.13254376864869,9.146795837445605,44.2225168319419
1664581012015,40.91342240697103,-73.13254376864869,9.277727543585437,44.2225168319419
1664581014013,40.91342240697103,-73.13254376864869,9.541738243582207,44.2225168319419
1664581016014,40.91342240697103,-73.13254376864869,9.805430782101775,44.2225168319419
1664581018013,40.91342240697103,-73.13254376864869,10.073619475065689,44.2225168319419
1664581019015,40.91342240697103,-73.13254376864869,10.35005693502979,44.2225168319419
1664581020015,40.91342240697103,-73.13254376864869,10.462562866712428,44.2225168319419
1664581021016,40.91342240697103,-73.13254376864869,9.93576327451647,44.2225168319419
1664581023016,40.91342240697103,-73.13254376864869,9.201475088899436,44.2225168319419
1664581025014,40.91342240697103,-73.13254376864869,9.488188958361029,44.2225168319419
1664581026015,40.91342240697103,-73.13254376864869,9.610847902302295,44.2225168319419
1664581027016,40.91342240697103,-73.13254376864869,9.70538848296095,44.2225168319419
1664581029013,40.91342240697103,-73.13254376864869,9.936089770060633,44.2225168319419
1664581031016,40.91342240697103,-73.13254376864869,10.186007176511843,44.2225168319419
1664581033016,40.91342240697103,-73.13254376864869,9.801701628646118,44.2225168319419
1664581035015,40.91342240697103,-73.13254376864869,9.08335329707815,44.2225168319419
1664581037015,40.91342240697103,-73.13254376864869,9.347232903748157,44.2225168319419
1664581039014,40.91342240697103,-73.13254376864869,9.784903457616595,44.2225168319419
1664581041013,40.91342240697103,-73.13254376864869,9.99828943185388,44.2225168319419
1664581042015,40.91342240697103,-73.13254376864869,10.137811875156531,44.2225168319419
1664581044013,40.91342240697103,-73.13254376864869,10.369100697767617,44.2225168319419
1664581052013,40.913422788250564,-73.13253161261335,9.781678278513704,44.220130141824484
1664581054015,40.913422788250564,-73.13253161261335,10.041499996636654,44.220130141824484
1664581056013,40.913422788250564,-73.13253161261335,10.430885583256257,44.220130141824484
1664581057014,40.913422788250564,-73.13253161261335,8.886127134210387,44.220130141824484
1664581059015,40.913422788250564,-73.13253161261335,9.165697725447439,44.220130141824484
1664581063020,40.913422788250564,-73.13253161261335,9.670640000933693,44.220130141824484
1664581065015,40.913422788250564,-73.13253161261335,9.92739321665907,44.220130141824484
1664581067015,40.913422788250564,-73.13253161261335,10.174477400248216,44.220130141824484
1664581070015,40.913422788250564,-73.13253161261335,8.925541354722233,44.220130141824484
1664581071015,40.913422788250564,-73.13253161261335,9.049734907781323,44.220130141824484
1664581073015,40.913422788250564,-73.13253161261335,9.355904035483608,44.220130141824484
1664581075014,40.913422788250564,-73.13253161261335,9.576939439222365,44.220130141824484
1664581083040,40.913424967059036,-73.1325234089107,9.144430607797364,44.28851008694619
1664581085015,40.913424967059036,-73.1325234089107,9.378895498437208,44.28851008694619
1664581087015,40.913424967059036,-73.1325234089107,9.632662459830602,44.28851008694619
1664581088015,40.913424967059036,-73.1325234089107,9.782597001004047,44.28851008694619
1664581090014,40.913424967059036,-73.1325234089107,10.035904908963843,44.28851008694619
1664581091015,40.913424967059036,-73.1325234089107,10.326219934343012,44.28851008694619
1664581093016,40.913424967059036,-73.1325234089107,10.376437770213862,44.28851008694619
1664581095015,40.913424967059036,-73.1325234089107,9.216783714700448,44.28851008694619
1664581097015,40.913424967059036,-73.1325234089107,9.464165928179543,44.28851008694619
1664581099014,40.913424967059036,-73.1325234089107,9.712579239546953,44.28851008694619
1664581100015,40.913424967059036,-73.1325234089107,9.865434308486273,44.28851008694619
1664581102014,40.913424967059036,-73.1325234089107,10.106297998879848,44.28851008694619
1664581104015,40.913424967059036,-73.1325234089107,10.336749594484017,44.28851008694619
1664581105015,40.913424967059036,-73.1325234089107,8.855947938953491,44.28851008694619
1664581107015,40.913424967059036,-73.1325234089107,9.14595986025041,44.28851008694619
1664581109014,40.913424967059036,-73.1325234089107,9.635187786512347,44.28851008694619
1664581111016,40.913424967059036,-73.1325234089107,9.647029873349423,44.28851008694619
1664581113016,40.913424967059036,-73.1325234089107,10.08439838831976,44.28851008694619
1664581115015,40.913424967059036,-73.1325234089107,10.285967299522826,44.28851008694619
1664581116996,40.913424967059036,-73.1325234089107,8.862628175809187,44.28851008694619
1664581118996,40.913424967059036,-73.1325234089107,9.153854399367471,44.28851008694619
1664581121015,40.913424967059036,-73.1325234089107,9.40116959627127,44.28851008694619
1664581122015,40.913424967059036,-73.1325234089107,9.545971451396724,44.28851008694619
1664581123016,40.913424967059036,-73.1325234089107,9.672367194541234,44.28851008694619
1664581124996,40.913424967059036,-73.1325234089107,10.15048950816124,44.28851008694619
1664581126000,40.913424967059036,-73.1325234089107,10.271198338365252,44.28851008694619
1664581128000,40.913424967059036,-73.1325234089107,10.481898002277276,44.28851008694619
1664581130000,40.913424967059036,-73.1325234089107,9.029337826273117,44.28851008694619
1664581132000,40.913424967059036,-73.1325234089107,9.357120172847868,44.28851008694619
1664581134000,40.913424967059036,-73.1325234089107,9.585741602468827,44.28851008694619
1664581136000,40.913424967059036,-73.1325234089107,9.839422213702461,44.28851008694619
1664581138000,40.913424967059036,-73.1325234089107,10.108283060828422,44.28851008694619
1664581140000,40.913424967059036,-73.1325234089107,10.328137161910776,44.28851008694619
1664581142000,40.913424967059036,-73.1325234089107,8.961334368461237,44.28851008694619
1664581144000,40.913424967059036,-73.1325234089107,9.218449490772343,44.28851008694619
1664581145999,40.913424967059036,-73.1325234089107,9.683360907702811,44.28851008694619
1664581147999,40.913424967059036,-73.1325234089107,9.935090744192118,44.28851008694619
1664581149999,40.913424967059036,-73.1325234089107,10.116255565966739,44.28851008694619
1664581151999,40.913424967059036,-73.1325234089107,10.29636236873208,44.28851008694619
1664581153999,40.913424967059036,-73.1325234089107,8.900696603218863,44.28851008694619
1664581155999,40.913424967059036,-73.1325234089107,9.1441874125032,44.28851008694619
1664581157999,40.913424967059036,-73.1325234089107,9.310325708220232,44.28851008694619
1664581159999,40.913424967059036,-73.1325234089107,9.54000653210102,44.28851008694619
1664581161999,40.913424967059036,-73.1325234089107,9.798922726653961,44.28851008694619
1664581163999,40.913424967059036,-73.1325234089107,10.03509394962034,44.28851008694619
1664581165999,40.913424967059036,-73.1325234089107,10.25654923079003,44.28851008694619
1664581167999,40.913424967059036,-73.1325234089107,10.579626702446896,44.28851008694619
1664581169999,40.913424967059036,-73.1325234089107,10.798166552326299,44.28851008694619
1664581171999,40.913424967059036,-73.1325234089107,10.987483287662782,44.28851008694619
1664581173999,40.913424967059036,-73.1325234089107,11.06965589692864,44.28851008694619
1664581175999,40.913424967059036,-73.1325234089107,11.218417609252118,44.28851008694619
1664581177999,40.913424967059036,-73.1325234089107,11.455587822870603,44.28851008694619
1664581179999,40.913424967059036,-73.1325234089107,11.656835415670166,44.28851008694619
1664581181999,40.913424967059036,-73.1325234089107,11.912178681750895,44.28851008694619
1664581183999,40.913424967059036,-73.1325234089107,12.041313314995184,44.28851008694619
1664581185999,40.913424967059036,-73.1325234089107,10.394160269027989,44.28851008694619
1664581187999,40.913424967059036,-73.1325234089107,10.633102716935836,44.28851008694619
1664581189999,40.913424967059036,-73.1325234089107,10.846320423988631,44.28851008694619
1664581191999,40.913424967059036,-73.1325234089107,10.987775678796407,44.28851008694619
1664581193999,40.913424967059036,-73.1325234089107,11.170329891896142,44.28851008694619
1664581195999,40.913424967059036,-73.1325234089107,11.364682555862009,44.28851008694619
1664581197999,40.913424967059036,-73.1325234089107,11.567954331029075,44.28851008694619
1664581199999,40.913424967059036,-73.1325234089107,11.732671083035804,44.28851008694619
1664581201999,40.913424967059036,-73.1325234089107,11.880643259654653,44.28851008694619
1664581203999,40.913424967059036,-73.1325234089107,12.045022450401166,44.28851008694619
1664581205999,40.913424967059036,-73.1325234089107,12.209146187525816,44.28851008694619
1664581207999,40.913424967059036,-73.1325234089107,12.36095839246962,44.28851008694619
1664581209999,40.913424967059036,-73.1325234089107,12.566211501572411,44.28851008694619
1664581211999,40.913424967059036,-73.1325234089107,12.852689565065898,44.28851008694619
1664581213999,40.913424967059036,-73.1325234089107,12.904149486669231,44.28851008694619
1664581215999,40.913424967059036,-73.1325234089107,13.080461751856243,44.28851008694619
1664581217999,40.913424967059036,-73.1325234089107,11.00237015906445,44.28851008694619
1664581219999,40.913424967059036,-73.1325234089107,11.254219652456289,44.28851008694619
1664581221999,40.913424967059036,-73.1325234089107,11.472518020930288,44.28851008694619
1664581223999,40.913424967059036,-73.1325234089107,11.537880183882967,44.28851008694619
1664581225998,40.913424967059036,-73.1325234089107,11.92814512990542,44.28851008694619
1664581227998,40.913424967059036,-73.1325234089107,12.116405109005221,44.28851008694619
1664581229998,40.913424967059036,-73.1325234089107,12.164662167853708,44.28851008694619
1664581231998,40.913424967059036,-73.1325234089107,12.148778934780953,44.28851008694619
1664581233998,40.913424967059036,-73.1325234089107,12.149982864263503,44.28851008694619
1664581235998,40.913424967059036,-73.1325234089107,12.338094893119841,44.28851008694619
1664581237998,40.913424967059036,-73.1325234089107,12.362592050687667,44.28851008694619
1664581239998,40.913424967059036,-73.1325234089107,12.456602136398791,44.28851008694619
1664581241998,40.913424967059036,-73.1325234089107,12.524654231852795,44.28851008694619
1664581243998,40.913424967059036,-73.1325234089107,12.53894492677001,44.28851008694619
1664581245998,40.913424967059036,-73.1325234089107,12.533717169249986,44.28851008694619
1664581247998,40.913424967059036,-73.1325234089107,12.665947197940067,44.28851008694619
1664581249998,40.913424967059036,-73.1325234089107,10.691943958558966,44.28851008694619
1664581252000,40.913424967059036,-73.1325234089107,10.925193382105663,44.28851008694619
1664581254000,40.913424967059036,-73.1325234089107,10.933946859446404,44.28851008694619
1664581256000,40.913424967059036,-73.1325234089107,11.081400000512916,44.28851008694619
1664581258000,40.913424967059036,-73.1325234089107,11.218986626933006,44.28851008694619
1664581260000,40.913424967059036,-73.1325234089107,11.349733109055805,44.28851008694619
1664581262000,40.913424967059036,-73.1325234089107,11.40118240393767,44.28851008694619
1664581264000,40.913424967059036,-73.1325234089107,11.394060136974192,44.28851008694619
1664581266000,40.913424967059036,-73.1325234089107,11.512947170973503,44.28851008694619
1664581268000,40.913424967059036,-73.1325234089107,11.651370354500344,44.28851008694619
1664581270000,40.913424967059036,-73.1325234089107,11.772684518626296,44.28851008694619
1664581271999,40.913424967059036,-73.1325234089107,12.03149593236934,44.28851008694619
1664581273999,40.913424967059036,-73.1325234089107,12.05754669518384,44.28851008694619
1664581275999,40.913424967059036,-73.1325234089107,12.15187084747832,44.28851008694619
1664581277999,40.913424967059036,-73.1325234089107,12.266496089764237,44.28851008694619
1664581279999,40.913424967059036,-73.1325234089107,12.456013298225988,44.28851008694619
1664581281999,40.913424967059036,-73.1325234089107,10.531883760593159,44.28851008694619
1664581283999,40.913424967059036,-73.1325234089107,10.685390071465466,44.28851008694619
1664581285999,40.913424967059036,-73.1325234089107,10.853282132285313,44.28851008694619
1664581287024,40.913424967059036,-73.1325234089107,10.89821076271054,44.28851008694619
1664581288024,40.913424967059036,-73.1325234089107,11.026064223913862,44.28851008694619
1664581290024,40.913424967059036,-73.1325234089107,11.299581003934131,44.28851008694619
1664581292023,40.913424967059036,-73.1325234089107,11.454559077706392,44.28851008694619
1664581293025,40.913424967059036,-73.1325234089107,9.32194142460699,44.28851008694619
1664581295023,40.913424967059036,-73.1325234089107,9.531004240606983,44.28851008694619
1664581296023,40.913424967059036,-73.1325234089107,9.631281221710614,44.28851008694619
1664581297028,40.913424967059036,-73.1325234089107,9.697171571739398,44.28851008694619
1664581299015,40.913424967059036,-73.1325234089107,9.840650914855642,44.28851008694619
1664581301014,40.913424967059036,-73.1325234089107,10.094196081008972,44.28851008694619
1664581303012,40.913424967059036,-73.1325234089107,10.350905547636634,44.28851008694619
1664581304013,40.913424967059036,-73.1325234089107,10.468808046349162,44.28851008694619
1664581305014,40.913424967059036,-73.1325234089107,8.846684013549575,44.28851008694619
1664581307014,40.913424967059036,-73.1325234089107,9.286876465338361,44.28851008694619
1664581308014,40.913424967059036,-73.1325234089107,9.380450614656219,44.28851008694619
1664581310015,40.913424967059036,-73.1325234089107,9.633089126631566,44.28851008694619
1664581312015,40.913424967059036,-73.1325234089107,9.920854289494269,44.28851008694619
1664581314015,40.913424967059036,-73.1325234089107,10.137186308234707,44.28851008694619
1664581315015,40.913424967059036,-73.1325234089107,10.233663260873838,44.28851008694619
1664581325013,40.91345130715406,-73.13256663851134,9.9181143133161,44.16553818248212
1664581327015,40.91345130715406,-73.13256663851134,10.301395253318029,44.16553818248212
1664581329015,40.91345130715406,-73.13256663851134,8.842835533909888,44.16553818248212
1664581331015,40.91345130715406,-73.13256663851134,9.175938068558931,44.16553818248212
1664581332015,40.91345130715406,-73.13256663851134,9.112352074741132,44.16553818248212
1664581346014,40.91343842696009,-73.13254610289403,9.582687939666375,44.06479260791093
1664581347016,40.91343842696009,-73.13254610289403,9.753461183249662,44.06479260791093
1664581348998,40.91343842696009,-73.13254610289403,9.969854474224253,44.06479260791093
1664581349998,40.91343677680037,-73.13254794547572,10.10044066677786,44.0055767390877
1664581350998,40.91343894158242,-73.13254915949061,10.508810476626044,44.32222245819867
1664581351998,40.913438030814476,-73.1325538898577,10.621044424725067,44.01224856451154
1664581352998,40.913438561021096,-73.13254876348812,10.850568600876759,44.43839706480503
1664581353998,40.91343986284768,-73.13256833081515,13.075120138998543,43.86441479250789
1664581354998,40.91344025331628,-73.13256843995357,15.440127485703877,44.05058363266289
1664581355998,40.91344040172786,-73.13257385939623,18.881406446695046,44.07081502955407
1664581357014,40.913439464989935,-73.13259447796757,23.264069714256674,43.80352437123656
1664581358011,40.91343812971171,-73.13260892109996,27.772340970711305,44.01792673859745
1664581359012,40.913437413152366,-73.13262154296909,33.166904033647555,43.65633269958198
1664581360013,40.91343600705541,-73.13262925877392,38.482000564158845,43.81904348451644
1664581361013,40.913435646462986,-73.13263281484504,40.385032910464076,43.80371404718608
1664581376013,40.91342209549208,-73.13255360590632,10.476639955964595,41.20484924316406
1664581386016,40.9134434699024,-73.13260539448443,33.155682302254284,43.68631949555129
1664581387015,40.91344374235534,-73.13260653017826,33.08100227826147,43.67839286476374
1664581387998,40.91344124153262,-73.13260202388341,33.1138535272517,43.78728248458356
1664581388998,40.91344122582647,-73.13260220458011,33.06312508728327,43.781854290515184
1664581390998,40.91344122582647,-73.13260220458011,33.05951485122104,43.781854290515184
1664581391998,40.9134445839748,-73.13259196290963,33.11724754356391,44.17309881467372
1664581392998,40.913444096349075,-73.13259970423437,33.352032191986176,44.45044902805239
1664581393999,40.913444178724255,-73.13260915244325,33.82389661628548,43.92522807512432
1664581394999,40.913442816779046,-73.13261732868082,33.46099839272067,44.0824748724699
1664581395999,40.913442816779046,-73.13261732868082,33.40080951991162,44.0824748724699
1664581407741,40.91342209549208,-73.13255360590632,10.476639955964595,41.48280715942383
1664581411793,40.91342209549208,-73.13255360590632,10.476639955964595,41.483245849609375
1664581413014,40.913449300920334,-73.13260389224581,43.036265313336045,43.98628437705338
1664581414023,40.91344827398798,-73.13260806305703,46.648823928227834,44.00659292936325
1664581415013,40.913446713692416,-73.13261337398534,50.655568908167716,43.85286367312074
1664581416014,40.91344560214058,-73.1326267309636,55.345814461539064,43.85297112260014
1664581417012,40.91343752461372,-73.13264508024079,57.389358747444625,43.47911744005978
1664581418014,40.913444067766,-73.13266218435602,62.59046254575974,43.90381164383143
1664581419012,40.913443725821864,-73.13267482004117,68.59362439178228,43.834173114039004
1664581420011,40.91344751059704,-73.13268474457428,74.2167161135443,43.808794672600925
1664581421015,40.91345041877331,-73.13269938420898,80.74486226315067,43.97136962786317
1664581422015,40.9134458278012,-73.1327164411848,88.42209084174334,43.727634775452316
1664581422999,40.91343074159528,-73.13271885861457,90.44188721598015,43.72860387805849
1664581423999,40.913334928034956,-73.13257145218677,10.65501952197752,43.724412214010954
1664581424999,40.91334618649435,-73.13260595711579,7.9860738534672775,43.65505111403763
1664581425999,40.91336986931833,-73.132578774898,6.91021063101583,43.792662516236305
1664581426999,40.9133722975903,-73.13259954422965,6.7662385950051105,44.04962634854019
1664581427999,40.913391943949414,-73.1325540474141,6.452719276815373,46.05900606326759
1664581428999,40.91337051165576,-73.13253480627327,6.757557496843557,47.054228296503425
1664581429999,40.91338494562833,-73.13254286009501,7.128632673113113,45.45605526957661
1664581430999,40.913384127254005,-73.13256307468748,6.855230303397389,45.28131356835365
1664581431999,40.913390983369524,-73.13257764379821,8.415580046466205,45.14602308347821
1664581432999,40.9133938150074,-73.13258871823929,10.103062943376807,44.93662781082094
1664581433999,40.913398394337285,-73.13260055453065,12.055573807329091,44.47942287568003
1664581434999,40.91330927781032,-73.13256434179448,12.963640336157845,44.75271378643811
1664581435999,40.913293554203385,-73.13253986891087,9.826501883182162,44.16239613946527
1664581436999,40.9132902784734,-73.13253832241087,8.138690636662082,44.561032610945404
1664581437999,40.913289880275904,-73.13253153224922,8.685051855718687,44.26010331325233
1664581438999,40.913310064208815,-73.13254411314944,8.391006031263803,44.363949444144964
1664581439999,40.91331228473878,-73.13255051604843,8.55552938025891,44.256585609167814
1664581440999,40.91331286685699,-73.13255056584053,8.476144593824314,44.368699533864856
1664581442999,40.9133194552024,-73.13257704758705,8.43253413641248,44.20704229455441
1664581443999,40.913324281359216,-73.13257699426802,9.169236201527008,44.0816545356065
1664581445999,40.913324281359216,-73.13257699426802,8.250028892777655,44.0816545356065
1664581447999,40.913324281359216,-73.13257699426802,7.403805180817104,44.0816545356065
1664581449999,40.91333173189464,-73.13255434460008,6.795640724356108,43.98428471479565
1664581451999,40.91333173189464,-73.13255434460008,6.695886826764956,43.98428471479565
1664581453999,40.91330226067907,-73.13255715016547,6.189647191603218,44.04867362603545
1664581454999,40.913302773554435,-73.13256062451846,6.91063600533514,44.05639967788011
1664581455999,40.913296547633145,-73.13256088416053,8.020904831293116,43.94377520587295
1664581456999,40.91329574283716,-73.13257236340897,9.822261167186172,43.85870451852679
1664581457999,40.91329338579977,-73.13256958855408,12.671442963688056,43.93613653443754
1664581458999,40.913302359621035,-73.13256772943686,11.649643814049135,43.96896246634424
1664581459999,40.91334285863216,-73.1325455904347,10.706201790571624,44.0144446156919
1664581460999,40.91333033961165,-73.1325540722046,11.755333040749136,44.1334415813908
1664581461999,40.91332820020445,-73.13255144983097,13.796901335024922,44.05755914468318
1664581462999,40.913350288218666,-73.13260256679973,15.22847725097094,44.31951479520649
1664581463999,40.91334241750743,-73.13259588856495,10.688700394497461,43.96849164925516
1664581464999,40.913327711478956,-73.13257198343777,10.25994729123256,44.0051022330299
1664581465999,40.9133267254654,-73.13255886545143,9.247830888782163,43.942647244781256
1664581466999,40.91331548735683,-73.13256994121025,8.55808755892656,43.90841828286648
1664581468999,40.913315859547275,-73.1325550042204,7.910935242581655,44.00466954894364
1664581469999,40.91330462947304,-73.1325478781983,7.698423359005691,44.005637139081955
1664581470999,40.9133028299394,-73.13254700649819,7.73347043185228,43.96889731101692
1664581472999,40.9133028299394,-73.13254700649819,6.514570724716263,43.96889731101692
1664581473999,40.91329066158978,-73.13251580377771,6.526856953361223,44.181598925963044
1664581474999,40.91329361525639,-73.13251115627924,7.008506029214411,43.942369094118476
1664581475999,40.91329351743067,-73.13251028684226,6.38703757313313,43.95926645770669
1664581476999,40.91329319632593,-73.13250995848172,6.0118399778126355,43.92091352213174
1664581477999,40.91329448806633,-73.13251826750874,6.056914182050562,43.993115403689444
1664581478999,40.91329293408639,-73.13251862055118,5.896773851402691,44.01596221420914
1664581480999,40.91329293408639,-73.13251862055118,5.867628049802674,44.01596221420914
1664581481999,40.91329102929426,-73.13250764745679,5.923134230097219,44.22961140424013
1664581482999,40.91328830353707,-73.13250729720205,6.145760259714231,44.17458052653819
1664581483999,40.913305572512805,-73.13250999886193,5.725338562293758,44.17223260272294
1664581484999,40.91330884932638,-73.13250228723918,6.207947774387065,44.13093795906752
1664581485999,40.91331080417072,-73.13250239348334,7.294835712110599,44.171720505692065
1664581486999,40.91330579273392,-73.13250029825547,8.852868559442067,44.17316914442927
1664581488998,40.91331329355894,-73.13247123437671,7.819443147004856,44.240765895694494
1664581489998,40.913313154664955,-73.13248248807415,8.355247669375956,44.13082266971469
1664581490998,40.91331836016309,-73.13247174616538,9.580882717685895,44.311266887933016
1664581491998,40.91331658162498,-73.13249178699019,10.54564137677404,44.29033201560378
1664581492998,40.91333522321728,-73.1324788862115,11.959274259092918,44.299123007804155
1664581493998,40.91335104551415,-73.13251020087465,7.360816488002354,44.03066550567746
1664581494998,40.91335092795437,-73.13251023117228,6.802256879810109,43.99293544981629
1664581495998,40.91337701077456,-73.13252980304718,6.238113394896686,44.122359414584935
1664581496998,40.913374428685394,-73.13253338033459,6.453019310514309,44.25884158909321
1664581497998,40.91337391324295,-73.13254318426652,6.545444282868519,44.47968449164182
1664581498998,40.91337686247458,-73.13254146828477,6.220721291680444,44.16854444425553
1664581499998,40.91338207570844,-73.13254542223714,7.577681172460704,44.08456085156649
1664581500998,40.91336025606815,-73.13255844563479,6.325749273642214,44.19321432616562
1664581501998,40.91334433122552,-73.13256466014447,6.3898335009410046,44.05417682696134
1664581502998,40.91332627461426,-73.13259225034035,6.031891262853977,44.02079375833273
1664581503998,40.91331648618831,-73.13260622960665,6.143680238717556,44.029919252730906
1664581504998,40.91330523045029,-73.13262065405708,6.500975927589378,43.90390894096345
1664581505998,40.9132997661664,-73.13262781913735,6.912014393224688,43.970586501061916
1664581506998,40.91328160939835,-73.1326515800291,7.706826027968652,43.75025832466781
1664581507998,40.91332477444358,-73.13259982432224,8.399789480132963,43.80092929210514
1664581508998,40.91331778362269,-73.13259062831288,9.802220640586155,43.814823114313185
1664581510998,40.91331778362269,-73.13259062831288,6.2095170945807805,43.814823114313185
1664581512998,40.91331778362269,-73.13259062831288,5.850059682076327,43.814823114313185
1664581513998,40.91335658798442,-73.13252304256348,5.804462391744465,43.93698346987367
1664581514998,40.913352745067485,-73.13253679413413,6.02610832188932,43.81283131893724
1664581515998,40.91335320675563,-73.13253667970828,6.876487506870598,42.01914062630385
1664581516998,40.91335525944023,-73.13253130783322,8.507684064678786,41.48442610912025
1664581517998,40.91335633059023,-73.1325315687538,9.177810889989587,42.73836647346616
1664581518998,40.91335241492402,-73.13252333274215,10.15763348098152,42.6485638525337
1664581519999,40.91336059391705,-73.1325272700408,11.417242382886522,42.839394049718976
1664581520999,40.913402193079214,-73.13253447610295,10.940552854874456,43.060267641209066
1664581521999,40.91344391908927,-73.13253882155443,12.148169227955421,43.504348792135715
1664581522999,40.91341892183848,-73.13257134236265,11.72411640293194,43.524376867339015
1664581523999,40.913412683105015,-73.13256064311337,13.369414869981785,43.42347918730229
1664581524999,40.91344616983061,-73.1325956455362,13.182460822416989,43.45897640567273
1664581525999,40.9134533367897,-73.13260678400515,15.486413832390516,43.53980812244117
1664581526999,40.91345202567048,-73.13260843124132,17.189014707532213,43.60068389493972
1664581527999,40.913452814660275,-73.13261731702215,18.730921249778234,43.83310107514262
1664581528999,40.91345895220623,-73.13262467155374,21.356532058194084,43.62564499117434
1664581529999,40.913415676049304,-73.13255958529422,21.05148591360397,43.98664654698223
1664581530999,40.91348041822986,-73.13258079155143,15.131708474333594,43.79287216439843
1664581531999,40.91349093564059,-73.1325958970892,16.580511557178912,43.660092695616186
1664581532999,40.913500851200965,-73.13260320398938,18.749283353522948,44.18906506989151
1664581533999,40.913513360534154,-73.13261820056844,21.722521821418905,43.73746619839221
1664581534999,40.913531014986305,-73.13262223041775,24.21240427597766,43.46860657911748
1664581535999,40.91352637541204,-73.13261840797055,17.0840481983956,43.56691583991051
1664581537999,40.91352637541204,-73.13261840797055,24.79279644498412,43.56691583991051
1664581538999,40.91352637541204,-73.13261840797055,26.155661267233985,43.56691583991051
1664581540999,40.91352637541204,-73.13261840797055,26.261416477877415,43.56691583991051
1664581542999,40.91352637541204,-73.13261840797055,31.11992785055673,43.56691583991051
1664581544999,40.91352637541204,-73.13261840797055,37.46861120269735,43.56691583991051
1664581546999,40.91352637541204,-73.13261840797055,43.740681069395194,43.56691583991051
1664581548999,40.91352637541204,-73.13261840797055,54.09051699590509,43.56691583991051
1664581550999,40.91352637541204,-73.13261840797055,74.74674172949122,43.56691583991051
1664581552999,40.91352637541204,-73.13261840797055,90.3489976536157,43.56691583991051
1664581554999,40.91352637541204,-73.13261840797055,134.74104070245835,43.56691583991051
1664581555999,40.913488263960076,-73.13258375769914,200.0,43.566925048828125
1664581556999,40.91352637541204,-73.13261840797055,185.40915031813736,43.56691583991051
1664581559019,40.91352637541204,-73.13261840797055,241.76436706438906,43.56691583991051
1664581560999,40.91348944985033,-73.13258483589,241.9462696348414,43.56694793701172
1664581561999,40.91352637541204,-73.13261840797055,340.90037931417595,43.56691583991051
1664581563035,40.91352637541204,-73.13261840797055,379.6986853639958,43.56691583991051
1664581579013,40.91342209549208,-73.13255360590632,10.476639955964595,41.33900451660156
1664581591010,40.91342209549208,-73.13255360590632,10.476639955964595,43.89985275268555
1664581593047,40.91342209549208,-73.13255360590632,10.476639955964595,47.1511116027832
1664581599065,40.91342209549208,-73.13255360590632,10.476639955964595,48.374366760253906
1664581611013,40.91342209549208,-73.13255360590632,10.476639955964595,48.594661712646484
1664581623013,40.91342209549208,-73.13255360590632,10.476639955964595,48.58392333984375
1664581635012,40.91342209549208,-73.13255360590632,10.476639955964595,48.569602966308594
1664581641112,40.91342209549208,-73.13255360590632,10.476639955964595,48.65616989135742
1664581643015,40.913433871212135,-73.13252808630371,10.068531393032599,46.48610022943467
1664581644016,40.913433871212135,-73.13252808630371,9.997716654579813,46.48610022943467
1664581645016,40.913433871212135,-73.13252808630371,10.133710372138458,46.48610022943467
1664581646017,40.913433871212135,-73.13252808630371,10.245815878215046,46.48610022943467
1664581647998,40.913433871212135,-73.13252808630371,10.451304843125449,46.48610022943467
1664581649998,40.913433871212135,-73.13252808630371,10.723579508185205,46.48610022943467
1664581651998,40.913433871212135,-73.13252808630371,10.962882654814248,46.48610022943467
1664581652998,40.9134483581802,-73.13253418656174,11.124927048357769,44.518347227945924
1664581653999,40.913445662899036,-73.13252737274561,9.33711707661051,44.16202330496162
1664581654999,40.91344484378349,-73.1325260682657,10.329840630718106,43.95954982750118
1664581655999,40.913444833996216,-73.13252619236891,9.932080210793552,43.930147673003376
1664581657018,40.913444833996216,-73.13252619236891,9.99768889591247,43.930147673003376
1664581659017,40.913444833996216,-73.13252619236891,10.325153618736284,43.930147673003376
1664581672883,40.91342209549208,-73.13255360590632,10.476639955964595,41.330482482910156
1664581677014,40.91342209549208,-73.13255360590632,10.476639955964595,41.3551139831543
1664581684618,40.91342209549208,-73.13255360590632,10.476639955964595,41.3545036315918
1664581689014,40.91342209549208,-73.13255360590632,10.476639955964595,42.55490493774414
1664581696013,40.91344483251019,-73.13253428908018,11.51206332186881,44.11012498475611
1664581697013,40.913446140945844,-73.13253490710964,12.739240088175302,44.17913952190429
1664581698014,40.91344735631832,-73.13253640588826,14.494431134901197,44.11558960843831
1664581699013,40.91344795582922,-73.13253806620686,12.830323880640819,44.10145831108093
1664581700013,40.91344583216881,-73.13253820043549,12.820971927079498,44.142756005749106
1664581701013,40.91344658857573,-73.13253757205098,13.219986965737576,44.08079888764769
1664581702014,40.91344678458623,-73.13253738349381,11.930210416654994,44.07637902069837
1664581704012,40.91344678458623,-73.13253738349381,10.473019422273882,44.07637902069837
1664581705013,40.91344678458623,-73.13253738349381,10.623768885166864,44.07637902069837
1664581706014,40.91344678458623,-73.13253738349381,10.831258350089314,44.07637902069837
1664581709013,40.91344678458623,-73.13253738349381,11.186643066533103,44.07637902069837
1664581710015,40.91344678458623,-73.13253738349381,11.328052195378282,44.07637902069837
1664581711015,40.91344678458623,-73.13253738349381,11.47132795396446,44.07637902069837
1664581712016,40.91344678458623,-73.13253738349381,11.616216576852255,44.07637902069837
1664581714016,40.91344023465926,-73.13253879028666,9.711408853722908,44.07145306188613
1664581715015,40.91344097993879,-73.13253837725104,10.400095884640217,44.088070455007255
1664581716013,40.91344155594742,-73.1325392377316,12.032641104356825,44.09700090251863
1664581717012,40.91344163234865,-73.13254022594309,13.196437826549012,44.12788989394903
1664581727013,40.91342696362156,-73.13254437366142,31.009864536749,43.998925084248185
1664581728013,40.91342660077199,-73.13254634921438,35.636257805923975,44.07632736675441
1664581729015,40.91342555629451,-73.13255135490289,40.36876884848006,44.1008762633428
1664581730016,40.91342665677004,-73.13255080291646,45.770261158767845,44.0123559916392
1664581731015,40.913427543401504,-73.13255180398914,30.932626457775857,44.08319126907736
1664581749013,40.91342209549208,-73.13255360590632,10.476639955964595,41.82594680786133
1664581761013,40.91342209549208,-73.13255360590632,10.476639955964595,42.704612731933594
1664581762030,40.91342209549208,-73.13255360590632,10.476639955964595,43.63642883300781
1664581768067,40.91342209549208,-73.13255360590632,10.476639955964595,44.3211555480957
1664581774106,40.91342209549208,-73.13255360590632,10.476639955964595,44.599666595458984
1664581786013,40.91342209549208,-73.13255360590632,10.476639955964595,44.83734893798828
1664581798013,40.91342209549208,-73.13255360590632,10.476639955964595,45.59438705444336
1664581810014,40.91342209549208,-73.13255360590632,10.476639955964595,45.7162971496582
1664581822013,40.91342209549208,-73.13255360590632,10.476639955964595,46.019561767578125
1664581834014,40.91342209549208,-73.13255360590632,10.476639955964595,46.073097229003906
1664581846012,40.91342209549208,-73.13255360590632,10.476639955964595,46.277061462402344
1664581858013,40.91342209549208,-73.13255360590632,10.476639955964595,46.30248260498047
1664581870014,40.91342209549208,-73.13255360590632,10.476639955964595,46.53474426269531
1664581882012,40.91342209549208,-73.13255360590632,10.476639955964595,46.43943786621094
1664581894013,40.91342209549208,-73.13255360590632,10.476639955964595,46.45011520385742
1664581906013,40.91342209549208,-73.13255360590632,10.476639955964595,46.463565826416016
1664581918013,40.91342209549208,-73.13255360590632,10.476639955964595,46.47266387939453
1664581930012,40.91342209549208,-73.13255360590632,10.476639955964595,46.61427307128906
1664581942015,40.91342209549208,-73.13255360590632,10.476639955964595,46.628631591796875
1664581948056,40.91342209549208,-73.13255360590632,10.476639955964595,46.796077728271484
1664581954090,40.91342209549208,-73.13255360590632,10.476639955964595,46.84824752807617
1664581966013,40.91342209549208,-73.13255360590632,10.476639955964595,46.979591369628906
1664581978013,40.91342209549208,-73.13255360590632,10.476639955964595,47.071956634521484
1664581990012,40.91342209549208,-73.13255360590632,10.476639955964595,47.07789611816406
1664582002013,40.91342209549208,-73.13255360590632,10.476639955964595,47.14453125
1664582014012,40.91342209549208,-73.13255360590632,10.476639955964595,47.141815185546875
1664582026014,40.91342209549208,-73.13255360590632,10.476639955964595,47.135353088378906
1664582038013,40.91342209549208,-73.13255360590632,10.476639955964595,47.12886047363281
1664582050012,40.91342209549208,-73.13255360590632,10.476639955964595,47.071598052978516
1664582062013,40.91342209549208,-73.13255360590632,10.476639955964595,47.068389892578125
1664582068035,40.91342209549208,-73.13255360590632,10.476639955964595,47.157772064208984
1664582080013,40.91342209549208,-73.13255360590632,10.476639955964595,47.3836669921875
1664582092013,40.91342209549208,-73.13255360590632,10.476639955964595,47.3758659362793
1664582104013,40.91342209549208,-73.13255360590632,10.476639955964595,47.40238952636719
1664582116013,40.91342209549208,-73.13255360590632,10.476639955964595,47.45818328857422
1664582128014,40.91342209549208,-73.13255360590632,10.476639955964595,47.488563537597656
1664582140013,40.91342209549208,-73.13255360590632,10.476639955964595,47.479644775390625
1664582152013,40.91342209549208,-73.13255360590632,10.476639955964595,47.470890045166016
1664582164014,40.91342209549208,-73.13255360590632,10.476639955964595,47.46290588378906
1664582176012,40.91342209549208,-73.13255360590632,10.476639955964595,47.453330993652344
1664582188012,40.91342209549208,-73.13255360590632,10.476639955964595,47.446510314941406
1664582200013,40.91342209549208,-73.13255360590632,10.476639955964595,47.456729888916016
1664582206036,40.91342209549208,-73.13255360590632,10.476639955964595,47.51151657104492
1664582218012,40.91342209549208,-73.13255360590632,10.476639955964595,47.64616394042969
1664582224076,40.91342209549208,-73.13255360590632,10.476639955964595,47.706886291503906
1664582236013,40.91342209549208,-73.13255360590632,10.476639955964595,47.800235748291016
1664582248012,40.91342209549208,-73.13255360590632,10.476639955964595,47.79134750366211
1664582254055,40.91342209549208,-73.13255360590632,10.476639955964595,47.818634033203125
1664582266012,40.91342209549208,-73.13255360590632,10.476639955964595,47.81045150756836
1664582278013,40.91342209549208,-73.13255360590632,10.476639955964595,47.80181121826172
1664582290013,40.91342209549208,-73.13255360590632,10.476639955964595,47.77056121826172
1664582302013,40.91342209549208,-73.13255360590632,10.476639955964595,47.76311492919922
1664582314012,40.91342209549208,-73.13255360590632,10.476639955964595,47.77535629272461
1664582320071,40.91342209549208,-73.13255360590632,10.476639955964595,47.8207893371582
1664582332012,40.91342209549208,-73.13255360590632,10.476639955964595,47.925079345703125
1664582344013,40.91342209549208,-73.13255360590632,10.476639955964595,47.91722106933594
1664582356013,40.91342209549208,-73.13255360590632,10.476639955964595,47.91071701049805
1664582368013,40.91342209549208,-73.13255360590632,10.476639955964595,47.905757904052734
1664582380013,40.91342209549208,-73.13255360590632,10.476639955964595,47.8990364074707
1664582392013,40.91342209549208,-73.13255360590632,10.476639955964595,47.89869689941406
1664582404012,40.91342209549208,-73.13255360590632,10.476639955964595,47.24871063232422
1664582416012,40.91342209549208,-73.13255360590632,10.476639955964595,47.25861740112305
1664582425818,40.91342209549208,-73.13255360590632,10.476639955964595,48.79087448120117
1664582438013,40.91342209549208,-73.13255360590632,10.476639955964595,48.77596664428711
1664582450013,40.91342209549208,-73.13255360590632,10.476639955964595,48.69522476196289
1664582462013,40.91342209549208,-73.13255360590632,10.476639955964595,48.63584518432617
1664582474014,40.91342209549208,-73.13255360590632,10.476639955964595,48.606689453125
1664582486010,40.91342209549208,-73.13255360590632,10.476639955964595,46.927650451660156
1664582498013,40.91342209549208,-73.13255360590632,10.476639955964595,47.020381927490234
1664582504555,40.91342209549208,-73.13255360590632,10.476639955964595,47.343589782714844
1664582517013,40.91342209549208,-73.13255360590632,10.476639955964595,47.229949951171875
1664582529012,40.91342209549208,-73.13255360590632,10.476639955964595,47.16357421875
1664582541012,40.91342209549208,-73.13255360590632,10.476639955964595,47.1200065612793
1664582553013,40.91342209549208,-73.13255360590632,10.476639955964595,47.06344985961914
1664582565013,40.91342209549208,-73.13255360590632,10.476639955964595,47.020198822021484
1664582571026,40.91342209549208,-73.13255360590632,10.476639955964595,47.11911392211914
1664582577060,40.91342209549208,-73.13255360590632,10.476639955964595,47.207618713378906
1664582583308,40.91342209549208,-73.13255360590632,10.476639955964595,47.28727340698242
1664582585954,40.91342209549208,-73.13255360590632,10.476639955964595,47.44684600830078
1664582595012,40.91342209549208,-73.13255360590632,10.476639955964595,47.255496978759766
1664582601042,40.91342209549208,-73.13255360590632,10.476639955964595,47.83693313598633
1664582613013,40.91342209549208,-73.13255360590632,10.476639955964595,47.80717468261719
1664582625013,40.91342209549208,-73.13255360590632,10.476639955964595,47.653770446777344
1664582631058,40.91342209549208,-73.13255360590632,10.476639955964595,48.13239288330078
1664582643012,40.91342209549208,-73.13255360590632,10.476639955964595,48.46807861328125
1664582655013,40.91342209549208,-73.13255360590632,10.476639955964595,48.377750396728516
1664582667013,40.91342209549208,-73.13255360590632,10.476639955964595,48.3323974609375
1664582679011,40.91342209549208,-73.13255360590632,10.476639955964595,48.27054214477539
1664582691012,40.91342209549208,-73.13255360590632,10.476639955964595,48.21541213989258
1664582703012,40.91342209549208,-73.13255360590632,10.476639955964595,48.164344787597656
1664582715012,40.91342209549208,-73.13255360590632,10.476639955964595,48.11707305908203
1664582727013,40.91342209549208,-73.13255360590632,10.476639955964595,48.110877990722656
1664582739013,40.91342209549208,-73.13255360590632,10.476639955964595,48.07166290283203
1664582751013,40.91342209549208,-73.13255360590632,10.476639955964595,48.03851318359375
1664582763017,40.91342209549208,-73.13255360590632,10.476639955964595,48.034088134765625
1664582769125,40.91342209549208,-73.13255360590632,10.476639955964595,48.13402557373047
1664582781012,40.91342209549208,-73.13255360590632,10.476639955964595,48.26808166503906
1664582793012,40.91342209549208,-73.13255360590632,10.476639955964595,48.23957443237305
1664582805013,40.91342209549208,-73.13255360590632,10.476639955964595,48.214168548583984
1664582817013,40.91342209549208,-73.13255360590632,10.476639955964595,48.190059661865234
1664582829013,40.91342209549208,-73.13255360590632,10.476639955964595,48.164493560791016
1664582841012,40.91342209549208,-73.13255360590632,10.476639955964595,48.1399040222168
1664582853013,40.91342209549208,-73.13255360590632,10.476639955964595,47.4040641784668
1664582865013,40.91342209549208,-73.13255360590632,10.476639955964595,47.62177276611328
1664582877013,40.91342209549208,-73.13255360590632,10.476639955964595,47.862361907958984
1664582889013,40.91342209549208,-73.13255360590632,10.476639955964595,48.01161575317383
1664582901012,40.91342209549208,-73.13255360590632,10.476639955964595,47.935543060302734
1664582913013,40.91342209549208,-73.13255360590632,10.476639955964595,47.954803466796875
1664582925013,40.91342209549208,-73.13255360590632,10.476639955964595,48.01569366455078
1664582937013,40.91342209549208,-73.13255360590632,10.476639955964595,47.98147964477539
1664582949013,40.91342209549208,-73.13255360590632,10.476639955964595,47.93349075317383
1664582961013,40.91342209549208,-73.13255360590632,10.476639955964595,47.88953399658203
1664582967125,40.91342209549208,-73.13255360590632,10.476639955964595,47.98211669921875
1664582979013,40.91342209549208,-73.13255360590632,10.476639955964595,48.12547302246094
1664582991013,40.91342209549208,-73.13255360590632,10.476639955964595,48.15364074707031
1664583003013,40.91342209549208,-73.13255360590632,10.476639955964595,48.12335205078125
1664583015013,40.91342209549208,-73.13255360590632,10.476639955964595,48.11531448364258
1664583027013,40.91342209549208,-73.13255360590632,10.476639955964595,48.1322135925293
1664583039014,40.91342209549208,-73.13255360590632,10.476639955964595,48.14598083496094
1664583051014,40.91342209549208,-73.13255360590632,10.476639955964595,48.12153625488281
1664583063016,40.91342209549208,-73.13255360590632,10.476639955964595,48.11347961425781
1664583075013,40.91342209549208,-73.13255360590632,10.476639955964595,48.09309387207031
1664583087013,40.91342209549208,-73.13255360590632,10.476639955964595,48.07389831542969
1664583098779,40.91342209549208,-73.13255360590632,10.476639955964595,48.11199951171875
1664583105127,40.91342209549208,-73.13255360590632,10.476639955964595,48.124507904052734
1664583117014,40.91342209549208,-73.13255360590632,10.476639955964595,48.2252311706543
1664583129014,40.91342209549208,-73.13255360590632,10.476639955964595,48.21122360229492
1664583141015,40.91342209549208,-73.13255360590632,10.476639955964595,48.208919525146484
1664583153014,40.91342209549208,-73.13255360590632,10.476639955964595,48.21236801147461
1664583165013,40.91342209549208,-73.13255360590632,10.476639955964595,48.221641540527344
1664583171057,40.91342209549208,-73.13255360590632,10.476639955964595,48.262611389160156
1664583183038,40.91342209549208,-73.13255360590632,10.476639955964595,48.343441009521484
1664583195015,40.91342209549208,-73.13255360590632,10.476639955964595,48.33012390136719
1664583207015,40.91342209549208,-73.13255360590632,10.476639955964595,48.32411193847656
1664583219014,40.91342209549208,-73.13255360590632,10.476639955964595,48.326751708984375
1664583231015,40.91342209549208,-73.13255360590632,10.476639955964595,48.329410552978516
1664583243014,40.91342209549208,-73.13255360590632,10.476639955964595,48.318328857421875
1664583255012,40.91342209549208,-73.13255360590632,10.476639955964595,48.314292907714844
1664583261054,40.91342209549208,-73.13255360590632,10.476639955964595,48.340087890625
1664583273014,40.91342209549208,-73.13255360590632,10.476639955964595,48.38832473754883
1664583279069,40.91342209549208,-73.13255360590632,10.476639955964595,48.391197204589844
1664583291015,40.91342209549208,-73.13255360590632,10.476639955964595,48.38460159301758
1664583303015,40.91342209549208,-73.13255360590632,10.476639955964595,48.37458801269531
1664583315014,40.91342209549208,-73.13255360590632,10.476639955964595,48.36833572387695
1664583321066,40.91342209549208,-73.13255360590632,10.476639955964595,48.38745880126953
1664583333013,40.91342209549208,-73.13255360590632,10.476639955964595,48.4251708984375
1664583345014,40.91342209549208,-73.13255360590632,10.476639955964595,48.416015625
1664583357014,40.91342209549208,-73.13255360590632,10.476639955964595,48.41069030761719
1664583369014,40.91342209549208,-73.13255360590632,10.476639955964595,48.40864944458008
1664583381015,40.91342209549208,-73.13255360590632,10.476639955964595,48.40541076660156
1664583393015,40.91342209549208,-73.13255360590632,10.476639955964595,48.40447235107422
1664583405014,40.91342209549208,-73.13255360590632,10.476639955964595,48.39609146118164
1664583417015,40.91342209549208,-73.13255360590632,10.476639955964595,48.38793182373047
1664583429014,40.91342209549208,-73.13255360590632,10.476639955964595,48.3806037902832
1664583441015,40.91342209549208,-73.13255360590632,10.476639955964595,48.37340545654297
1664583453014,40.91342209549208,-73.13255360590632,10.476639955964595,48.3672981262207
1664583465015,40.91342209549208,-73.13255360590632,10.476639955964595,48.359432220458984
1664583477014,40.91342209549208,-73.13255360590632,10.476639955964595,48.353729248046875
1664583489015,40.91342209549208,-73.13255360590632,10.476639955964595,48.34623718261719
1664583501015,40.91342209549208,-73.13255360590632,10.476639955964595,48.33927536010742
1664583513015,40.91342209549208,-73.13255360590632,10.476639955964595,48.332550048828125
1664583525015,40.91342209549208,-73.13255360590632,10.476639955964595,48.327579498291016
1664583537015,40.91342209549208,-73.13255360590632,10.476639955964595,48.320640563964844
1664583549016,40.91342209549208,-73.13255360590632,10.476639955964595,48.31627655029297
1664583560889,40.91342209549208,-73.13255360590632,10.476639955964595,48.32809066772461
1664583567109,40.91342209549208,-73.13255360590632,10.476639955964595,48.327720642089844
1664583579016,40.91342209549208,-73.13255360590632,10.476639955964595,48.347389221191406
1664583591015,40.91342209549208,-73.13255360590632,10.476639955964595,48.349388122558594
1664583603016,40.91342209549208,-73.13255360590632,10.476639955964595,48.34221649169922
1664583615015,40.91342209549208,-73.13255360590632,10.476639955964595,48.3360595703125
1664583627015,40.91342209549208,-73.13255360590632,10.476639955964595,48.32978439331055
1664583631189,40.91342209549208,-73.13255360590632,10.476639955964595,48.33824920654297
1664583639015,40.91342209549208,-73.13255360590632,10.476639955964595,48.326148986816406
1664583651015,40.91342209549208,-73.13255360590632,10.476639955964595,48.31977844238281
1664583663018,40.91342209549208,-73.13255360590632,10.476639955964595,48.313777923583984
1664583675016,40.91342209549208,-73.13255360590632,10.476639955964595,48.30942153930664
1664583687016,40.91342209549208,-73.13255360590632,10.476639955964595,48.30329895019531
1664583699016,40.91342209549208,-73.13255360590632,10.476639955964595,48.29762649536133
1664583711015,40.91342209549208,-73.13255360590632,10.476639955964595,48.29299545288086
1664583723016,40.91342209549208,-73.13255360590632,10.476639955964595,48.28733825683594
1664583735015,40.91342209549208,-73.13255360590632,10.476639955964595,48.28176498413086
1664583747015,40.91342209549208,-73.13255360590632,10.476639955964595,48.27610397338867
1664583759016,40.91342209549208,-73.13255360590632,10.476639955964595,48.271034240722656
1664583771015,40.91342209549208,-73.13255360590632,10.476639955964595,48.26545333862305
1664583783040,40.91342209549208,-73.13255360590632,10.476639955964595,48.25987243652344
1664583795015,40.91342209549208,-73.13255360590632,10.476639955964595,48.256004333496094
1664583801126,40.91342209549208,-73.13255360590632,10.476639955964595,48.26737976074219
1664583813016,40.91342209549208,-73.13255360590632,10.476639955964595,48.2874755859375
1664583825015,40.91342209549208,-73.13255360590632,10.476639955964595,48.28211975097656
1664583837015,40.91342209549208,-73.13255360590632,10.476639955964595,48.276824951171875
1664583849015,40.91342209549208,-73.13255360590632,10.476639955964595,48.27283477783203
1664583861016,40.91342209549208,-73.13255360590632,10.476639955964595,48.27156448364258
1664583872652,40.91342209549208,-73.13255360590632,10.476639955964595,48.272212982177734
1664583885015,40.91342209549208,-73.13255360590632,10.476639955964595,48.26266860961914
1664583897014,40.91342209549208,-73.13255360590632,10.476639955964595,48.25742721557617
1664583909016,40.91342209549208,-73.13255360590632,10.476639955964595,48.25273513793945
1664583921016,40.91342209549208,-73.13255360590632,10.476639955964595,48.24794006347656
1664583933015,40.91342209549208,-73.13255360590632,10.476639955964595,48.24330520629883
1664583945016,40.91342209549208,-73.13255360590632,10.476639955964595,48.23874282836914
1664583957015,40.91342209549208,-73.13255360590632,10.476639955964595,48.234214782714844
1664583969015,40.91342209549208,-73.13255360590632,10.476639955964595,48.22947692871094
1664583981016,40.91342209549208,-73.13255360590632,10.476639955964595,48.225013732910156
1664583993016,40.91342209549208,-73.13255360590632,10.476639955964595,48.220298767089844
1664584005015,40.91342209549208,-73.13255360590632,10.476639955964595,48.21532440185547
1664584017016,40.91342209549208,-73.13255360590632,10.476639955964595,48.21038055419922
1664584029015,40.91342209549208,-73.13255360590632,10.476639955964595,48.20556640625
1664584041016,40.91342209549208,-73.13255360590632,10.476639955964595,48.20256042480469
1664584053016,40.91342209549208,-73.13255360590632,10.476639955964595,48.19783020019531
1664584065016,40.91342209549208,-73.13255360590632,10.476639955964595,48.193084716796875
1664584077016,40.91342209549208,-73.13255360590632,10.476639955964595,48.18867111206055
1664584089015,40.91342209549208,-73.13255360590632,10.476639955964595,48.18442916870117
1664584101016,40.91342209549208,-73.13255360590632,10.476639955964595,48.18207550048828
1664584107129,40.91342209549208,-73.13255360590632,10.476639955964595,48.19227600097656
1664584119016,40.91342209549208,-73.13255360590632,10.476639955964595,48.213172912597656
1664584131016,40.91342209549208,-73.13255360590632,10.476639955964595,48.215065002441406
1664584143016,40.91342209549208,-73.13255360590632,10.476639955964595,48.215240478515625
1664584155016,40.91342209549208,-73.13255360590632,10.476639955964595,48.211124420166016
1664584167010,40.91342209549208,-73.13255360590632,10.476639955964595,48.207645416259766
1664584179002,40.91342209549208,-73.13255360590632,10.476639955964595,48.20363998413086
1664584190998,40.91342209549208,-73.13255360590632,10.476639955964595,48.19956588745117
1664584202997,40.91342209549208,-73.13255360590632,10.476639955964595,48.195579528808594
1664584209265,40.91342209549208,-73.13255360590632,10.476639955964595,48.19670104980469
1664584220997,40.91342209549208,-73.13255360590632,10.476639955964595,48.19496536254883
1664584232996,40.91342209549208,-73.13255360590632,10.476639955964595,48.1910514831543
1664584244996,40.91342209549208,-73.13255360590632,10.476639955964595,48.188079833984375
1664584256996,40.91342209549208,-73.13255360590632,10.476639955964595,48.18497848510742
1664584268996,40.91342209549208,-73.13255360590632,10.476639955964595,48.18122863769531
1664584280995,40.91342209549208,-73.13255360590632,10.476639955964595,48.1774787902832
1664584292995,40.91342209549208,-73.13255360590632,10.476639955964595,48.173622131347656
1664584304995,40.91342209549208,-73.13255360590632,10.476639955964595,48.1700439453125
1664584316996,40.91342209549208,-73.13255360590632,10.476639955964595,48.16637420654297
1664584328995,40.91342209549208,-73.13255360590632,10.476639955964595,48.16273498535156
1664584340994,40.91342209549208,-73.13255360590632,10.476639955964595,48.161170959472656
1664584352995,40.91342209549208,-73.13255360590632,10.476639955964595,48.162925720214844
1664584364994,40.91342209549208,-73.13255360590632,10.476639955964595,48.15925216674805
1664584376995,40.91342209549208,-73.13255360590632,10.476639955964595,48.15557861328125
1664584388994,40.91342209549208,-73.13255360590632,10.476639955964595,48.154296875
1664584400995,40.91342209549208,-73.13255360590632,10.476639955964595,48.1559944152832
1664584412995,40.91342209549208,-73.13255360590632,10.476639955964595,48.15241241455078
1664584424994,40.91342209549208,-73.13255360590632,10.476639955964595,48.14906311035156
1664584436994,40.91342209549208,-73.13255360590632,10.476639955964595,48.14615249633789
1664584448994,40.91342209549208,-73.13255360590632,10.476639955964595,48.14264678955078
1664584460994,40.91342209549208,-73.13255360590632,10.476639955964595,48.13933563232422
1664584472685,40.91342209549208,-73.13255360590632,10.476639955964595,48.13999938964844
1664584484994,40.91342209549208,-73.13255360590632,10.476639955964595,48.132080078125
1664584496993,40.91342209549208,-73.13255360590632,10.476639955964595,48.128807067871094
1664584508993,40.91342209549208,-73.13255360590632,10.476639955964595,48.12532043457031
1664584520993,40.91342209549208,-73.13255360590632,10.476639955964595,48.12189483642578
1664584532994,40.91342209549208,-73.13255360590632,10.476639955964595,48.12049102783203
1664584544993,40.91342209549208,-73.13255360590632,10.476639955964595,48.11716079711914
1664584556993,40.91342209549208,-73.13255360590632,10.476639955964595,48.11391067504883
1664584568993,40.91342209549208,-73.13255360590632,10.476639955964595,48.11052703857422
1664584580993,40.91342209549208,-73.13255360590632,10.476639955964595,48.10735321044922
1664584583431,40.91342209549208,-73.13255360590632,10.476639955964595,48.5389404296875
1664584587022,40.91342209549208,-73.13255360590632,10.476639955964595,49.03456115722656
1664584598992,40.91342209549208,-73.13255360590632,10.476639955964595,48.915016174316406
1664584610993,40.91342209549208,-73.13255360590632,10.476639955964595,48.83528137207031
1664584622993,40.91342209549208,-73.13255360590632,10.476639955964595,48.772422790527344
1664584634992,40.91342209549208,-73.13255360590632,10.476639955964595,48.718135833740234
1664584646992,40.91342209549208,-73.13255360590632,10.476639955964595,48.670997619628906
1664584658993,40.91342209549208,-73.13255360590632,10.476639955964595,48.58487319946289
1664584665104,40.91342209549208,-73.13255360590632,10.476639955964595,48.58570098876953
1664584676992,40.91342209549208,-73.13255360590632,10.476639955964595,48.55575180053711
1664584688992,40.91342209549208,-73.13255360590632,10.476639955964595,48.524818420410156
1664584700992,40.91342209549208,-73.13255360590632,10.476639955964595,48.49154281616211
1664584712992,40.91342209549208,-73.13255360590632,10.476639955964595,48.4708251953125
1664584719077,40.91342209549208,-73.13255360590632,10.476639955964595,48.50553894042969
1664584730992,40.91342209549208,-73.13255360590632,10.476639955964595,48.548919677734375
1664584742991,40.91342209549208,-73.13255360590632,10.476639955964595,48.51974105834961
1664584754991,40.91342209549208,-73.13255360590632,10.476639955964595,48.49905014038086
1664584766991,40.91342209549208,-73.13255360590632,10.476639955964595,48.47844314575195
1664584778991,40.91342209549208,-73.13255360590632,10.476639955964595,48.45969772338867
1664584790990,40.91342209549208,-73.13255360590632,10.476639955964595,48.43927764892578
1664584802991,40.91342209549208,-73.13255360590632,10.476639955964595,48.42115783691406
1664584814991,40.91342209549208,-73.13255360590632,10.476639955964595,48.405582427978516
1664584821101,40.91342209549208,-73.13255360590632,10.476639955964595,48.42845153808594
1664584832991,40.91342209549208,-73.13255360590632,10.476639955964595,48.46485900878906
1664584844991,40.91342209549208,-73.13255360590632,10.476639955964595,48.4575080871582
1664584856991,40.91342209549208,-73.13255360590632,10.476639955964595,48.44648361206055
1664584868991,40.91342209549208,-73.13255360590632,10.476639955964595,48.43479537963867
1664584880990,40.91342209549208,-73.13255360590632,10.476639955964595,48.42447280883789
1664584892262,40.91342209549208,-73.13255360590632,10.476639955964595,48.428558349609375
1664584893391,40.91342209549208,-73.13255360590632,10.476639955964595,48.415504455566406
1664584903794,40.91342209549208,-73.13255360590632,10.476639955964595,48.414894104003906
1664584904990,40.91342209549208,-73.13255360590632,10.476639955964595,48.40046310424805
1664584916990,40.91342209549208,-73.13255360590632,10.476639955964595,48.390625
1664584928990,40.91342209549208,-73.13255360590632,10.476639955964595,48.382484436035156
1664584940990,40.91342209549208,-73.13255360590632,10.476639955964595,48.370513916015625
1664584952990,40.91342209549208,-73.13255360590632,10.476639955964595,48.361366271972656
1664584959019,40.91342209549208,-73.13255360590632,10.476639955964595,48.3796272277832
1664584970990,40.91342209549208,-73.13255360590632,10.476639955964595,48.420555114746094
1664584983009,40.91342209549208,-73.13255360590632,10.476639955964595,48.40961456298828
1664584994989,40.91342209549208,-73.13255360590632,10.476639955964595,48.399253845214844
1664585006990,40.91342209549208,-73.13255360590632,10.476639955964595,48.38932418823242
1664585018990,40.91342209549208,-73.13255360590632,10.476639955964595,48.38055419921875
1664585030990,40.91342209549208,-73.13255360590632,10.476639955964595,48.370601654052734
1664585042989,40.91342209549208,-73.13255360590632,10.476639955964595,48.36045837402344
1664585054918,40.91342209549208,-73.13255360590632,10.476639955964595,48.352760314941406
1664585066917,40.91342209549208,-73.13255360590632,10.476639955964595,48.34568786621094
1664585078916,40.91342209549208,-73.13255360590632,10.476639955964595,48.33858871459961
1664585090917,40.91342209549208,-73.13255360590632,10.476639955964595,48.32957077026367
1664585096979,40.91342209549208,-73.13255360590632,10.476639955964595,48.34030532836914
1664585108917,40.91342209549208,-73.13255360590632,10.476639955964595,48.33108139038086
1664585120916,40.91342209549208,-73.13255360590632,10.476639955964595,48.32265090942383
1664585126996,40.91342209549208,-73.13255360590632,10.476639955964595,48.33248519897461
1664585133085,40.91342209549208,-73.13255360590632,10.476639955964595,48.33586502075195
1664585144916,40.91342209549208,-73.13255360590632,10.476639955964595,48.33338165283203
1664585156916,40.91342209549208,-73.13255360590632,10.476639955964595,48.32710266113281
1664585168915,40.91342209549208,-73.13255360590632,10.476639955964595,48.320472717285156
1664585180917,40.91342209549208,-73.13255360590632,10.476639955964595,48.317440032958984
1664585192912,40.91342209549208,-73.13255360590632,10.476639955964595,48.3093376159668
1664585203826,40.91342209549208,-73.13255360590632,10.476639955964595,48.31920623779297
1664585204915,40.91342209549208,-73.13255360590632,10.476639955964595,48.304237365722656
1664585216915,40.91342209549208,-73.13255360590632,10.476639955964595,48.298641204833984
1664585228916,40.91342209549208,-73.13255360590632,10.476639955964595,48.291282653808594
1664585240915,40.91342209549208,-73.13255360590632,10.476639955964595,48.284873962402344
1664585252915,40.91342209549208,-73.13255360590632,10.476639955964595,48.27739334106445
1664585264915,40.91342209549208,-73.13255360590632,10.476639955964595,48.27042770385742
1664585276915,40.91342209549208,-73.13255360590632,10.476639955964595,48.26338195800781
1664585288914,40.91342209549208,-73.13255360590632,10.476639955964595,48.256591796875
1664585300914,40.91342209549208,-73.13255360590632,10.476639955964595,48.25199508666992
1664585312915,40.91342209549208,-73.13255360590632,10.476639955964595,48.24923324584961
1664585324915,40.91342209549208,-73.13255360590632,10.476639955964595,48.25107192993164
1664585336914,40.91342209549208,-73.13255360590632,10.476639955964595,48.249874114990234
1664585348908,40.91342209549208,-73.13255360590632,10.476639955964595,48.249839782714844
1664585360914,40.91342209549208,-73.13255360590632,10.476639955964595,48.24766159057617
1664585372914,40.91342209549208,-73.13255360590632,10.476639955964595,48.240901947021484
1664585379104,40.91342209549208,-73.13255360590632,10.476639955964595,48.2470817565918
1664585390914,40.91342209549208,-73.13255360590632,10.476639955964595,48.26182556152344
1664585402915,40.91342209549208,-73.13255360590632,10.476639955964595,48.2560920715332
1664585414914,40.91342209549208,-73.13255360590632,10.476639955964595,48.250160217285156
1664585426914,40.91342209549208,-73.13255360590632,10.476639955964595,48.24565124511719
1664585438913,40.91342209549208,-73.13255360590632,10.476639955964595,48.2398796081543
1664585450913,40.91342209549208,-73.13255360590632,10.476639955964595,48.23477554321289
1664585462913,40.91342209549208,-73.13255360590632,10.476639955964595,48.2320671081543
1664585474913,40.91342209549208,-73.13255360590632,10.476639955964595,48.23320007324219
1664585486913,40.91342209549208,-73.13255360590632,10.476639955964595,48.234798431396484
1664585498912,40.91342209549208,-73.13255360590632,10.476639955964595,48.235130310058594
1664585510914,40.91342209549208,-73.13255360590632,10.476639955964595,48.23518371582031
1664585522913,40.91342209549208,-73.13255360590632,10.476639955964595,48.229793548583984
1664585534912,40.91342209549208,-73.13255360590632,10.476639955964595,48.22464370727539
1664585546912,40.91342209549208,-73.13255360590632,10.476639955964595,48.22210693359375
1664585558913,40.91342209549208,-73.13255360590632,10.476639955964595,48.21693420410156
1664585570913,40.91342209549208,-73.13255360590632,10.476639955964595,48.21472930908203
1664585582912,40.91342209549208,-73.13255360590632,10.476639955964595,48.21522903442383
1664585594912,40.91342209549208,-73.13255360590632,10.476639955964595,48.21160888671875
1664585606913,40.91342209549208,-73.13255360590632,10.476639955964595,48.209747314453125
1664585618912,40.91342209549208,-73.13255360590632,10.476639955964595,48.20524597167969
1664585630912,40.91342209549208,-73.13255360590632,10.476639955964595,48.20065689086914
1664585642912,40.91342209549208,-73.13255360590632,10.476639955964595,48.197086334228516
1664585654912,40.91342209549208,-73.13255360590632,10.476639955964595,48.19264602661133
1664585666911,40.91342209549208,-73.13255360590632,10.476639955964595,48.18791198730469
1664585678911,40.91342209549208,-73.13255360590632,10.476639955964595,48.18440628051758
1664585690911,40.91342209549208,-73.13255360590632,10.476639955964595,48.18000411987305
1664585696977,40.91342209549208,-73.13255360590632,10.476639955964595,48.18162536621094
1664585703036,40.91342209549208,-73.13255360590632,10.476639955964595,48.18324279785156
1664585714911,40.91342209549208,-73.13255360590632,10.476639955964595,48.18062973022461
1664585726911,40.91342209549208,-73.13255360590632,10.476639955964595,48.18142318725586
1664585738911,40.91342209549208,-73.13255360590632,10.476639955964595,48.18203353881836
1664585750911,40.91342209549208,-73.13255360590632,10.476639955964595,48.184547424316406
1664585762911,40.91342209549208,-73.13255360590632,10.476639955964595,48.1865234375
1664585774911,40.91342209549208,-73.13255360590632,10.476639955964595,48.187896728515625
1664585786910,40.91342209549208,-73.13255360590632,10.476639955964595,48.18356704711914
1664585793022,40.91342209549208,-73.13255360590632,10.476639955964595,48.190269470214844
1664585803880,40.91342209549208,-73.13255360590632,10.476639955964595,48.21250915527344
1664585804910,40.91342209549208,-73.13255360590632,10.476639955964595,48.2020149230957
1664585816910,40.91342209549208,-73.13255360590632,10.476639955964595,48.20119857788086
1664585828910,40.91342209549208,-73.13255360590632,10.476639955964595,48.20051193237305
1664585840910,40.91342209549208,-73.13255360590632,10.476639955964595,48.200313568115234
1664585847021,40.91342209549208,-73.13255360590632,10.476639955964595,48.210262298583984
1664585858909,40.91342209549208,-73.13255360590632,10.476639955964595,48.22749710083008
1664585870909,40.91342209549208,-73.13255360590632,10.476639955964595,48.22914505004883
1664585882910,40.91342209549208,-73.13255360590632,10.476639955964595,48.22987365722656
1664585894909,40.91342209549208,-73.13255360590632,10.476639955964595,48.22932052612305
1664585906909,40.91342209549208,-73.13255360590632,10.476639955964595,48.229312896728516
1664585918910,40.91342209549208,-73.13255360590632,10.476639955964595,48.2254638671875
1664585930910,40.91342209549208,-73.13255360590632,10.476639955964595,48.22225570678711
1664585942909,40.91342209549208,-73.13255360590632,10.476639955964595,48.2212028503418
1664585954909,40.91342209549208,-73.13255360590632,10.476639955964595,48.22139358520508
1664585966908,40.91342209549208,-73.13255360590632,10.476639955964595,48.21820831298828
1664585978909,40.91342209549208,-73.13255360590632,10.476639955964595,48.21562957763672
1664585985025,40.91342209549208,-73.13255360590632,10.476639955964595,48.222373962402344
1664585996908,40.91342209549208,-73.13255360590632,10.476639955964595,48.2340087890625
1664586008909,40.91342209549208,-73.13255360590632,10.476639955964595,48.234500885009766
1664586020909,40.91342209549208,-73.13255360590632,10.476639955964595,48.234352111816406
1664586032908,40.91342209549208,-73.13255360590632,10.476639955964595,48.2307243347168
1664586044907,40.91342209549208,-73.13255360590632,10.476639955964595,48.228363037109375
1664586056907,40.91342209549208,-73.13255360590632,10.476639955964595,48.227577209472656
1664586068908,40.91342209549208,-73.13255360590632,10.476639955964595,48.227787017822266
1664586080908,40.91342209549208,-73.13255360590632,10.476639955964595,48.22435760498047
1664586092907,40.91342209549208,-73.13255360590632,10.476639955964595,48.221553802490234
1664586103915,40.91342209549208,-73.13255360590632,10.476639955964595,48.22711944580078
1664586105315,40.91342209549208,-73.13255360590632,10.476639955964595,48.22200393676758
1664586116906,40.91342209549208,-73.13255360590632,10.476639955964595,48.21763229370117
1664586128907,40.91342209549208,-73.13255360590632,10.476639955964595,48.214664459228516
1664586140907,40.91342209549208,-73.13255360590632,10.476639955964595,48.214019775390625
1664586152904,40.91342209549208,-73.13255360590632,10.476639955964595,48.21404266357422
1664586164907,40.91342209549208,-73.13255360590632,10.476639955964595,48.2106819152832
1664586176907,40.91342209549208,-73.13255360590632,10.476639955964595,48.20860290527344
1664586183325,40.91342209549208,-73.13255360590632,10.476639955964595,48.21487045288086
1664586194906,40.91342209549208,-73.13255360590632,10.476639955964595,48.22883987426758
1664586200955,40.91342209549208,-73.13255360590632,10.476639955964595,48.23741149902344
1664586212906,40.91342209549208,-73.13255360590632,10.476639955964595,48.25178146362305
1664586219069,40.91342209549208,-73.13255360590632,10.476639955964595,48.25974655151367
1664586230906,40.91342209549208,-73.13255360590632,10.476639955964595,48.275054931640625
1664586236992,40.91342209549208,-73.13255360590632,10.476639955964595,48.283111572265625
1664586248905,40.91342209549208,-73.13255360590632,10.476639955964595,48.29884719848633
1664586260906,40.91342209549208,-73.13255360590632,10.476639955964595,48.299705505371094
1664586272906,40.91342209549208,-73.13255360590632,10.476639955964595,48.299354553222656
1664586279017,40.91342209549208,-73.13255360590632,10.476639955964595,48.30724334716797
1664586290906,40.91342209549208,-73.13255360590632,10.476639955964595,48.3203125
1664586302906,40.91342209549208,-73.13255360590632,10.476639955964595,48.316707611083984
1664586314906,40.91342209549208,-73.13255360590632,10.476639955964595,48.31340026855469
1664586326906,40.91342209549208,-73.13255360590632,10.476639955964595,48.30961990356445
1664586338906,40.91342209549208,-73.13255360590632,10.476639955964595,48.30585861206055
1664586350905,40.91342209549208,-73.13255360590632,10.476639955964595,48.30364990234375
1664586356935,40.91342209549208,-73.13255360590632,10.476639955964595,48.31037902832031
1664586368905,40.91342209549208,-73.13255360590632,10.476639955964595,48.323787689208984
1664586380906,40.91342209549208,-73.13255360590632,10.476639955964595,48.32111358642578
1664586392913,40.91342209549208,-73.13255360590632,10.476639955964595,48.31819152832031
1664586399025,40.91342209549208,-73.13255360590632,10.476639955964595,48.32322692871094
1664586410915,40.91342209549208,-73.13255360590632,10.476639955964595,48.33150100708008
1664586422917,40.91342209549208,-73.13255360590632,10.476639955964595,48.32802963256836
1664586434917,40.91342209549208,-73.13255360590632,10.476639955964595,48.3248291015625
1664586446917,40.91342209549208,-73.13255360590632,10.476639955964595,48.32102584838867
1664586458917,40.91342209549208,-73.13255360590632,10.476639955964595,48.31996154785156
1664586470917,40.91342209549208,-73.13255360590632,10.476639955964595,48.31995391845703
1664586482916,40.91342209549208,-73.13255360590632,10.476639955964595,48.31956100463867
1664586494917,40.91342209549208,-73.13255360590632,10.476639955964595,48.31565475463867
1664586506917,40.91342209549208,-73.13255360590632,10.476639955964595,48.31302261352539
1664586518917,40.91342209549208,-73.13255360590632,10.476639955964595,48.31254577636719
1664586530917,40.91342209549208,-73.13255360590632,10.476639955964595,48.309112548828125
1664586542917,40.91342209549208,-73.13255360590632,10.476639955964595,48.30696105957031
1664586554917,40.91342209549208,-73.13255360590632,10.476639955964595,48.303646087646484
1664586566917,40.91342209549208,-73.13255360590632,10.476639955964595,48.30061340332031
1664586578916,40.91342209549208,-73.13255360590632,10.476639955964595,48.298465728759766
1664586590917,40.91342209549208,-73.13255360590632,10.476639955964595,48.2950553894043
1664586602916,40.91342209549208,-73.13255360590632,10.476639955964595,48.29169464111328
1664586608999,40.91342209549208,-73.13255360590632,10.476639955964595,48.29585266113281
1664586620917,40.91342209549208,-73.13255360590632,10.476639955964595,48.302127838134766
1664586629913,40.91342209549208,-73.13255360590632,10.476639955964595,49.03583908081055
1664586641917,40.91342209549208,-73.13255360590632,10.476639955964595,48.94051742553711
1664586653916,40.91342209549208,-73.13255360590632,10.476639955964595,48.887535095214844
1664586665916,40.91342209549208,-73.13255360590632,10.476639955964595,48.82394790649414
1664586677916,40.91342209549208,-73.13255360590632,10.476639955964595,48.78006362915039
1664586689916,40.91342209549208,-73.13255360590632,10.476639955964595,48.74073028564453
1664586701908,40.91342209549208,-73.13255360590632,10.476639955964595,48.69635009765625
1664586713917,40.91342209549208,-73.13255360590632,10.476639955964595,48.65761947631836
1664586725916,40.91342209549208,-73.13255360590632,10.476639955964595,48.62632751464844
1664586737915,40.91342209549208,-73.13255360590632,10.476639955964595,48.5975341796875
1664586749916,40.91342209549208,-73.13255360590632,10.476639955964595,48.5684700012207
1664586761916,40.91342209549208,-73.13255360590632,10.476639955964595,48.5438117980957
1664586773916,40.91342209549208,-73.13255360590632,10.476639955964595,48.520668029785156
1664586785916,40.91342209549208,-73.13255360590632,10.476639955964595,48.49653625488281
1664586797916,40.91342209549208,-73.13255360590632,10.476639955964595,48.4736213684082
1664586809916,40.91342209549208,-73.13255360590632,10.476639955964595,48.45169448852539
1664586821916,40.91342209549208,-73.13255360590632,10.476639955964595,48.429683685302734
1664586828873,40.91342209549208,-73.13255360590632,10.476639955964595,48.45535659790039
1664586839915,40.91342209549208,-73.13255360590632,10.476639955964595,48.414756774902344
1664586851916,40.91342209549208,-73.13255360590632,10.476639955964595,48.40489959716797
1664586863916,40.91342209549208,-73.13255360590632,10.476639955964595,48.38477325439453
1664586875916,40.91342209549208,-73.13255360590632,10.476639955964595,48.371646881103516
1664586887914,40.91342209549208,-73.13255360590632,10.476639955964595,48.35316848754883
1664586899915,40.91342209549208,-73.13255360590632,10.476639955964595,48.34023666381836
1664586911915,40.91342209549208,-73.13255360590632,10.476639955964595,48.337303161621094
1664586923915,40.91342209549208,-73.13255360590632,10.476639955964595,48.32040023803711
1664586935915,40.91342209549208,-73.13255360590632,10.476639955964595,48.311622619628906
1664586947915,40.91342209549208,-73.13255360590632,10.476639955964595,48.3123893737793
1664586959915,40.91342209549208,-73.13255360590632,10.476639955964595,48.31319046020508
1664586971915,40.91342209549208,-73.13255360590632,10.476639955964595,48.29927444458008
1664586983915,40.91342209549208,-73.13255360590632,10.476639955964595,48.28941345214844
1664586995915,40.91342209549208,-73.13255360590632,10.476639955964595,48.2874641418457
1664587001953,40.91342209549208,-73.13255360590632,10.476639955964595,48.31415557861328
1664587013915,40.91342209549208,-73.13255360590632,10.476639955964595,48.35614013671875
1664587025914,40.91342209549208,-73.13255360590632,10.476639955964595,48.34445571899414
1664587037914,40.91342209549208,-73.13255360590632,10.476639955964595,48.33381652832031
1664587049914,40.91342209549208,-73.13255360590632,10.476639955964595,48.322933197021484
1664587061915,40.91342209549208,-73.13255360590632,10.476639955964595,48.31561279296875
1664587073915,40.91342209549208,-73.13255360590632,10.476639955964595,48.30522537231445
1664587085915,40.91342209549208,-73.13255360590632,10.476639955964595,48.29816818237305
1664587097914,40.91342209549208,-73.13255360590632,10.476639955964595,48.29730987548828
1664587109915,40.91342209549208,-73.13255360590632,10.476639955964595,48.28681182861328
1664587121914,40.91342209549208,-73.13255360590632,10.476639955964595,48.28077697753906
1664587133914,40.91342209549208,-73.13255360590632,10.476639955964595,48.270973205566406
1664587145914,40.91342209549208,-73.13255360590632,10.476639955964595,48.263084411621094
1664587151979,40.91342209549208,-73.13255360590632,10.476639955964595,48.276180267333984
1664587163914,40.91342209549208,-73.13255360590632,10.476639955964595,48.291080474853516
1664587175914,40.91342209549208,-73.13255360590632,10.476639955964595,48.2823600769043
1664587187914,40.91342209549208,-73.13255360590632,10.476639955964595,48.27403259277344
1664587199914,40.91342209549208,-73.13255360590632,10.476639955964595,48.26594924926758
1664587211915,40.91342209549208,-73.13255360590632,10.476639955964595,48.25803756713867
1664587223914,40.91342209549208,-73.13255360590632,10.476639955964595,48.249366760253906
1664587235913,40.91342209549208,-73.13255360590632,10.476639955964595,48.24393844604492
1664587242160,40.91342209549208,-73.13255360590632,10.476639955964595,48.26115036010742
1664587253913,40.91342209549208,-73.13255360590632,10.476639955964595,48.29215621948242
1664587265914,40.91342209549208,-73.13255360590632,10.476639955964595,48.29427719116211
1664587277913,40.91342209549208,-73.13255360590632,10.476639955964595,48.293548583984375
1664587289914,40.91342209549208,-73.13255360590632,10.476639955964595,48.28582763671875
1664587301913,40.91342209549208,-73.13255360590632,10.476639955964595,48.281089782714844
1664587313914,40.91342209549208,-73.13255360590632,10.476639955964595,48.27342224121094
1664587319983,40.91342209549208,-73.13255360590632,10.476639955964595,48.28334426879883
1664587331913,40.91342209549208,-73.13255360590632,10.476639955964595,48.27616882324219
1664587343913,40.91342209549208,-73.13255360590632,10.476639955964595,48.272377014160156
1664587355914,40.91342209549208,-73.13255360590632,10.476639955964595,48.26560592651367
1664587367913,40.91342209549208,-73.13255360590632,10.476639955964595,48.26169967651367
1664587379913,40.91342209549208,-73.13255360590632,10.476639955964595,48.261714935302734
1664587391913,40.91342209549208,-73.13255360590632,10.476639955964595,48.26202392578125
1664587403913,40.91342209549208,-73.13255360590632,10.476639955964595,48.262657165527344
1664587415913,40.91342209549208,-73.13255360590632,10.476639955964595,48.25621032714844
1664587427913,40.91342209549208,-73.13255360590632,10.476639955964595,48.250160217285156
1664587439913,40.91342209549208,-73.13255360590632,10.476639955964595,48.24589538574219
1664587451914,40.91342209549208,-73.13255360590632,10.476639955964595,48.239566802978516
1664587463913,40.91342209549208,-73.13255360590632,10.476639955964595,48.23344039916992
1664587475913,40.91342209549208,-73.13255360590632,10.476639955964595,48.22772979736328
1664587487913,40.91342209549208,-73.13255360590632,10.476639955964595,48.22276306152344
1664587499913,40.91342209549208,-73.13255360590632,10.476639955964595,48.2170295715332
1664587511912,40.91342209549208,-73.13255360590632,10.476639955964595,48.21451187133789
1664587523912,40.91342209549208,-73.13255360590632,10.476639955964595,48.20889663696289
1664587535913,40.91342209549208,-73.13255360590632,10.476639955964595,48.20570373535156
1664587547912,40.91342209549208,-73.13255360590632,10.476639955964595,48.20018768310547
1664587559913,40.91342209549208,-73.13255360590632,10.476639955964595,48.19502258300781
1664587571912,40.91342209549208,-73.13255360590632,10.476639955964595,48.18990707397461
1664587583912,40.91342209549208,-73.13255360590632,10.476639955964595,48.185142517089844
1664587595912,40.91342209549208,-73.13255360590632,10.476639955964595,48.18257522583008
1664587607913,40.91342209549208,-73.13255360590632,10.476639955964595,48.17869567871094
1664587619913,40.91342209549208,-73.13255360590632,10.476639955964595,48.176387786865234
1664587631912,40.91342209549208,-73.13255360590632,10.476639955964595,48.1774787902832
1664587638022,40.91342209549208,-73.13255360590632,10.476639955964595,48.19103240966797
1664587649912,40.91342209549208,-73.13255360590632,10.476639955964595,48.21696472167969
1664587661912,40.91342209549208,-73.13255360590632,10.476639955964595,48.21271514892578
1664587668053,40.91342209549208,-73.13255360590632,10.476639955964595,48.21432876586914
1664587679912,40.91342209549208,-73.13255360590632,10.476639955964595,48.21015548706055
1664587685969,40.91342209549208,-73.13255360590632,10.476639955964595,48.21265411376953
1664587697913,40.91342209549208,-73.13255360590632,10.476639955964595,48.20800018310547
1664587704281,40.91342209549208,-73.13255360590632,10.476639955964595,48.209529876708984
1664587715912,40.91342209549208,-73.13255360590632,10.476639955964595,48.204830169677734
1664587727911,40.91342209549208,-73.13255360590632,10.476639955964595,48.20018005371094
1664587739912,40.91342209549208,-73.13255360590632,10.476639955964595,48.195621490478516
1664587751912,40.91342209549208,-73.13255360590632,10.476639955964595,48.19308853149414
1664587763911,40.91342209549208,-73.13255360590632,10.476639955964595,48.18832778930664
1664587775911,40.91342209549208,-73.13255360590632,10.476639955964595,48.183685302734375
1664587786692,40.91342209549208,-73.13255360590632,10.476639955964595,48.83039474487305
1664587788053,40.91342209549208,-73.13255360590632,10.476639955964595,48.95778274536133
1664587798870,40.91342209549208,-73.13255360590632,10.476639955964595,48.889442443847656
1664587809911,40.91342209549208,-73.13255360590632,10.476639955964595,48.452545166015625
1664587821911,40.91342209549208,-73.13255360590632,10.476639955964595,48.38547134399414
1664587827966,40.91342209549208,-73.13255360590632,10.476639955964595,48.51747131347656
1664587834078,40.91342209549208,-73.13255360590632,10.476639955964595,48.716285705566406
1664587840128,40.91342209549208,-73.13255360590632,10.476639955964595,48.7577018737793
1664587846178,40.91342209549208,-73.13255360590632,10.476639955964595,48.7577018737793
1664587857911,40.91342209549208,-73.13255360590632,10.476639955964595,47.422889709472656
1664587864458,40.91342209549208,-73.13255360590632,10.476639955964595,48.617347717285156
1664587871017,40.91342209549208,-73.13255360590632,10.476639955964595,48.85429382324219
1664587877045,40.91342209549208,-73.13255360590632,10.476639955964595,48.89002990722656
1664587888904,40.91342209549208,-73.13255360590632,10.476639955964595,48.874271392822266
1664587900904,40.91342209549208,-73.13255360590632,10.476639955964595,48.82157516479492
1664587912903,40.91342209549208,-73.13255360590632,10.476639955964595,48.77472686767578
1664587924903,40.91342209549208,-73.13255360590632,10.476639955964595,48.7381706237793
1664587936904,40.91342209549208,-73.13255360590632,10.476639955964595,48.711212158203125
1664587948902,40.91342209549208,-73.13255360590632,10.476639955964595,48.67866134643555
1664587960904,40.91342209549208,-73.13255360590632,10.476639955964595,48.648895263671875
1664587972904,40.91342209549208,-73.13255360590632,10.476639955964595,48.62803649902344
1664587984903,40.91342209549208,-73.13255360590632,10.476639955964595,48.60616683959961
1664587996904,40.91342209549208,-73.13255360590632,10.476639955964595,48.58572006225586
1664588006640,40.91342209549208,-73.13255360590632,10.476639955964595,48.83077621459961
1664588018911,40.91342209549208,-73.13255360590632,10.476639955964595,47.713348388671875
1664588030911,40.91342209549208,-73.13255360590632,10.476639955964595,47.55588150024414
1664588042910,40.91342209549208,-73.13255360590632,10.476639955964595,47.44196701049805
1664588049060,40.91342209549208,-73.13255360590632,10.476639955964595,47.94813919067383
1664588055077,40.91342209549208,-73.13255360590632,10.476639955964595,48.58059310913086
1664588066911,40.91342209549208,-73.13255360590632,10.476639955964595,48.717071533203125
1664588073463,40.91342209549208,-73.13255360590632,10.476639955964595,48.720699310302734
1664588084910,40.91342209549208,-73.13255360590632,10.476639955964595,48.668052673339844
1664588096911,40.91342209549208,-73.13255360590632,10.476639955964595,48.6223030090332
1664588108910,40.91342209549208,-73.13255360590632,10.476639955964595,48.59236526489258
1664588120910,40.91342209549208,-73.13255360590632,10.476639955964595,48.557308197021484
1664588132909,40.91342209549208,-73.13255360590632,10.476639955964595,48.521724700927734
1664588144910,40.91342209549208,-73.13255360590632,10.476639955964595,48.490962982177734
1664588156910,40.91342209549208,-73.13255360590632,10.476639955964595,48.462730407714844
1664588168909,40.91342209549208,-73.13255360590632,10.476639955964595,48.43842697143555
1664588180910,40.91342209549208,-73.13255360590632,10.476639955964595,48.427223205566406
1664588192910,40.91342209549208,-73.13255360590632,10.476639955964595,48.4055290222168
1664588204910,40.91342209549208,-73.13255360590632,10.476639955964595,48.382755279541016
1664588216909,40.91342209549208,-73.13255360590632,10.476639955964595,48.36260986328125
1664588228910,40.91342209549208,-73.13255360590632,10.476639955964595,48.34197998046875
1664588234972,40.91342209549208,-73.13255360590632,10.476639955964595,48.3643798828125
1664588246909,40.91342209549208,-73.13255360590632,10.476639955964595,48.38310623168945
1664588253066,40.91342209549208,-73.13255360590632,10.476639955964595,48.41322708129883
1664588264908,40.91342209549208,-73.13255360590632,10.476639955964595,48.43583297729492
1664588276909,40.91342209549208,-73.13255360590632,10.476639955964595,48.42988204956055
1664588288909,40.91342209549208,-73.13255360590632,10.476639955964595,48.415496826171875
1664588295012,40.91342209549208,-73.13255360590632,10.476639955964595,48.43978500366211
1664588306909,40.91342209549208,-73.13255360590632,10.476639955964595,48.469783782958984
1664588318910,40.91342209549208,-73.13255360590632,10.476639955964595,48.45977020263672
1664588330909,40.91342209549208,-73.13255360590632,10.476639955964595,48.448577880859375
1664588342910,40.91342209549208,-73.13255360590632,10.476639955964595,48.43629455566406
1664588354909,40.91342209549208,-73.13255360590632,10.476639955964595,48.42452621459961
1664588366908,40.91342209549208,-73.13255360590632,10.476639955964595,48.41261672973633
1664588378909,40.91342209549208,-73.13255360590632,10.476639955964595,48.401371002197266
1664588390909,40.91342209549208,-73.13255360590632,10.476639955964595,48.38929748535156
1664588402909,40.91342209549208,-73.13255360590632,10.476639955964595,48.37857437133789
1664588414908,40.91342209549208,-73.13255360590632,10.476639955964595,48.37003707885742
1664588426909,40.91342209549208,-73.13255360590632,10.476639955964595,48.36008834838867
1664588438908,40.91342209549208,-73.13255360590632,10.476639955964595,48.34952163696289
1664588450908,40.91342209549208,-73.13255360590632,10.476639955964595,48.3401985168457
1664588462908,40.91342209549208,-73.13255360590632,10.476639955964595,48.330467224121094
1664588469460,40.91342209549208,-73.13255360590632,10.476639955964595,48.33309555053711
1664588480908,40.91342209549208,-73.13255360590632,10.476639955964595,48.323062896728516
1664588486920,40.91342209549208,-73.13255360590632,10.476639955964595,48.3255615234375
1664588498908,40.91342209549208,-73.13255360590632,10.476639955964595,48.315711975097656
1664588505339,40.91342209549208,-73.13255360590632,10.476639955964595,48.3182487487793
1664588516908,40.91342209549208,-73.13255360590632,10.476639955964595,48.30854034423828
1664588528909,40.91342209549208,-73.13255360590632,10.476639955964595,48.29853439331055
1664588535020,40.91342209549208,-73.13255360590632,10.476639955964595,48.3006706237793
1664588546908,40.91342209549208,-73.13255360590632,10.476639955964595,48.292205810546875
1664588558907,40.91342209549208,-73.13255360590632,10.476639955964595,48.2823486328125
1664588570908,40.91342209549208,-73.13255360590632,10.476639955964595,48.2731819152832
1664588582908,40.91342209549208,-73.13255360590632,10.476639955964595,48.26408004760742
1664588594907,40.91342209549208,-73.13255360590632,10.476639955964595,48.25486373901367
1664588600442,40.91342209549208,-73.13255360590632,10.476639955964595,48.266632080078125
1664588606910,40.91342209549208,-73.13255360590632,10.476639955964595,48.414581298828125
1664588610386,40.91342209549208,-73.13255360590632,10.476639955964595,48.462196350097656
1664588618913,40.91342209549208,-73.13255360590632,10.476639955964595,48.63980484008789
1664588630913,40.91342209549208,-73.13255360590632,10.476639955964595,48.634395599365234
1664588637021,40.91342209549208,-73.13255360590632,10.476639955964595,48.63895034790039
1664588648913,40.91342209549208,-73.13255360590632,10.476639955964595,48.633941650390625
1664588660915,40.91342209549208,-73.13255360590632,10.476639955964595,48.62837600708008
1664588672914,40.91342209549208,-73.13255360590632,10.476639955964595,48.622867584228516
1664588679029,40.91342209549208,-73.13255360590632,10.476639955964595,48.624908447265625
1664588690914,40.91342209549208,-73.13255360590632,10.476639955964595,48.62273406982422
1664588702914,40.91342209549208,-73.13255360590632,10.476639955964595,48.617469787597656
1664588714907,40.91342209549208,-73.13255360590632,10.476639955964595,48.612586975097656
1664588726914,40.91342209549208,-73.13255360590632,10.476639955964595,48.605445861816406
1664588738914,40.91342209549208,-73.13255360590632,10.476639955964595,48.59843063354492
1664588750914,40.91342209549208,-73.13255360590632,10.476639955964595,48.59278106689453
1664588762913,40.91342209549208,-73.13255360590632,10.476639955964595,48.58735275268555
1664588774218,40.91342209549208,-73.13255360590632,10.476639955964595,48.982784271240234
1664588778094,40.91342209549208,-73.13255360590632,10.476639955964595,49.052730560302734
1664588789913,40.91342209549208,-73.13255360590632,10.476639955964595,48.922672271728516
1664588801914,40.91342209549208,-73.13255360590632,10.476639955964595,48.88210678100586
1664588813913,40.91342209549208,-73.13255360590632,10.476639955964595,48.84966278076172
1664588825913,40.91342209549208,-73.13255360590632,10.476639955964595,48.815975189208984
1664588837913,40.91342209549208,-73.13255360590632,10.476639955964595,48.78390884399414
1664588849914,40.91342209549208,-73.13255360590632,10.476639955964595,48.72047424316406
1664588861914,40.91342209549208,-73.13255360590632,10.476639955964595,48.6902961730957
1664588873913,40.91342209549208,-73.13255360590632,10.476639955964595,48.66155242919922
1664588885914,40.91342209549208,-73.13255360590632,10.476639955964595,48.62274932861328
1664588897913,40.91342209549208,-73.13255360590632,10.476639955964595,48.59546661376953
1664588909913,40.91342209549208,-73.13255360590632,10.476639955964595,48.571678161621094
1664588921913,40.91342209549208,-73.13255360590632,10.476639955964595,48.547386169433594
1664588933914,40.91342209549208,-73.13255360590632,10.476639955964595,48.516258239746094
1664588945914,40.91342209549208,-73.13255360590632,10.476639955964595,48.494361877441406
1664588952008,40.91342209549208,-73.13255360590632,10.476639955964595,48.51704406738281
1664588963913,40.91342209549208,-73.13255360590632,10.476639955964595,48.55406188964844
1664588975913,40.91342209549208,-73.13255360590632,10.476639955964595,48.5350456237793
1664588987913,40.91342209549208,-73.13255360590632,10.476639955964595,48.51652526855469
1664588999913,40.91342209549208,-73.13255360590632,10.476639955964595,48.498291015625
1664589006311,40.91342209549208,-73.13255360590632,10.476639955964595,48.49947738647461
1664589017912,40.91342209549208,-73.13255360590632,10.476639955964595,48.48171615600586
1664589029913,40.91342209549208,-73.13255360590632,10.476639955964595,48.46527099609375
1664589041913,40.91342209549208,-73.13255360590632,10.476639955964595,48.44834518432617
1664589053913,40.91342209549208,-73.13255360590632,10.476639955964595,48.431827545166016
1664589059956,40.91342209549208,-73.13255360590632,10.476639955964595,48.4334602355957
1664589066068,40.91342209549208,-73.13255360590632,10.476639955964595,48.435176849365234
1664589077913,40.91342209549208,-73.13255360590632,10.476639955964595,48.41865921020508
1664589083926,40.91342209549208,-73.13255360590632,10.476639955964595,48.42000198364258
1664589095913,40.91342209549208,-73.13255360590632,10.476639955964595,48.40379333496094
1664589107913,40.91342209549208,-73.13255360590632,10.476639955964595,48.389583587646484
1664589119913,40.91342209549208,-73.13255360590632,10.476639955964595,48.3742561340332
1664589131913,40.91342209549208,-73.13255360590632,10.476639955964595,48.359676361083984
1664589143914,40.91342209549208,-73.13255360590632,10.476639955964595,48.345985412597656
1664589155913,40.91342209549208,-73.13255360590632,10.476639955964595,48.33137130737305
1664589167913,40.91342209549208,-73.13255360590632,10.476639955964595,48.31800842285156
1664589174019,40.91342209549208,-73.13255360590632,10.476639955964595,48.331451416015625
1664589185914,40.91342209549208,-73.13255360590632,10.476639955964595,48.33066940307617
1664589192366,40.91342209549208,-73.13255360590632,10.476639955964595,48.343013763427734
1664589203912,40.91342209549208,-73.13255360590632,10.476639955964595,48.363216400146484
1664589215913,40.91342209549208,-73.13255360590632,10.476639955964595,48.352073669433594
1664589227913,40.91342209549208,-73.13255360590632,10.476639955964595,48.341644287109375
1664589239912,40.91342209549208,-73.13255360590632,10.476639955964595,48.330528259277344
1664589251912,40.91342209549208,-73.13255360590632,10.476639955964595,48.31997299194336
1664589263913,40.91342209549208,-73.13255360590632,10.476639955964595,48.31386184692383
1664589269929,40.91342209549208,-73.13255360590632,10.476639955964595,48.330135345458984
1664589281912,40.91342209549208,-73.13255360590632,10.476639955964595,48.35447692871094
1664589293912,40.91342209549208,-73.13255360590632,10.476639955964595,48.350364685058594
1664589305914,40.91342209549208,-73.13255360590632,10.476639955964595,48.078182220458984
1664589308484,40.91342209549208,-73.13255360590632,10.476639955964595,48.329349517822266
1664589314538,40.91342209549208,-73.13255360590632,10.476639955964595,48.603912353515625
1664589326912,40.91342209549208,-73.13255360590632,10.476639955964595,48.09584045410156
1664589338912,40.91342209549208,-73.13255360590632,10.476639955964595,48.211368560791016
1664589350912,40.91342209549208,-73.13255360590632,10.476639955964595,48.1977653503418
1664589362913,40.91342209549208,-73.13255360590632,10.476639955964595,48.210350036621094
1664589369027,40.91342209549208,-73.13255360590632,10.476639955964595,48.35689163208008
1664589380913,40.91342209549208,-73.13255360590632,10.476639955964595,48.48631286621094
1664589392913,40.91342209549208,-73.13255360590632,10.476639955964595,48.45359420776367
1664589404912,40.91342209549208,-73.13255360590632,10.476639955964595,48.413917541503906
1664589416909,40.91342209549208,-73.13255360590632,10.476639955964595,48.38028335571289
1664589428912,40.91342209549208,-73.13255360590632,10.476639955964595,48.34407424926758
1664589434963,40.91342209549208,-73.13255360590632,10.476639955964595,48.37522506713867
1664589446913,40.91342209549208,-73.13255360590632,10.476639955964595,48.3424072265625
1664589458912,40.91342209549208,-73.13255360590632,10.476639955964595,48.3203125
1664589470913,40.91342209549208,-73.13255360590632,10.476639955964595,48.29914093017578
1664589482914,40.91342209549208,-73.13255360590632,10.476639955964595,48.284236907958984
1664589494912,40.91342209549208,-73.13255360590632,10.476639955964595,48.27424621582031
1664589506913,40.91342209549208,-73.13255360590632,10.476639955964595,48.26200485229492
1664589518912,40.91342209549208,-73.13255360590632,10.476639955964595,48.240760803222656
1664589530913,40.91342209549208,-73.13255360590632,10.476639955964595,48.222171783447266
1664589542911,40.91342209549208,-73.13255360590632,10.476639955964595,48.20293426513672
1664589554912,40.91342209549208,-73.13255360590632,10.476639955964595,48.186195373535156
1664589566912,40.91342209549208,-73.13255360590632,10.476639955964595,48.176448822021484
1664589578912,40.91342209549208,-73.13255360590632,10.476639955964595,48.15834045410156
1664589590912,40.91342209549208,-73.13255360590632,10.476639955964595,48.14203643798828
1664589602912,40.91342209549208,-73.13255360590632,10.476639955964595,48.126136779785156
1664589614912,40.91342209549208,-73.13255360590632,10.476639955964595,48.12013244628906
1664589626912,40.91342209549208,-73.13255360590632,10.476639955964595,48.10468292236328
1664589638911,40.91342209549208,-73.13255360590632,10.476639955964595,48.09027099609375
1664589650912,40.91342209549208,-73.13255360590632,10.476639955964595,48.080265045166016
1664589662911,40.91342209549208,-73.13255360590632,10.476639955964595,48.07102584838867
1664589674912,40.91342209549208,-73.13255360590632,10.476639955964595,48.069637298583984
1664589686912,40.91342209549208,-73.13255360590632,10.476639955964595,48.074092864990234
1664589698911,40.91342209549208,-73.13255360590632,10.476639955964595,48.061607360839844
1664589710912,40.91342209549208,-73.13255360590632,10.476639955964595,48.04978942871094
1664589722912,40.91342209549208,-73.13255360590632,10.476639955964595,48.038272857666016
1664589734911,40.91342209549208,-73.13255360590632,10.476639955964595,48.032676696777344
1664589746912,40.91342209549208,-73.13255360590632,10.476639955964595,48.03302764892578
1664589753029,40.91342209549208,-73.13255360590632,10.476639955964595,48.06036376953125
1664589764912,40.91342209549208,-73.13255360590632,10.476639955964595,48.10844421386719
1664589776912,40.91342209549208,-73.13255360590632,10.476639955964595,48.10993957519531
1664589788911,40.91342209549208,-73.13255360590632,10.476639955964595,48.10904312133789
1664589800910,40.91342209549208,-73.13255360590632,10.476639955964595,48.098751068115234
1664589812911,40.91342209549208,-73.13255360590632,10.476639955964595,48.089881896972656
1664589824912,40.91342209549208,-73.13255360590632,10.476639955964595,48.083309173583984
1664589836911,40.91342209549208,-73.13255360590632,10.476639955964595,48.08448791503906
1664589848911,40.91342209549208,-73.13255360590632,10.476639955964595,48.07551956176758
1664589860912,40.91342209549208,-73.13255360590632,10.476639955964595,48.069313049316406
1664589872911,40.91342209549208,-73.13255360590632,10.476639955964595,48.06895446777344
1664589884912,40.91342209549208,-73.13255360590632,10.476639955964595,46.83371353149414
1664589891663,40.91342209549208,-73.13255360590632,10.476639955964595,48.05198669433594
1664589898481,40.91342209549208,-73.13255360590632,10.476639955964595,48.639156341552734
1664589905210,40.91342209549208,-73.13255360590632,10.476639955964595,48.84486770629883
1664589911738,40.91342209549208,-73.13255360590632,10.476639955964595,49.09284210205078
1664589923912,40.91342209549208,-73.13255360590632,10.476639955964595,48.8712043762207
1664589935912,40.91342209549208,-73.13255360590632,10.476639955964595,47.67597579956055
1664589941944,40.91342209549208,-73.13255360590632,10.476639955964595,48.78422164916992
1664589948547,40.91342209549208,-73.13255360590632,10.476639955964595,48.944923400878906
1664589955332,40.91342209549208,-73.13255360590632,10.476639955964595,48.902835845947266
1664589958847,40.91342209549208,-73.13255360590632,10.476639955964595,48.857627868652344
1664589962733,40.91342209549208,-73.13255360590632,10.476639955964595,48.807891845703125
1664589968776,40.91342209549208,-73.13255360590632,10.476639955964595,48.80134582519531
1664589980911,40.91342209549208,-73.13255360590632,10.476639955964595,48.78730392456055
1664589986946,40.91342209549208,-73.13255360590632,10.476639955964595,48.80913543701172
1664589998911,40.91342209549208,-73.13255360590632,10.476639955964595,48.75259780883789
1664590010911,40.91342209549208,-73.13255360590632,10.476639955964595,48.71393585205078
1664590022911,40.91342209549208,-73.13255360590632,10.476639955964595,48.67988967895508
1664590034910,40.91342209549208,-73.13255360590632,10.476639955964595,48.65001678466797
1664590046911,40.91342209549208,-73.13255360590632,10.476639955964595,48.62044143676758
1664590058911,40.91342209549208,-73.13255360590632,10.476639955964595,48.58464050292969
1664590065023,40.91342209549208,-73.13255360590632,10.476639955964595,48.60849380493164
1664590076911,40.91342209549208,-73.13255360590632,10.476639955964595,48.61647033691406
1664590088909,40.91342209549208,-73.13255360590632,10.476639955964595,48.590301513671875
1664590100910,40.91342209549208,-73.13255360590632,10.476639955964595,48.5666389465332
1664590107028,40.91342209549208,-73.13255360590632,10.476639955964595,48.567909240722656
1664590118910,40.91342209549208,-73.13255360590632,10.476639955964595,48.541465759277344
1664590124989,40.91342209549208,-73.13255360590632,10.476639955964595,48.559635162353516
1664590131048,40.91342209549208,-73.13255360590632,10.476639955964595,48.60929870605469
1664590142912,40.91342209549208,-73.13255360590632,10.476639955964595,48.64016342163086
1664590154911,40.91342209549208,-73.13255360590632,10.476639955964595,48.62068557739258
1664590166911,40.91342209549208,-73.13255360590632,10.476639955964595,48.60584259033203
1664590178910,40.91342209549208,-73.13255360590632,10.476639955964595,48.59202575683594
1664590185017,40.91342209549208,-73.13255360590632,10.476639955964595,48.59998321533203
1664590196911,40.91342209549208,-73.13255360590632,10.476639955964595,48.5942268371582
1664590203307,40.91342209549208,-73.13255360590632,10.476639955964595,48.59567642211914
1664590209326,40.91342209549208,-73.13255360590632,10.476639955964595,48.59690475463867
1664590220910,40.91342209549208,-73.13255360590632,10.476639955964595,48.581363677978516
1664590232910,40.91342209549208,-73.13255360590632,10.476639955964595,48.569122314453125
1664590244911,40.91342209549208,-73.13255360590632,10.476639955964595,48.557769775390625
1664590256911,40.91342209549208,-73.13255360590632,10.476639955964595,48.546173095703125
1664590264515,40.91342209549208,-73.13255360590632,10.476639955964595,48.63022232055664
1664590270531,40.91342209549208,-73.13255360590632,10.476639955964595,48.800071716308594
1664590277181,40.91342209549208,-73.13255360590632,10.476639955964595,48.9380989074707
1664590284517,40.91342209549208,-73.13255360590632,10.476639955964595,49.07255935668945
1664590291515,40.91342209549208,-73.13255360590632,10.476639955964595,49.00951385498047
1664590298117,40.91342209549208,-73.13255360590632,10.476639955964595,48.98393630981445
1664590304713,40.91342209549208,-73.13255360590632,10.476639955964595,49.01662826538086
1664590311000,40.91342209549208,-73.13255360590632,10.476639955964595,49.026344299316406
1664590317067,40.91342209549208,-73.13255360590632,10.476639955964595,49.042232513427734
1664590323162,40.91342209549208,-73.13255360590632,10.476639955964595,49.0506477355957
1664590329203,40.91342209549208,-73.13255360590632,10.476639955964595,49.0506477355957
1664590335635,40.91342209549208,-73.13255360590632,10.476639955964595,49.028560638427734
1664590342424,40.91342209549208,-73.13255360590632,10.476639955964595,49.03815841674805
1664590353755,40.91342209549208,-73.13255360590632,10.476639955964595,48.98903274536133
1664590365910,40.91342209549208,-73.13255360590632,10.476639955964595,48.02323913574219
1664590372257,40.91342209549208,-73.13255360590632,10.476639955964595,48.42985153198242
1664590378331,40.91342209549208,-73.13255360590632,10.476639955964595,48.75079345703125
1664590384426,40.91342209549208,-73.13255360590632,10.476639955964595,48.75079345703125
1664590390446,40.91342209549208,-73.13255360590632,10.476639955964595,48.75079345703125
1664590402902,40.91342209549208,-73.13255360590632,10.476639955964595,48.649253845214844
1664590414901,40.91342209549208,-73.13255360590632,10.476639955964595,48.5548095703125
1664590420992,40.91342209549208,-73.13255360590632,10.476639955964595,48.60940933227539
1664590427089,40.91342209549208,-73.13255360590632,10.476639955964595,48.736515045166016
1664590438903,40.91342209549208,-73.13255360590632,10.476639955964595,48.780364990234375
1664590450901,40.91342209549208,-73.13255360590632,10.476639955964595,48.727699279785156
1664590456924,40.91342209549208,-73.13255360590632,10.476639955964595,48.742347717285156
1664590463037,40.91342209549208,-73.13255360590632,10.476639955964595,48.77687454223633
1664590474903,40.91342209549208,-73.13255360590632,10.476639955964595,48.79605484008789
1664590486906,40.91342209549208,-73.13255360590632,10.476639955964595,48.782188415527344
1664590498902,40.91342209549208,-73.13255360590632,10.476639955964595,48.76174545288086
1664590510901,40.91342209549208,-73.13255360590632,10.476639955964595,48.74369430541992
1664590516995,40.91342209549208,-73.13255360590632,10.476639955964595,48.74522399902344
1664590528903,40.91342209549208,-73.13255360590632,10.476639955964595,48.72080993652344
1664590535137,40.91342209549208,-73.13255360590632,10.476639955964595,48.721946716308594
1664590541225,40.91342209549208,-73.13255360590632,10.476639955964595,48.72295379638672
1664590547285,40.91342209549208,-73.13255360590632,10.476639955964595,48.72295379638672
1664590553344,40.91342209549208,-73.13255360590632,10.476639955964595,48.72295379638672
1664590559367,40.91342209549208,-73.13255360590632,10.476639955964595,48.72295379638672
1664590570902,40.91342209549208,-73.13255360590632,10.476639955964595,48.70662307739258
1664590582903,40.91342209549208,-73.13255360590632,10.476639955964595,48.69077682495117
1664590594902,40.91342209549208,-73.13255360590632,10.476639955964595,48.674678802490234
1664590606902,40.91342209549208,-73.13255360590632,10.476639955964595,48.659019470214844
1664590618903,40.91342209549208,-73.13255360590632,10.476639955964595,48.643653869628906
1664590630905,40.91342209549208,-73.13255360590632,10.476639955964595,48.62836837768555
1664590642907,40.91342209549208,-73.13255360590632,10.476639955964595,48.61389923095703
1664590648987,40.91342209549208,-73.13255360590632,10.476639955964595,48.62308883666992
1664590660911,40.91342209549208,-73.13255360590632,10.476639955964595,48.60662841796875
1664590672910,40.91342209549208,-73.13255360590632,10.476639955964595,48.592674255371094
1664590684912,40.91342209549208,-73.13255360590632,10.476639955964595,48.577911376953125
1664590696910,40.91342209549208,-73.13255360590632,10.476639955964595,48.564109802246094
1664590703055,40.91342209549208,-73.13255360590632,10.476639955964595,48.5726203918457
1664590709099,40.91342209549208,-73.13255360590632,10.476639955964595,48.60175323486328
1664590720910,40.91342209549208,-73.13255360590632,10.476639955964595,48.586647033691406
1664590732910,40.91342209549208,-73.13255360590632,10.476639955964595,48.572967529296875
1664590744910,40.91342209549208,-73.13255360590632,10.476639955964595,48.56177520751953
1664590751289,40.91342209549208,-73.13255360590632,10.476639955964595,48.5745735168457
1664590757338,40.91342209549208,-73.13255360590632,10.476639955964595,48.62183380126953
1664590769918,40.91342209549208,-73.13255360590632,10.476639955964595,48.66172409057617
1664590781919,40.91342209549208,-73.13255360590632,10.476639955964595,48.65083312988281
1664590793918,40.91342209549208,-73.13255360590632,10.476639955964595,48.64019012451172
1664590805919,40.91342209549208,-73.13255360590632,10.476639955964595,48.62851333618164
1664590817918,40.91342209549208,-73.13255360590632,10.476639955964595,48.61787033081055
1664590829919,40.91342209549208,-73.13255360590632,10.476639955964595,48.60524368286133
1664590835941,40.91342209549208,-73.13255360590632,10.476639955964595,48.611968994140625
1664590842054,40.91342209549208,-73.13255360590632,10.476639955964595,48.63020706176758
1664590848167,40.91342209549208,-73.13255360590632,10.476639955964595,48.63108825683594
1664590859919,40.91342209549208,-73.13255360590632,10.476639955964595,48.61899948120117
1664590871919,40.91342209549208,-73.13255360590632,10.476639955964595,48.60948181152344
1664590883919,40.91342209549208,-73.13255360590632,10.476639955964595,48.59929656982422
1664590895919,40.91342209549208,-73.13255360590632,10.476639955964595,48.5902099609375
1664590902016,40.91342209549208,-73.13255360590632,10.476639955964595,48.5944938659668
1664590913918,40.91342209549208,-73.13255360590632,10.476639955964595,48.5997200012207
1664590925919,40.91342209549208,-73.13255360590632,10.476639955964595,48.590431213378906
1664590931952,40.91342209549208,-73.13255360590632,10.476639955964595,48.593971252441406
1664590943919,40.91342209549208,-73.13255360590632,10.476639955964595,48.592872619628906
1664590955919,40.91342209549208,-73.13255360590632,10.476639955964595,48.586978912353516
1664590967919,40.91342209549208,-73.13255360590632,10.476639955964595,48.58029556274414
1664590979919,40.91342209549208,-73.13255360590632,10.476639955964595,48.57246017456055
1664590991918,40.91342209549208,-73.13255360590632,10.476639955964595,48.56503677368164
1664591003919,40.91342209549208,-73.13255360590632,10.476639955964595,48.55782699584961
1664591012272,40.91342209549208,-73.13255360590632,10.476639955964595,48.6806755065918
1664591023911,40.91342209549208,-73.13255360590632,10.476639955964595,48.27399826049805
1664591029941,40.91342209549208,-73.13255360590632,10.476639955964595,48.65117645263672
1664591041912,40.91342209549208,-73.13255360590632,10.476639955964595,48.7557258605957
1664591053911,40.91342209549208,-73.13255360590632,10.476639955964595,48.665992736816406
1664591065911,40.91342209549208,-73.13255360590632,10.476639955964595,48.58534622192383
1664591077912,40.91342209549208,-73.13255360590632,10.476639955964595,48.51197814941406
1664591084012,40.91342209549208,-73.13255360590632,10.476639955964595,48.52265167236328
1664591095912,40.91342209549208,-73.13255360590632,10.476639955964595,48.46105194091797
1664591107912,40.91342209549208,-73.13255360590632,10.476639955964595,48.40043640136719
1664591119911,40.91342209549208,-73.13255360590632,10.476639955964595,48.345645904541016
1664591125935,40.91342209549208,-73.13255360590632,10.476639955964595,48.35857391357422
1664591132020,40.91342209549208,-73.13255360590632,10.476639955964595,48.37107467651367
1664591143912,40.91342209549208,-73.13255360590632,10.476639955964595,48.32319259643555
1664591150277,40.91342209549208,-73.13255360590632,10.476639955964595,48.33433151245117
1664591156303,40.91342209549208,-73.13255360590632,10.476639955964595,48.34512710571289
1664591167911,40.91342209549208,-73.13255360590632,10.476639955964595,48.301658630371094
1664591179912,40.91342209549208,-73.13255360590632,10.476639955964595,48.26076126098633
1664591185967,40.91342209549208,-73.13255360590632,10.476639955964595,48.27493667602539
1664591192050,40.91342209549208,-73.13255360590632,10.476639955964595,48.2887077331543
1664591203912,40.91342209549208,-73.13255360590632,10.476639955964595,48.25127410888672
1664591210022,40.91342209549208,-73.13255360590632,10.476639955964595,48.26511764526367
1664591216131,40.91342209549208,-73.13255360590632,10.476639955964595,48.27859115600586
1664591222241,40.91342209549208,-73.13255360590632,10.476639955964595,48.285499572753906
1664591233912,40.91342209549208,-73.13255360590632,10.476639955964595,48.24695587158203
1664591245912,40.91342209549208,-73.13255360590632,10.476639955964595,48.213050842285156
1664591257912,40.91342209549208,-73.13255360590632,10.476639955964595,48.177879333496094
1664591269913,40.91342209549208,-73.13255360590632,10.476639955964595,48.149967193603516
1664591276049,40.91342209549208,-73.13255360590632,10.476639955964595,48.161949157714844
1664591287912,40.91342209549208,-73.13255360590632,10.476639955964595,48.15282440185547
1664591299911,40.91342209549208,-73.13255360590632,10.476639955964595,48.12679672241211
1664591311910,40.91342209549208,-73.13255360590632,10.476639955964595,48.10116195678711
1664591323912,40.91342209549208,-73.13255360590632,10.476639955964595,48.07619857788086
1664591330013,40.91342209549208,-73.13255360590632,10.476639955964595,48.0873908996582
1664591341910,40.91342209549208,-73.13255360590632,10.476639955964595,48.06325149536133
1664591348310,40.91342209549208,-73.13255360590632,10.476639955964595,48.07328796386719
1664591359912,40.91342209549208,-73.13255360590632,10.476639955964595,48.07412338256836
1664591371911,40.91342209549208,-73.13255360590632,10.476639955964595,48.050724029541016
1664591383911,40.91342209549208,-73.13255360590632,10.476639955964595,48.029869079589844
1664591389922,40.91342209549208,-73.13255360590632,10.476639955964595,48.07851791381836
1664591401911,40.91342209549208,-73.13255360590632,10.476639955964595,48.058536529541016
1664591405833,40.91342209549208,-73.13255360590632,10.476639955964595,48.196044921875
1664591411990,40.91342209549208,-73.13255360590632,10.476639955964595,48.5625114440918
1664591418057,40.91342209549208,-73.13255360590632,10.476639955964595,48.75664138793945
1664591424090,40.91342209549208,-73.13255360590632,10.476639955964595,48.734954833984375
1664591430115,40.91342209549208,-73.13255360590632,10.476639955964595,48.723304748535156
1664591436126,40.91342209549208,-73.13255360590632,10.476639955964595,48.723304748535156
1664591442135,40.91342209549208,-73.13255360590632,10.476639955964595,48.723304748535156
1664591448144,40.91342209549208,-73.13255360590632,10.476639955964595,48.723304748535156
1664591454228,40.91342209549208,-73.13255360590632,10.476639955964595,48.723304748535156
1664591460236,40.91342209549208,-73.13255360590632,10.476639955964595,48.723304748535156
1664591466268,40.91342209549208,-73.13255360590632,10.476639955964595,48.723304748535156
1664591472312,40.91342209549208,-73.13255360590632,10.476639955964595,48.723304748535156
1664591478341,40.91342209549208,-73.13255360590632,10.476639955964595,48.723304748535156
1664591484368,40.91342209549208,-73.13255360590632,10.476639955964595,48.723304748535156
1664591490442,40.91342209549208,-73.13255360590632,10.476639955964595,48.723304748535156
1664591501919,40.91342209549208,-73.13255360590632,10.476639955964595,46.53506088256836
1664591508047,40.91342209549208,-73.13255360590632,10.476639955964595,47.67897033691406
1664591514145,40.91342209549208,-73.13255360590632,10.476639955964595,48.11885070800781
1664591520200,40.91342209549208,-73.13255360590632,10.476639955964595,48.35171127319336
1664591526317,40.91342209549208,-73.13255360590632,10.476639955964595,48.35171127319336
1664591532422,40.91342209549208,-73.13255360590632,10.476639955964595,48.35171127319336
1664591538440,40.91342209549208,-73.13255360590632,10.476639955964595,48.35171127319336
1664591544471,40.91342209549208,-73.13255360590632,10.476639955964595,48.35171127319336
1664591555919,40.91342209549208,-73.13255360590632,10.476639955964595,48.010704040527344
1664591562359,40.91342209549208,-73.13255360590632,10.476639955964595,48.36539840698242
1664591573919,40.91342209549208,-73.13255360590632,10.476639955964595,48.4289665222168
1664591580526,40.91342209549208,-73.13255360590632,10.476639955964595,48.513797760009766
1664591586624,40.91342209549208,-73.13255360590632,10.476639955964595,48.63215255737305
1664591592678,40.91342209549208,-73.13255360590632,10.476639955964595,48.640777587890625
1664591598760,40.91342209549208,-73.13255360590632,10.476639955964595,48.640777587890625
1664591604846,40.91342209549208,-73.13255360590632,10.476639955964595,48.640777587890625
1664591616919,40.91342209549208,-73.13255360590632,10.476639955964595,48.57654571533203
1664591628920,40.91342209549208,-73.13255360590632,10.476639955964595,48.53207015991211
1664591640918,40.91342209549208,-73.13255360590632,10.476639955964595,48.48553466796875
1664591652918,40.91342209549208,-73.13255360590632,10.476639955964595,48.44647979736328
1664591664919,40.91342209549208,-73.13255360590632,10.476639955964595,48.411231994628906
1664591676920,40.91342209549208,-73.13255360590632,10.476639955964595,48.39121627807617
1664591688917,40.91342209549208,-73.13255360590632,10.476639955964595,48.36833572387695
1664591700919,40.91342209549208,-73.13255360590632,10.476639955964595,48.35158157348633
1664591712919,40.91342209549208,-73.13255360590632,10.476639955964595,48.32594299316406
1664591724919,40.91342209549208,-73.13255360590632,10.476639955964595,48.302059173583984
1664591736918,40.91342209549208,-73.13255360590632,10.476639955964595,48.27959442138672
1664591742959,40.91342209549208,-73.13255360590632,10.476639955964595,48.307125091552734
1664591749033,40.91342209549208,-73.13255360590632,10.476639955964595,48.315696716308594
1664591760919,40.91342209549208,-73.13255360590632,10.476639955964595,48.30701446533203
1664591772920,40.91342209549208,-73.13255360590632,10.476639955964595,48.302730560302734
1664591779029,40.91342209549208,-73.13255360590632,10.476639955964595,48.3418083190918
1664591790919,40.91342209549208,-73.13255360590632,10.476639955964595,48.38045883178711
1664591797181,40.91342209549208,-73.13255360590632,10.476639955964595,48.406532287597656
1664591809910,40.91342209549208,-73.13255360590632,10.476639955964595,48.43650817871094
1664591821911,40.91342209549208,-73.13255360590632,10.476639955964595,48.30617904663086
1664591828348,40.91342209549208,-73.13255360590632,10.476639955964595,48.5227165222168
1664591839912,40.91342209549208,-73.13255360590632,10.476639955964595,48.18248748779297
1664591846012,40.91342209549208,-73.13255360590632,10.476639955964595,48.56939697265625
1664591852035,40.91342209549208,-73.13255360590632,10.476639955964595,48.890716552734375
1664591858103,40.91342209549208,-73.13255360590632,10.476639955964595,49.032958984375
1664591864215,40.91342209549208,-73.13255360590632,10.476639955964595,49.032958984375
1664591870271,40.91342209549208,-73.13255360590632,10.476639955964595,49.032958984375
1664591881912,40.91342209549208,-73.13255360590632,10.476639955964595,48.98149490356445
1664591887935,40.91342209549208,-73.13255360590632,10.476639955964595,48.98271179199219
1664591893980,40.91342209549208,-73.13255360590632,10.476639955964595,48.98390197753906
1664591905911,40.91342209549208,-73.13255360590632,10.476639955964595,48.914737701416016
1664591917911,40.91342209549208,-73.13255360590632,10.476639955964595,48.85525894165039
1664591929910,40.91342209549208,-73.13255360590632,10.476639955964595,48.799964904785156
1664591936297,40.91342209549208,-73.13255360590632,10.476639955964595,48.81494140625
1664591947911,40.91342209549208,-73.13255360590632,10.476639955964595,48.79874801635742
1664591959911,40.91342209549208,-73.13255360590632,10.476639955964595,48.76906204223633
1664591971910,40.91342209549208,-73.13255360590632,10.476639955964595,48.733970642089844
1664591983911,40.91342209549208,-73.13255360590632,10.476639955964595,48.70548629760742
1664591995910,40.91342209549208,-73.13255360590632,10.476639955964595,48.679866790771484
1664592007910,40.91342209549208,-73.13255360590632,10.476639955964595,48.656715393066406
1664592019911,40.91342209549208,-73.13255360590632,10.476639955964595,48.63378143310547
1664592031919,40.91342209549208,-73.13255360590632,10.476639955964595,48.608924865722656
1664592043919,40.91342209549208,-73.13255360590632,10.476639955964595,48.58716583251953
1664592055919,40.91342209549208,-73.13255360590632,10.476639955964595,48.56601333618164
1664592067919,40.91342209549208,-73.13255360590632,10.476639955964595,48.5447998046875
1664592079919,40.91342209549208,-73.13255360590632,10.476639955964595,48.525211334228516
1664592086098,40.91342209549208,-73.13255360590632,10.476639955964595,48.52897262573242
1664592092185,40.91342209549208,-73.13255360590632,10.476639955964595,48.532691955566406
1664592103919,40.91342209549208,-73.13255360590632,10.476639955964595,48.51367950439453
1664592110329,40.91342209549208,-73.13255360590632,10.476639955964595,48.51768493652344
1664592116346,40.91342209549208,-73.13255360590632,10.476639955964595,48.521644592285156
1664592122401,40.91342209549208,-73.13255360590632,10.476639955964595,48.52323913574219
1664592133920,40.91342209549208,-73.13255360590632,10.476639955964595,48.49988555908203
1664592145919,40.91342209549208,-73.13255360590632,10.476639955964595,48.48159408569336
1664592157919,40.91342209549208,-73.13255360590632,10.476639955964595,48.46363830566406
1664592169919,40.91342209549208,-73.13255360590632,10.476639955964595,48.445335388183594
1664592175960,40.91342209549208,-73.13255360590632,10.476639955964595,48.44892120361328
1664592187920,40.91342209549208,-73.13255360590632,10.476639955964595,48.43205642700195
1664592199919,40.91342209549208,-73.13255360590632,10.476639955964595,48.41336441040039
1664592211920,40.91342209549208,-73.13255360590632,10.476639955964595,48.397361755371094
1664592223919,40.91342209549208,-73.13255360590632,10.476639955964595,48.37998962402344
1664592235919,40.91342209549208,-73.13255360590632,10.476639955964595,48.364768981933594
1664592247919,40.91342209549208,-73.13255360590632,10.476639955964595,48.34907150268555
1664592259920,40.91342209549208,-73.13255360590632,10.476639955964595,48.33266067504883
1664592266030,40.91342209549208,-73.13255360590632,10.476639955964595,48.33629608154297
1664592277919,40.91342209549208,-73.13255360590632,10.476639955964595,48.321807861328125
1664592284218,40.91342209549208,-73.13255360590632,10.476639955964595,48.32686233520508
1664592290240,40.91342209549208,-73.13255360590632,10.476639955964595,48.33186721801758
1664592296353,40.91342209549208,-73.13255360590632,10.476639955964595,48.30663299560547
1664592307920,40.91342209549208,-73.13255360590632,10.476639955964595,48.2933235168457
1664592314229,40.91342209549208,-73.13255360590632,10.476639955964595,48.29781723022461
1664592325919,40.91342209549208,-73.13255360590632,10.476639955964595,48.2869758605957
1664592337920,40.91342209549208,-73.13255360590632,10.476639955964595,48.27272033691406
1664592349919,40.91342209549208,-73.13255360590632,10.476639955964595,48.26041030883789
1664592361920,40.91342209549208,-73.13255360590632,10.476639955964595,48.247901916503906
1664592373920,40.91342209549208,-73.13255360590632,10.476639955964595,48.241024017333984
1664592385919,40.91342209549208,-73.13255360590632,10.476639955964595,48.228424072265625
1664592397919,40.91342209549208,-73.13255360590632,10.476639955964595,48.21607971191406
1664592409920,40.91342209549208,-73.13255360590632,10.476639955964595,48.20444869995117
1664592416014,40.91342209549208,-73.13255360590632,10.476639955964595,48.20856857299805
1664592422098,40.91342209549208,-73.13255360590632,10.476639955964595,48.212650299072266
1664592433920,40.91342209549208,-73.13255360590632,10.476639955964595,48.20102310180664
1664592440020,40.91342209549208,-73.13255360590632,10.476639955964595,48.2046012878418
1664592446060,40.91342209549208,-73.13255360590632,10.476639955964595,48.208152770996094
1664592452076,40.91342209549208,-73.13255360590632,10.476639955964595,48.210777282714844
1664592463920,40.91342209549208,-73.13255360590632,10.476639955964595,48.19924545288086
1664592470096,40.91342209549208,-73.13255360590632,10.476639955964595,48.202613830566406
1664592481920,40.91342209549208,-73.13255360590632,10.476639955964595,48.19966125488281
1664592488269,40.91342209549208,-73.13255360590632,10.476639955964595,48.204952239990234
1664592494372,40.91342209549208,-73.13255360590632,10.476639955964595,48.20964813232422
1664592500386,40.91342209549208,-73.13255360590632,10.476639955964595,48.212039947509766
1664592506495,40.91342209549208,-73.13255360590632,10.476639955964595,48.212039947509766
1664592517919,40.91342209549208,-73.13255360590632,10.476639955964595,48.20151138305664
1664592529920,40.91342209549208,-73.13255360590632,10.476639955964595,48.19160842895508
1664592541919,40.91342209549208,-73.13255360590632,10.476639955964595,48.18103790283203
1664592553920,40.91342209549208,-73.13255360590632,10.476639955964595,48.175514221191406
1664592565920,40.91342209549208,-73.13255360590632,10.476639955964595,48.163963317871094
1664592577918,40.91342209549208,-73.13255360590632,10.476639955964595,48.152896881103516
1664592589919,40.91342209549208,-73.13255360590632,10.476639955964595,48.139930725097656
1664592601919,40.91342209549208,-73.13255360590632,10.476639955964595,48.13005447387695
1664592608015,40.91342209549208,-73.13255360590632,10.476639955964595,48.13315963745117
1664592614099,40.91342209549208,-73.13255360590632,10.476639955964595,48.136199951171875
1664592620117,40.91342209549208,-73.13255360590632,10.476639955964595,48.13737487792969
1664592626223,40.91342209549208,-73.13255360590632,10.476639955964595,48.13737487792969
1664592637920,40.91342209549208,-73.13255360590632,10.476639955964595,48.1324348449707
1664592644029,40.91342209549208,-73.13255360590632,10.476639955964595,48.15463638305664
1664592650050,40.91342209549208,-73.13255360590632,10.476639955964595,48.215797424316406
1664592661919,40.91342209549208,-73.13255360590632,10.476639955964595,48.20558547973633
1664592673919,40.91342209549208,-73.13255360590632,10.476639955964595,48.19670104980469
1664592685919,40.91342209549208,-73.13255360590632,10.476639955964595,48.18781661987305
1664592692334,40.91342209549208,-73.13255360590632,10.476639955964595,48.189918518066406
1664592703920,40.91342209549208,-73.13255360590632,10.476639955964595,48.18147659301758
1664592715921,40.91342209549208,-73.13255360590632,10.476639955964595,48.17267608642578
1664592727920,40.91342209549208,-73.13255360590632,10.476639955964595,48.16455078125
1664592739919,40.91342209549208,-73.13255360590632,10.476639955964595,48.1573371887207
1664592751919,40.91342209549208,-73.13255360590632,10.476639955964595,48.149314880371094
1664592763920,40.91342209549208,-73.13255360590632,10.476639955964595,48.14162826538086
1664592775919,40.91342209549208,-73.13255360590632,10.476639955964595,48.13410186767578
1664592787920,40.91342209549208,-73.13255360590632,10.476639955964595,48.12671661376953
1664592793979,40.91342209549208,-73.13255360590632,10.476639955964595,48.12966537475586
1664592799999,40.91342209549208,-73.13255360590632,10.476639955964595,48.13266372680664
1664592811920,40.91342209549208,-73.13255360590632,10.476639955964595,48.12909698486328
1664592823919,40.91342209549208,-73.13255360590632,10.476639955964595,48.120357513427734
1664592835919,40.91342209549208,-73.13255360590632,10.476639955964595,48.11223220825195
1664592842044,40.91342209549208,-73.13255360590632,10.476639955964595,48.11444091796875
1664592848066,40.91342209549208,-73.13255360590632,10.476639955964595,48.11663055419922
1664592854125,40.91342209549208,-73.13255360590632,10.476639955964595,48.117923736572266
1664592860178,40.91342209549208,-73.13255360590632,10.476639955964595,48.117923736572266
1664592866195,40.91342209549208,-73.13255360590632,10.476639955964595,48.117923736572266
1664592872213,40.91342209549208,-73.13255360590632,10.476639955964595,48.117923736572266
1664592883905,40.91342209549208,-73.13255360590632,10.476639955964595,48.11066818237305
1664592895904,40.91342209549208,-73.13255360590632,10.476639955964595,48.108482360839844
1664592907904,40.91342209549208,-73.13255360590632,10.476639955964595,48.10117721557617
1664592919903,40.91342209549208,-73.13255360590632,10.476639955964595,48.1015510559082
1664592931903,40.91342209549208,-73.13255360590632,10.476639955964595,48.094905853271484
1664592943902,40.91342209549208,-73.13255360590632,10.476639955964595,48.08808898925781
1664592955903,40.91342209549208,-73.13255360590632,10.476639955964595,48.08102035522461
1664592967903,40.91342209549208,-73.13255360590632,10.476639955964595,48.07429122924805
1664592979903,40.91342209549208,-73.13255360590632,10.476639955964595,48.0678596496582
1664592991902,40.91342209549208,-73.13255360590632,10.476639955964595,48.064754486083984
1664593003903,40.91342209549208,-73.13255360590632,10.476639955964595,48.05766677856445
1664593015903,40.91342209549208,-73.13255360590632,10.476639955964595,48.05082321166992
1664593022000,40.91342209549208,-73.13255360590632,10.476639955964595,48.053306579589844
1664593028050,40.91342209549208,-73.13255360590632,10.476639955964595,48.05573654174805
1664593034151,40.91342209549208,-73.13255360590632,10.476639955964595,48.05752182006836
1664593040193,40.91342209549208,-73.13255360590632,10.476639955964595,48.05752182006836
1664593046283,40.91342209549208,-73.13255360590632,10.476639955964595,48.05752182006836
1664593052328,40.91342209549208,-73.13255360590632,10.476639955964595,48.05752182006836
1664593058431,40.91342209549208,-73.13255360590632,10.476639955964595,48.05752182006836
1664593064446,40.91342209549208,-73.13255360590632,10.476639955964595,48.05752182006836
1664593070473,40.91342209549208,-73.13255360590632,10.476639955964595,48.05752182006836
1664593082902,40.91342209549208,-73.13255360590632,10.476639955964595,48.05117416381836
1664593094902,40.91342209549208,-73.13255360590632,10.476639955964595,48.04485321044922
1664593106902,40.91342209549208,-73.13255360590632,10.476639955964595,48.038963317871094
1664593118901,40.91342209549208,-73.13255360590632,10.476639955964595,48.03291702270508
1664593130903,40.91342209549208,-73.13255360590632,10.476639955964595,48.02659606933594
1664593142901,40.91342209549208,-73.13255360590632,10.476639955964595,48.02590560913086
1664593154901,40.91342209549208,-73.13255360590632,10.476639955964595,48.019561767578125
1664593166901,40.91342209549208,-73.13255360590632,10.476639955964595,48.01358413696289
1664593172939,40.91342209549208,-73.13255360590632,10.476639955964595,48.01606369018555
1664593184901,40.91342209549208,-73.13255360590632,10.476639955964595,48.010345458984375
1664593190913,40.91342209549208,-73.13255360590632,10.476639955964595,48.01289367675781
1664593202901,40.91342209549208,-73.13255360590632,10.476639955964595,48.00718307495117
1664593208918,40.91342209549208,-73.13255360590632,10.476639955964595,48.009735107421875
1664593214962,40.91342209549208,-73.13255360590632,10.476639955964595,48.01227569580078
1664593226901,40.91342209549208,-73.13255360590632,10.476639955964595,48.006629943847656
1664593238901,40.91342209549208,-73.13255360590632,10.476639955964595,48.000858306884766
1664593250902,40.91342209549208,-73.13255360590632,10.476639955964595,47.99516296386719
1664593262901,40.91342209549208,-73.13255360590632,10.476639955964595,47.989959716796875
1664593274901,40.91342209549208,-73.13255360590632,10.476639955964595,47.98462677001953
1664593286900,40.91342209549208,-73.13255360590632,10.476639955964595,47.97906494140625
1664593298901,40.91342209549208,-73.13255360590632,10.476639955964595,47.973628997802734
1664593304920,40.91342209549208,-73.13255360590632,10.476639955964595,47.976051330566406
1664593310983,40.91342209549208,-73.13255360590632,10.476639955964595,47.97846221923828
1664593322900,40.91342209549208,-73.13255360590632,10.476639955964595,47.973243713378906
1664593334900,40.91342209549208,-73.13255360590632,10.476639955964595,47.967689514160156
1664593346900,40.91342209549208,-73.13255360590632,10.476639955964595,47.96242904663086
1664593358900,40.91342209549208,-73.13255360590632,10.476639955964595,47.9571647644043
1664593370899,40.91342209549208,-73.13255360590632,10.476639955964595,47.951351165771484
1664593382901,40.91342209549208,-73.13255360590632,10.476639955964595,47.94610595703125
1664593394900,40.91342209549208,-73.13255360590632,10.476639955964595,47.94071578979492
1664593401007,40.91342209549208,-73.13255360590632,10.476639955964595,47.9430046081543
1664593412900,40.91342209549208,-73.13255360590632,10.476639955964595,47.93790054321289
1664593424899,40.91342209549208,-73.13255360590632,10.476639955964595,47.93247985839844
1664593436899,40.91342209549208,-73.13255360590632,10.476639955964595,47.92728805541992
1664593448898,40.91342209549208,-73.13255360590632,10.476639955964595,47.922096252441406
1664593455271,40.91342209549208,-73.13255360590632,10.476639955964595,47.92436218261719
1664593466900,40.91342209549208,-73.13255360590632,10.476639955964595,47.92222595214844
1664593478900,40.91342209549208,-73.13255360590632,10.476639955964595,47.92778778076172
1664593490900,40.91342209549208,-73.13255360590632,10.476639955964595,47.9223747253418
1664593496951,40.91342209549208,-73.13255360590632,10.476639955964595,47.93537139892578
1664593508899,40.91342209549208,-73.13255360590632,10.476639955964595,47.96894836425781
1664593520899,40.91342209549208,-73.13255360590632,10.476639955964595,47.97755432128906
1664593526997,40.91342209549208,-73.13255360590632,10.476639955964595,47.99740982055664
1664593538899,40.91342209549208,-73.13255360590632,10.476639955964595,48.03645324707031
1664593544958,40.91342209549208,-73.13255360590632,10.476639955964595,48.05467224121094
1664593556899,40.91342209549208,-73.13255360590632,10.476639955964595,48.09595489501953
1664593568899,40.91342209549208,-73.13255360590632,10.476639955964595,48.10305404663086
1664593580899,40.91342209549208,-73.13255360590632,10.476639955964595,48.098716735839844
1664593592899,40.91342209549208,-73.13255360590632,10.476639955964595,48.09471130371094
1664593599038,40.91342209549208,-73.13255360590632,10.476639955964595,48.10396194458008
1664593605083,40.91342209549208,-73.13255360590632,10.476639955964595,48.135986328125
1664593611113,40.91342209549208,-73.13255360590632,10.476639955964595,48.138214111328125
1664593617181,40.91342209549208,-73.13255360590632,10.476639955964595,48.138214111328125
1664593623289,40.91342209549208,-73.13255360590632,10.476639955964595,48.138214111328125
1664593629303,40.91342209549208,-73.13255360590632,10.476639955964595,48.138214111328125
1664593640898,40.91342209549208,-73.13255360590632,10.476639955964595,48.13617706298828
1664593652899,40.91342209549208,-73.13255360590632,10.476639955964595,48.13156509399414
1664593664899,40.91342209549208,-73.13255360590632,10.476639955964595,48.130794525146484
1664593676898,40.91342209549208,-73.13255360590632,10.476639955964595,48.1273193359375
1664593688898,40.91342209549208,-73.13255360590632,10.476639955964595,48.125160217285156
1664593700898,40.91342209549208,-73.13255360590632,10.476639955964595,48.12665557861328
1664593706922,40.91342209549208,-73.13255360590632,10.476639955964595,48.138458251953125
1664593712950,40.91342209549208,-73.13255360590632,10.476639955964595,48.17353820800781
1664593724899,40.91342209549208,-73.13255360590632,10.476639955964595,48.23162841796875
1664593730929,40.91342209549208,-73.13255360590632,10.476639955964595,48.24386978149414
1664593742898,40.91342209549208,-73.13255360590632,10.476639955964595,48.26658630371094
1664593754898,40.91342209549208,-73.13255360590632,10.476639955964595,48.26219940185547
1664593766898,40.91342209549208,-73.13255360590632,10.476639955964595,48.25893020629883
1664593778897,40.91342209549208,-73.13255360590632,10.476639955964595,48.2549934387207
1664593785063,40.91342209549208,-73.13255360590632,10.476639955964595,48.256256103515625
1664593791114,40.91342209549208,-73.13255360590632,10.476639955964595,48.25749588012695
1664593797181,40.91342209549208,-73.13255360590632,10.476639955964595,48.25819396972656
1664593803195,40.91342209549208,-73.13255360590632,10.476639955964595,48.25819396972656
1664593814897,40.91342209549208,-73.13255360590632,10.476639955964595,48.255043029785156
1664593821185,40.91342209549208,-73.13255360590632,10.476639955964595,48.26148986816406
1664593827202,40.91342209549208,-73.13255360590632,10.476639955964595,48.279788970947266
1664593838897,40.91342209549208,-73.13255360590632,10.476639955964595,48.30112838745117
1664593850897,40.91342209549208,-73.13255360590632,10.476639955964595,48.30553436279297
1664593862898,40.91342209549208,-73.13255360590632,10.476639955964595,48.30494689941406
1664593873976,40.91342209549208,-73.13255360590632,10.476639955964595,48.311370849609375
1664593875312,40.91342209549208,-73.13255360590632,10.476639955964595,48.31162643432617
1664593886896,40.91342209549208,-73.13255360590632,10.476639955964595,48.3039436340332
1664593898897,40.91342209549208,-73.13255360590632,10.476639955964595,48.30548095703125
1664593910897,40.91342209549208,-73.13255360590632,10.476639955964595,48.306758880615234
1664593922897,40.91342209549208,-73.13255360590632,10.476639955964595,48.30815505981445
1664593928997,40.91342209549208,-73.13255360590632,10.476639955964595,48.31669998168945
1664593940896,40.91342209549208,-73.13255360590632,10.476639955964595,48.331932067871094
1664593952896,40.91342209549208,-73.13255360590632,10.476639955964595,48.328773498535156
1664593964896,40.91342209549208,-73.13255360590632,10.476639955964595,48.325523376464844
1664593970938,40.91342209549208,-73.13255360590632,10.476639955964595,48.3304557800293
1664593982897,40.91342209549208,-73.13255360590632,10.476639955964595,48.32722854614258
1664593994896,40.91342209549208,-73.13255360590632,10.476639955964595,48.323455810546875
1664594006897,40.91342209549208,-73.13255360590632,10.476639955964595,48.31984329223633
1664594012914,40.91342209549208,-73.13255360590632,10.476639955964595,48.3256721496582
1664594024892,40.91342209549208,-73.13255360590632,10.476639955964595,48.32215118408203
1664594036896,40.91342209549208,-73.13255360590632,10.476639955964595,48.31779098510742
1664594048896,40.91342209549208,-73.13255360590632,10.476639955964595,48.314571380615234
1664594054995,40.91342209549208,-73.13255360590632,10.476639955964595,48.31865692138672
1664594066895,40.91342209549208,-73.13255360590632,10.476639955964595,48.32666778564453
1664594078895,40.91342209549208,-73.13255360590632,10.476639955964595,48.323333740234375
1664594090896,40.91342209549208,-73.13255360590632,10.476639955964595,48.31999969482422
1664594102895,40.91342209549208,-73.13255360590632,10.476639955964595,48.320335388183594
1664594108956,40.91342209549208,-73.13255360590632,10.476639955964595,48.32876968383789
1664594115038,40.91342209549208,-73.13255360590632,10.476639955964595,48.355350494384766
1664594126895,40.91342209549208,-73.13255360590632,10.476639955964595,48.35183334350586
1664594132956,40.91342209549208,-73.13255360590632,10.476639955964595,48.35285949707031
1664594139059,40.91342209549208,-73.13255360590632,10.476639955964595,48.35382080078125
1664594145129,40.91342209549208,-73.13255360590632,10.476639955964595,48.35475540161133
1664594156895,40.91342209549208,-73.13255360590632,10.476639955964595,48.35301971435547
1664594168895,40.91342209549208,-73.13255360590632,10.476639955964595,48.352840423583984
1664594180895,40.91342209549208,-73.13255360590632,10.476639955964595,48.35329818725586
1664594192895,40.91342209549208,-73.13255360590632,10.476639955964595,48.3541145324707
1664594204894,40.91342209549208,-73.13255360590632,10.476639955964595,48.354736328125
1664594216893,40.91342209549208,-73.13255360590632,10.476639955964595,48.355255126953125
1664594228895,40.91342209549208,-73.13255360590632,10.476639955964595,48.35594177246094
1664594240895,40.91342209549208,-73.13255360590632,10.476639955964595,48.35324478149414
1664594252895,40.91342209549208,-73.13255360590632,10.476639955964595,48.3512077331543
1664594264895,40.91342209549208,-73.13255360590632,10.476639955964595,48.35068130493164
1664594270909,40.91342209549208,-73.13255360590632,10.476639955964595,48.3581657409668
1664594282894,40.91342209549208,-73.13255360590632,10.476639955964595,48.37199783325195
1664594288949,40.91342209549208,-73.13255360590632,10.476639955964595,48.380306243896484
1664594300895,40.91342209549208,-73.13255360590632,10.476639955964595,48.39308166503906
1664594306977,40.91342209549208,-73.13255360590632,10.476639955964595,48.40134811401367
1664594313068,40.91342209549208,-73.13255360590632,10.476639955964595,48.42616653442383
1664594319135,40.91342209549208,-73.13255360590632,10.476639955964595,48.47567367553711
1664594330894,40.91342209549208,-73.13255360590632,10.476639955964595,48.53739929199219
1664594336978,40.91342209549208,-73.13255360590632,10.476639955964595,48.545074462890625
1664594343041,40.91342209549208,-73.13255360590632,10.476639955964595,48.568870544433594
1664594346513,40.91342209549208,-73.13255360590632,10.476639955964595,49.13093185424805
1664594347765,40.91342209549208,-73.13255360590632,10.476639955964595,49.13021469116211
1664594352540,40.91342209549208,-73.13255360590632,10.476639955964595,49.13169860839844
1664594358529,40.91342209549208,-73.13255360590632,10.476639955964595,49.12199783325195
1664594362916,40.91342209549208,-73.13255360590632,10.476639955964595,49.121788024902344
1664594368973,40.91342209549208,-73.13255360590632,10.476639955964595,49.12178039550781
1664594372488,40.91342209549208,-73.13255360590632,10.476639955964595,49.1160888671875
1664594374514,40.91342209549208,-73.13255360590632,10.476639955964595,49.1127815246582
1664594377513,40.91342209549208,-73.13255360590632,10.476639955964595,49.13859939575195
1664594379540,40.91342209549208,-73.13255360590632,10.476639955964595,49.14789581298828
1664594383561,40.91342209549208,-73.13255360590632,10.476639955964595,49.15598678588867
1664594390714,40.91342209549208,-73.13255360590632,10.476639955964595,49.1126823425293
1664594394984,40.9135175636421,-73.13266843564169,18.109633104289124,24.548610720783472
1664594395985,40.91348487421974,-73.13262417919294,16.090976847177743,41.880886112339795
1664594396987,40.91347045734627,-73.13259475871281,14.311658222450502,43.5612449971959
1664594397956,40.91345243625446,-73.13257908455388,12.325011707369761,41.53213122859597
1664594398958,40.91345243625446,-73.13257908455388,10.754217820294189,41.53213122859597
1664594399961,40.91345243625446,-73.13257908455388,9.574689232739729,41.53213122859597
1664594400964,40.91345243625446,-73.13257908455388,8.559324723233413,41.53213122859597
1664594401966,40.91339183509453,-73.13255754306273,8.914819933334377,36.02648547664285
1664594402968,40.91339183509453,-73.13255754306273,8.991259614212126,36.02648547664285
1664594403970,40.91338655449554,-73.13254631131248,8.132383312922405,35.01003650110215
1664594404972,40.91338370464846,-73.13254455111282,7.723013247542652,34.74691394343972
1664594405974,40.91338010043009,-73.13254111453251,7.696078216746495,34.11986926570535
1664594406976,40.9133782564114,-73.13253943815188,8.072771160694227,34.45009997766465
1664594407978,40.913377795406724,-73.13253885141866,8.65850888614143,35.179958377964795
1664594408979,40.913377795406724,-73.13253885141866,8.761440326399109,35.179958377964795
1664594409980,40.913377795406724,-73.13253885141866,8.838457217491746,35.179958377964795
1664594410982,40.913377795406724,-73.13253885141866,6.278129674509723,35.179958377964795
1664594411983,40.913377795406724,-73.13253885141866,6.265206932168284,35.179958377964795
1664594412984,40.913377795406724,-73.13253885141866,5.954497723538921,35.179958377964795
1664594413985,40.913377795406724,-73.13253885141866,5.683188820188722,35.179958377964795
1664594414986,40.913377795406724,-73.13253885141866,5.521707367146655,35.179958377964795
1664594415987,40.913377795406724,-73.13253885141866,5.433207695293057,35.179958377964795
1664594416988,40.913377795406724,-73.13253885141866,5.384813778020368,35.179958377964795
1664594417989,40.913377795406724,-73.13253885141866,5.329987044124411,35.179958377964795
1664594418989,40.913377795406724,-73.13253885141866,5.279447512000737,35.179958377964795
1664594419990,40.913377795406724,-73.13253885141866,5.286506651156428,35.179958377964795
1664594420991,40.913377795406724,-73.13253885141866,5.242507520814941,35.179958377964795
1664594421991,40.913377795406724,-73.13253885141866,5.233835062238562,35.179958377964795
1664594422992,40.9134366968044,-73.13259161842524,5.230287396031603,44.07647395785898
1664594423992,40.913439483482705,-73.13259276821981,5.298147678116112,43.998013434931636
1664594424993,40.91343930222739,-73.13259203494776,5.226423521862094,44.05233130045235
1664594425993,40.91343932548481,-73.13259201932145,5.196524626273457,44.029008018784225
1664594426994,40.91342957127076,-73.13259515564503,5.288057245461282,43.97631057724357
1664594427994,40.913434109266326,-73.13259878025677,5.433200647031323,43.933939698152244
1664594428995,40.91343701228123,-73.13259760940485,7.094753608249495,43.94653183501214
1664594429995,40.91343709823247,-73.13259775648899,5.633108709240875,43.94660883862525
1664594430995,40.91343518784983,-73.13260359498457,5.817284086637517,43.9668974224478
1664594431996,40.91343518784983,-73.13260359498457,5.808693379096788,43.9668974224478
1664594432996,40.91343518784983,-73.13260359498457,5.941184566829831,43.9668974224478
1664594433996,40.91343518784983,-73.13260359498457,6.070636861031554,43.9668974224478
1664594434997,40.91343518784983,-73.13260359498457,6.1742953559586,43.9668974224478
1664594435997,40.91343518784983,-73.13260359498457,6.293193908416392,43.9668974224478
1664594436997,40.91343518784983,-73.13260359498457,6.402596647136377,43.9668974224478
1664594437997,40.91343518784983,-73.13260359498457,6.553184450799856,43.9668974224478
1664594438997,40.91343518784983,-73.13260359498457,6.6525907289502,43.9668974224478
1664594439998,40.91343518784983,-73.13260359498457,6.928196654983421,43.9668974224478
1664594440998,40.91343518784983,-73.13260359498457,7.057564486114918,43.9668974224478
1664594441998,40.91343518784983,-73.13260359498457,7.173851247667397,43.9668974224478
1664594442998,40.91343518784983,-73.13260359498457,7.165363884019091,43.9668974224478
1664594443998,40.91343518784983,-73.13260359498457,7.27267357529557,43.9668974224478
1664594444998,40.91342637012566,-73.1326050039934,7.336894560109864,43.908688485622406
1664594445999,40.91342499148828,-73.13260510361445,7.872765279540066,43.96497169137001
1664594446999,40.9134247480489,-73.1326051430451,9.22359605712495,43.84594531636685
1664594447999,40.913424030059616,-73.13260069210804,11.4398993730286,43.72113879583776
1664594448999,40.91342409957097,-73.1325740271724,12.454185711422538,43.950459118932486
1664594449999,40.9134239282482,-73.13256901312651,15.715207385151365,43.99860390275717
1664594450999,40.91342391529914,-73.13256846535734,11.255253548858486,43.90015046019107
1664594451999,40.91342391529914,-73.13256846535734,11.119405206093319,43.90015046019107
1664594452999,40.91342391529914,-73.13256846535734,11.122433859413709,43.90015046019107
1664594453999,40.91342391529914,-73.13256846535734,11.20655134391807,43.90015046019107
1664594454999,40.91342391529914,-73.13256846535734,11.278025142254783,43.90015046019107
1664594455999,40.91342391529914,-73.13256846535734,11.329057183216827,43.90015046019107
1664594456999,40.91342391529914,-73.13256846535734,11.343302267166182,43.90015046019107
1664594458000,40.91342391529914,-73.13256846535734,11.396613073661259,43.90015046019107
1664594459000,40.91342391529914,-73.13256846535734,11.447262333659939,43.90015046019107
1664594460000,40.91342391529914,-73.13256846535734,11.378388727904756,43.90015046019107
1664594461000,40.91342391529914,-73.13256846535734,11.461843469901211,43.90015046019107
1664594462000,40.91342391529914,-73.13256846535734,11.531528997127428,43.90015046019107
1664594463000,40.91342391529914,-73.13256846535734,11.577767446854418,43.90015046019107
1664594464000,40.91342391529914,-73.13256846535734,11.750739577304223,43.90015046019107
1664594465000,40.91342391529914,-73.13256846535734,11.80839530025924,43.90015046019107
1664594466000,40.91342391529914,-73.13256846535734,11.662446028706126,43.90015046019107
1664594467000,40.91342391529914,-73.13256846535734,11.752838676740241,43.90015046019107
1664594468000,40.91342391529914,-73.13256846535734,11.707135319254057,43.90015046019107
1664594469000,40.91342391529914,-73.13256846535734,11.739613466204288,43.90015046019107
1664594470000,40.91342391529914,-73.13256846535734,11.810855554331864,43.90015046019107
1664594471000,40.91342391529914,-73.13256846535734,11.871489325946758,43.90015046019107
1664594472000,40.91342391529914,-73.13256846535734,11.817251326087803,43.90015046019107
1664594473000,40.91342391529914,-73.13256846535734,11.862637418819224,43.90015046019107
1664594474000,40.91342391529914,-73.13256846535734,11.899627974752383,43.90015046019107
1664594475000,40.91342391529914,-73.13256846535734,11.971607446293833,43.90015046019107
1664594476000,40.91342391529914,-73.13256846535734,12.01279082435402,43.90015046019107
1664594477000,40.91342391529914,-73.13256846535734,12.055847201575329,43.90015046019107
1664594478000,40.91340918616649,-73.13257736644489,12.23296216122305,43.955162294209
1664594479000,40.91340891829265,-73.1325732729937,12.49883715517883,43.95651056058705
1664594480000,40.91340322637656,-73.13255683692898,12.644471822873095,44.01496337912977
1664594481000,40.913407206128824,-73.13251372705535,10.43788912177022,44.03192993532866
1664594482000,40.91340346734727,-73.13250821722318,10.573806130360696,44.16503443289548
1664594483000,40.91340290491526,-73.132505925652,11.642092086411985,44.10094731859863
1664594484000,40.91340290491526,-73.132505925652,10.918751035322723,44.10094731859863
1664594485000,40.91340290491526,-73.132505925652,10.969880162001878,44.10094731859863
1664594486027,40.91340290491526,-73.132505925652,11.012712735476619,44.10094731859863
1664594488024,40.91340290491526,-73.132505925652,11.109606838283563,44.10094731859863
1664594489026,40.91340290491526,-73.132505925652,11.018920662886893,44.10094731859863
1664594490026,40.91340290491526,-73.132505925652,11.006751024334637,44.10094731859863
1664594491027,40.91340290491526,-73.132505925652,11.065310643588855,44.10094731859863
1664594492028,40.91340290491526,-73.132505925652,10.370645829756832,44.10094731859863
1664594494017,40.91340290491526,-73.132505925652,9.37771151501315,44.10094731859863
1664594495022,40.91340290491526,-73.132505925652,9.402225014539724,44.10094731859863
1664594497026,40.91340290491526,-73.132505925652,9.462471924192151,44.10094731859863
1664594498027,40.91340290491526,-73.132505925652,9.568388304963024,44.10094731859863
1664594500028,40.91340290491526,-73.132505925652,9.713678634039953,44.10094731859863
1664594502020,40.91340290491526,-73.132505925652,9.756446076566604,44.10094731859863
1664594503027,40.91340290491526,-73.132505925652,9.887261775012423,44.10094731859863
1664594505020,40.91340290491526,-73.132505925652,8.572135749718433,44.10094731859863
1664594506030,40.91340290491526,-73.132505925652,8.646235440459135,44.10094731859863
1664594508000,40.91340290491526,-73.132505925652,8.720472814406,44.10094731859863
1664594510000,40.91340290491526,-73.132505925652,8.827309596282822,44.10094731859863
1664594512000,40.91340290491526,-73.132505925652,9.013407998922544,44.10094731859863
1664594514000,40.91340290491526,-73.132505925652,9.182260672135715,44.10094731859863
1664594516000,40.91340290491526,-73.132505925652,8.80703997443289,44.10094731859863
1664594518000,40.91340290491526,-73.132505925652,8.271243134685962,44.10094731859863
1664594520000,40.91340290491526,-73.132505925652,8.510912530990018,44.10094731859863
1664594521000,40.913420971214705,-73.13252985597343,8.57233158842724,44.32467873394489
1664594522000,40.9134227644074,-73.13253087814397,9.006779004808587,44.31304619088769
1664594523000,40.91342372506179,-73.13253100279417,10.024683589621446,44.18656390719116
1664594524001,40.9134251694653,-73.13253102493724,12.25894721104519,44.12547130603343
1664594525001,40.913425933202774,-73.13253074953646,14.978200236107758,44.13575503509492
1664594526001,40.913426683327025,-73.1325304773471,18.30357302773098,44.14301922637969
1664594528001,40.913426683327025,-73.1325304773471,11.71913855369114,44.14301922637969
1664594530001,40.913426683327025,-73.1325304773471,10.265089146691931,44.14301922637969
1664594532000,40.913426683327025,-73.1325304773471,10.43734655725495,44.14301922637969
1664594534000,40.913426683327025,-73.1325304773471,10.650959823372673,44.14301922637969
1664594536000,40.913426683327025,-73.1325304773471,10.196976167265479,44.14301922637969
1664594537000,40.91342560493375,-73.13251515176819,10.351551116074695,44.15755866095424
1664594538000,40.913425637070894,-73.1325149732094,10.502939966476022,44.06634438596666
1664594540000,40.913425637070894,-73.1325149732094,10.813516275430148,44.06634438596666
1664594542000,40.91342659229974,-73.13251663640253,10.936171743407819,44.1714032785967
1664594544000,40.91342659229974,-73.13251663640253,11.006110859223478,44.1714032785967
1664594545000,40.913427408841244,-73.13251783095163,11.105640012576574,44.301023095846176
1664594547000,40.913427408841244,-73.13251783095163,11.269248287565151,44.301023095846176
1664594548000,40.91342695858024,-73.13252316879621,10.836170534260912,44.21498960163444
1664594550000,40.91342695858024,-73.13252316879621,10.882465694442276,44.21498960163444
1664594552000,40.91342695858024,-73.13252316879621,11.103808822032589,44.21498960163444
1664594554000,40.91342695858024,-73.13252316879621,10.79992915895011,44.21498960163444
1664594556000,40.91342695858024,-73.13252316879621,10.653259744320797,44.21498960163444
1664594558000,40.91342695858024,-73.13252316879621,10.726436980600951,44.21498960163444
1664594560000,40.91342695858024,-73.13252316879621,10.684717570106974,44.21498960163444
1664594562000,40.91342695858024,-73.13252316879621,8.616088179945136,44.21498960163444
1664594564000,40.91342695858024,-73.13252316879621,8.447205974391213,44.21498960163444
1664594566026,40.91342695858024,-73.13252316879621,8.597789655191065,44.21498960163444
1664594568000,40.91342695858024,-73.13252316879621,8.810586549253987,44.21498960163444
1664594570000,40.91342695858024,-73.13252316879621,8.774388235716243,44.21498960163444
1664594572000,40.91342695858024,-73.13252316879621,8.042613062892121,44.21498960163444
1664594573026,40.91342695858024,-73.13252316879621,8.092198747300605,44.21498960163444
1664594574027,40.91342695858024,-73.13252316879621,7.86113502073417,44.21498960163444
1664594576026,40.9134401779779,-73.13253602109212,7.524893116868883,44.16182750090957
1664594577031,40.913440031846015,-73.13253682954326,7.537247936139298,44.15127096045762
1664594579025,40.913440031846015,-73.13253682954326,7.756312449970446,44.15127096045762
1664594581000,40.913440031846015,-73.13253682954326,7.467621791393741,44.15127096045762
1664594583000,40.913440031846015,-73.13253682954326,7.605804324416746,44.15127096045762
1664594585000,40.913440031846015,-73.13253682954326,7.691656643563861,44.15127096045762
1664594587000,40.913440031846015,-73.13253682954326,7.031852045509142,44.15127096045762
1664594589000,40.913440031846015,-73.13253682954326,6.997476882932778,44.15127096045762
1664594590999,40.913440031846015,-73.13253682954326,7.154684073667697,44.15127096045762
1664594592999,40.913440031846015,-73.13253682954326,7.319725543390761,44.15127096045762
1664594593999,40.91342924549637,-73.13253946470157,7.4836908263497195,44.06062175985426
1664594594999,40.913425039973816,-73.13254134123726,7.35661867465191,44.18554299976677
1664594595999,40.91342522171581,-73.13254074595135,7.424729032089967,44.116852881386876
1664594597999,40.91342522171581,-73.13254074595135,7.349139916044853,44.116852881386876
1664594599999,40.913425412792975,-73.13253933030784,7.099511459071699,44.12941102217883
1664594600999,40.91342339446613,-73.13253714558667,7.135206538293768,44.13346543814987
1664594602999,40.91342339446613,-73.13253714558667,7.294991728532015,44.13346543814987
1664594604999,40.91342339446613,-73.13253714558667,6.975673337863949,44.13346543814987
1664594606999,40.91342339446613,-73.13253714558667,7.082401578617966,44.13346543814987
1664594608999,40.91342339446613,-73.13253714558667,7.25382531215834,44.13346543814987
1664594610999,40.91342339446613,-73.13253714558667,7.189041095113729,44.13346543814987
1664594612999,40.91342339446613,-73.13253714558667,7.420817368615787,44.13346543814987
1664594614999,40.91342339446613,-73.13253714558667,7.49131084599646,44.13346543814987
1664594616999,40.91342339446613,-73.13253714558667,7.5658507816277,44.13346543814987
1664594618999,40.91342339446613,-73.13253714558667,7.795871572267309,44.13346543814987
1664594620999,40.91342339446613,-73.13253714558667,8.027586779292967,44.13346543814987
1664594622999,40.91342339446613,-73.13253714558667,7.999129004779887,44.13346543814987
1664594625026,40.91342339446613,-73.13253714558667,7.977243640963438,44.13346543814987
1664594627032,40.91342339446613,-73.13253714558667,7.508040435960893,44.13346543814987
1664594629026,40.91342339446613,-73.13253714558667,7.183432287987153,44.13346543814987
1664594630026,40.91342339446613,-73.13253714558667,7.211152780870614,44.13346543814987
1664594631025,40.913431331049836,-73.13255140913071,7.287722041057486,44.03468190599233
1664594633025,40.913431331049836,-73.13255140913071,7.181353328300171,44.03468190599233
1664594634023,40.91342182130906,-73.13256452602297,7.233029492534749,43.96330886799842
1664594635025,40.913419660436574,-73.13256601395281,7.4884027335985435,44.10962497536093
1664594636024,40.913419556357844,-73.13256633713829,8.305317647413121,44.02510393504053
1664594637032,40.91341946408339,-73.13256651991739,8.14480225778713,44.01361557841301
1664594639024,40.91341946408339,-73.13256651991739,7.621748857620828,44.01361557841301
1664594640025,40.91341946408339,-73.13256651991739,7.761277590040101,44.01361557841301
1664594641026,40.91341946408339,-73.13256651991739,7.875159242834617,44.01361557841301
1664594642031,40.91341946408339,-73.13256651991739,7.99197527490525,44.01361557841301
1664594644025,40.91341946408339,-73.13256651991739,7.754003419048574,44.01361557841301
1664594646025,40.91341946408339,-73.13256651991739,7.988453718654574,44.01361557841301
1664594648026,40.91341946408339,-73.13256651991739,8.219333983625825,44.01361557841301
1664594650027,40.91341946408339,-73.13256651991739,8.11635318520787,44.01361557841301
1664594652025,40.91341946408339,-73.13256651991739,7.79105831693137,44.01361557841301
1664594654026,40.91341946408339,-73.13256651991739,8.051395532987796,44.01361557841301
1664594656025,40.91341946408339,-73.13256651991739,8.285090696559921,44.01361557841301
1664594658025,40.91341946408339,-73.13256651991739,8.531320548597522,44.01361557841301
1664594659027,40.91341946408339,-73.13256651991739,8.640554713816405,44.01361557841301
1664594661024,40.91341946408339,-73.13256651991739,8.98511981190196,44.01361557841301
1664594662024,40.91341946408339,-73.13256651991739,8.679107313298228,44.01361557841301
1664594663030,40.91341946408339,-73.13256651991739,8.100764909240953,44.01361557841301
1664594665023,40.91341946408339,-73.13256651991739,8.327912072698217,44.01361557841301
1664594666025,40.91341946408339,-73.13256651991739,8.469539797570581,44.01361557841301
1664594667025,40.91341946408339,-73.13256651991739,8.580283519337316,44.01361557841301
1664594669025,40.91341946408339,-73.13256651991739,8.808796724420786,44.01361557841301
1664594671024,40.91341946408339,-73.13256651991739,9.033319616186372,44.01361557841301
1664594672025,40.91341946408339,-73.13256651991739,9.15035676235937,44.01361557841301
1664594673023,40.913427338003345,-73.1325510163086,9.4476293051057,44.0567274261266
1664594674025,40.913427338003345,-73.1325510163086,9.00837835906776,44.0567274261266
1664594676022,40.913427338003345,-73.1325510163086,8.451591503387236,44.0567274261266
1664594677023,40.913427338003345,-73.1325510163086,8.446080116404094,44.0567274261266
1664594679016,40.913427338003345,-73.1325510163086,8.811721363649529,44.0567274261266
1664594680016,40.913427338003345,-73.1325510163086,8.928186081610711,44.0567274261266
1664594681019,40.913427338003345,-73.1325510163086,9.026804778563815,44.0567274261266
1664594682026,40.913427338003345,-73.1325510163086,9.14002305568121,44.0567274261266
1664594683050,40.913427338003345,-73.1325510163086,9.276088357939614,44.0567274261266
1664594685015,40.913427338003345,-73.1325510163086,9.478406336812732,44.0567274261266
1664594686017,40.913427338003345,-73.1325510163086,9.07583301145947,44.0567274261266
1664594688015,40.913427338003345,-73.1325510163086,8.480565260545458,44.0567274261266
1664594692014,40.913427338003345,-73.1325510163086,8.94557712150008,44.0567274261266
1664594693014,40.913427338003345,-73.1325510163086,9.054640007698948,44.0567274261266
1664594694015,40.913427338003345,-73.1325510163086,9.169611022844492,44.0567274261266
1664594696014,40.913427338003345,-73.1325510163086,9.482459559822994,44.0567274261266
1664594697016,40.913427338003345,-73.1325510163086,9.454604873755468,44.0567274261266
1664594709013,40.91342209549208,-73.13255360590632,10.476639955964595,41.45764923095703
1664594714944,40.91342209549208,-73.13255360590632,10.476639955964595,44.356475830078125
1664594721014,40.91342209549208,-73.13255360590632,10.476639955964595,44.4467887878418
1664594722720,40.91342209549208,-73.13255360590632,10.476639955964595,47.54106903076172
1664594727033,40.91342209549208,-73.13255360590632,10.476639955964595,47.54167938232422
1664594733061,40.91342209549208,-73.13255360590632,10.476639955964595,48.28857421875
1664594739629,40.91342209549208,-73.13255360590632,10.476639955964595,49.02178192138672
1664594746253,40.91342209549208,-73.13255360590632,10.476639955964595,49.00680923461914
1664594758014,40.91342209549208,-73.13255360590632,10.476639955964595,48.642215728759766
1664594765456,40.91342209549208,-73.13255360590632,10.476639955964595,49.023380279541016
1664594771971,40.91342209549208,-73.13255360590632,10.476639955964595,49.01901626586914
1664594781615,40.91342209549208,-73.13255360590632,10.476639955964595,48.983882904052734
1664594784014,40.91342209549208,-73.13255360590632,10.476639955964595,48.597312927246094
1664594793724,40.91342209549208,-73.13255360590632,10.476639955964595,48.902374267578125
1664594800285,40.91342209549208,-73.13255360590632,10.476639955964595,49.02753829956055
1664594806794,40.91342209549208,-73.13255360590632,10.476639955964595,49.31305694580078
1664594816890,40.91342209549208,-73.13255360590632,10.476639955964595,49.03560256958008
1664594822015,40.91342956118166,-73.13251944638961,7.490232725272344,48.262066275812685
1664594824016,40.91342956118166,-73.13251944638961,7.282914180897068,48.262066275812685
1664594826015,40.91342956118166,-73.13251944638961,7.486108967709798,48.262066275812685
1664594841014,40.91342209549208,-73.13255360590632,10.476639955964595,45.32025909423828
1664594843058,40.91342209549208,-73.13255360590632,10.476639955964595,46.0426025390625
1664594853015,40.91342209549208,-73.13255360590632,10.476639955964595,45.84785842895508
1664594857046,40.91342209549208,-73.13255360590632,10.476639955964595,45.84785842895508
1664594859014,40.913449659458415,-73.13252063830996,9.263259633499093,44.74431055225432
1664594861011,40.913449659458415,-73.13252063830996,9.599565191504546,44.74431055225432
1664594862012,40.913449659458415,-73.13252063830996,9.726190721320362,44.74431055225432
1664594863020,40.913449659458415,-73.13252063830996,9.821263368133138,44.74431055225432
1664594877014,40.91342209549208,-73.13255360590632,10.476639955964595,42.145286560058594
1664594879014,40.913436522998225,-73.13252585545814,11.024087037437772,44.33641287218779
1664594880015,40.913436522998225,-73.13252585545814,11.102295736201162,44.33641287218779
1664594881015,40.91343654516456,-73.13252592123732,11.284202289555239,44.160421427339315
1664594882015,40.91343654516456,-73.13252592123732,11.36901800181587,44.160421427339315
1664594883041,40.91343654516456,-73.13252592123732,11.471475869609483,44.160421427339315
1664594901015,40.91342209549208,-73.13255360590632,10.476639955964595,41.561195373535156
1664594903183,40.91342209549208,-73.13255360590632,10.476639955964595,48.177677154541016
1664594913014,40.91342209549208,-73.13255360590632,10.476639955964595,47.11394500732422
1664594914025,40.91342209549208,-73.13255360590632,10.476639955964595,47.83245086669922
1664594920104,40.91342209549208,-73.13255360590632,10.476639955964595,48.31110763549805
1664594926600,40.91342209549208,-73.13255360590632,10.476639955964595,48.78534698486328
1664594933615,40.91342209549208,-73.13255360590632,10.476639955964595,49.01210021972656
1664594940092,40.91342209549208,-73.13255360590632,10.476639955964595,49.12500762939453
1664594947748,40.91342209549208,-73.13255360590632,10.476639955964595,49.177574157714844
1664594952012,40.9134293246212,-73.13252686120215,8.355215029289253,45.07331436127424
1664594953016,40.9134293246212,-73.13252686120215,8.485878834506837,45.07331436127424
1664594955015,40.9134293246212,-73.13252686120215,8.83930838726928,45.07331436127424
1664594956016,40.9134293246212,-73.13252686120215,8.9472776752311,45.07331436127424
1664594958015,40.913430227132054,-73.13252749344109,9.186452689701767,44.19281122647226
1664594960014,40.913430227132054,-73.13252749344109,9.401204521161246,44.19281122647226
1664594961014,40.913430227132054,-73.13252749344109,9.032361788082337,44.19281122647226
1664594963021,40.913430227132054,-73.13252749344109,8.5114071398002,44.19281122647226
1664594969016,40.91342983509891,-73.13252637886208,9.287628400447579,44.15515382681042
1664594971015,40.91342983509891,-73.13252637886208,9.495485267481056,44.15515382681042
1664594972015,40.91342983509891,-73.13252637886208,9.600091028630963,44.15515382681042
1664594973016,40.91342983509891,-73.13252637886208,9.214872232551718,44.15515382681042
1664594984016,40.91342209549208,-73.13255360590632,10.476639955964595,42.46952438354492
1664594994119,40.91342209549208,-73.13255360590632,10.476639955964595,46.754638671875
1664594996015,40.91342209549208,-73.13255360590632,10.476639955964595,46.383094787597656
1664595004051,40.91342209549208,-73.13255360590632,10.476639955964595,47.031280517578125
1664595010512,40.91342209549208,-73.13255360590632,10.476639955964595,49.02531814575195
1664595016990,40.91342209549208,-73.13255360590632,10.476639955964595,49.155086517333984
1664595023412,40.91342209549208,-73.13255360590632,10.476639955964595,49.17703628540039
1664595030027,40.91342209549208,-73.13255360590632,10.476639955964595,49.15546798706055
1664595038218,40.91342209549208,-73.13255360590632,10.476639955964595,49.087799072265625
1664595048836,40.91342209549208,-73.13255360590632,10.476639955964595,49.18622589111328
1664595054855,40.91342209549208,-73.13255360590632,10.476639955964595,49.21688461303711
1664595066490,40.91342209549208,-73.13255360590632,10.476639955964595,49.20800018310547
1664595075125,40.91342209549208,-73.13255360590632,10.476639955964595,49.25054168701172
1664595083145,40.91342209549208,-73.13255360590632,10.476639955964595,49.17543029785156
1664595088784,40.91342209549208,-73.13255360590632,10.476639955964595,49.21525573730469
1664595094809,40.91342209549208,-73.13255360590632,10.476639955964595,49.21596145629883
1664595107017,40.91342209549208,-73.13255360590632,10.476639955964595,47.58306884765625
1664595119016,40.91342209549208,-73.13255360590632,10.476639955964595,46.017173767089844
1664595124816,40.91342209549208,-73.13255360590632,10.476639955964595,49.017333984375
1664595129017,40.91342688001286,-73.1325218810832,15.170623910652301,48.76511185336858
1664595130017,40.91344498112757,-73.13252298189445,18.936450023271583,45.62009894941002
1664595131017,40.91344534573764,-73.13251988556075,13.974070826764939,45.64214616827667
1664595132018,40.913449677949735,-73.13252455152578,14.431547057948388,44.708023368380964
1664595133015,40.91345077150438,-73.13252450779457,15.207281594824352,44.60219606012106
1664595134014,40.913450694477696,-73.13252441082733,16.768880532788927,44.37708592135459
1664595134268,40.91345069662044,-73.13252438558862,17.201708908145115,44.358929513953626
1664595135018,40.91345154129791,-73.1325243605669,18.673027326890637,44.37108408007771
1664595136019,40.91345177599218,-73.13252436050652,16.849159776963496,44.360272489488125
1664595137020,40.91345177599218,-73.13252436050652,17.20065635116001,44.360272489488125
1664595137997,40.913441724989625,-73.1325217493559,13.354936372686204,44.26576182153076
1664595138997,40.91344124737569,-73.13252214506583,13.441182513955752,44.31821409519762
1664595140997,40.91344124737569,-73.13252214506583,13.533363449671533,44.31821409519762
1664595142997,40.91344124737569,-73.13252214506583,11.335850633067093,44.31821409519762
1664595144002,40.913405647367874,-73.13256191882348,10.33603989976917,44.18016967177391
1664595145002,40.913405626623934,-73.13256193245094,9.337232184806364,44.17811465077102
1664595146002,40.91339312960695,-73.13257748192905,9.114065188389047,44.20424650795758
1664595147001,40.913389226284984,-73.13258515008664,9.07312687591822,44.237587720155716
1664595148001,40.91338023727484,-73.13259049441456,8.364018082846894,44.26742033846676
1664595149001,40.913381945491714,-73.13259034281009,7.512442928261351,44.16331235691905
1664595150001,40.9133985621327,-73.13258687149231,7.004741199954148,44.07007274311036
1664595151001,40.91340965203936,-73.13257523503843,7.191447517734772,43.99994017742574
1664595152001,40.913408452237235,-73.13257199253417,7.571438737176301,44.02641830127686
1664595153001,40.91340885086344,-73.13257066101664,7.742705492813008,44.01938567683101
1664595154001,40.91340381881442,-73.13256979574334,7.133246624708438,44.05817346274853
1664595155001,40.913408349478956,-73.1325746750411,7.360827556755695,44.052019307389855
1664595156001,40.913420545226636,-73.13257995029848,8.108164532490308,43.988196820020676
1664595158000,40.9134185537788,-73.1325819103782,6.884293236957701,43.99671714194119
1664595159000,40.913420079094536,-73.13257627734278,6.661595361372297,44.05187419243157
1664595160000,40.91341972615656,-73.13257986386968,6.5288877810015595,43.93306598905474
1664595162000,40.913417169014885,-73.13257259168904,6.020420886520804,43.90301984269172
1664595163000,40.91342582477574,-73.13256740990717,6.13177205236992,44.07965464890003
1664595165000,40.913423286740816,-73.13256679411087,6.171976023724763,43.99750425759703
1664595166000,40.913423131706416,-73.13257161861762,6.134395614216147,44.04409138672054
1664595167000,40.91341821108088,-73.13257589421997,6.426481728394632,43.9878183491528
1664595168000,40.91341531554335,-73.1325799375172,7.8542862067577355,44.021060125902295
1664595169000,40.91341133141857,-73.1325819451731,7.181266999851297,44.012858249247074
1664595171000,40.91341133141857,-73.1325819451731,7.026011115060987,44.012858249247074
1664595173000,40.91341133141857,-73.1325819451731,6.168749759094279,44.012858249247074
1664595175000,40.913409865401654,-73.13261396496895,5.988942726220467,43.931605520658195
1664595177000,40.91340492343052,-73.13262390485025,6.2779744613338115,43.872338961809874
1664595179000,40.91340492343052,-73.13262390485025,6.469637926822922,43.872338961809874
1664595180000,40.91339917338567,-73.13262985526852,6.38114750716982,43.786824454553425
1664595181000,40.91339914760071,-73.13262988145456,6.16427880965957,43.782849214971066
1664595182000,40.91338888036876,-73.13262927800413,6.363299881830487,43.91130496840924
1664595183000,40.91338594604328,-73.13263320576927,6.9682926612226135,43.842704695649445
1664595184000,40.91338151955682,-73.13262800283631,7.925522531501477,44.067796824499965
1664595185000,40.913390072122844,-73.13262559147762,8.590180764812889,44.216261816211045
1664595185999,40.91339195482503,-73.13262671475077,10.611237448317155,44.08056907821447
1664595186999,40.9133956294589,-73.1326210420238,11.59336224218014,43.90403213724494
1664595187999,40.91341220899391,-73.13260013058483,11.967528979950908,43.91931920778006
1664595188999,40.91341645495514,-73.13259269297942,15.322472601634333,43.90456106327474
1664595189999,40.91342069132328,-73.13258535748888,19.3307431471393,43.840815431438386
1664595190999,40.913424602456,-73.1325782585664,23.58686699245856,44.034480936825275
1664595191999,40.91342863761706,-73.13257124623807,28.370649363737357,43.99029211420566
1664595192999,40.91343290497831,-73.13256376528848,33.86602403861764,43.96728384681046
1664595193999,40.91343638556395,-73.1325450984976,38.47003323288781,44.03272999357432
1664595194999,40.91345774296046,-73.13251027268352,17.483846836348782,43.95548426359892
1664595195999,40.91345734890921,-73.13250829001079,14.287937425284472,43.99836039356887
1664595196999,40.91345382444305,-73.13252591342558,12.884002528307848,44.07626356743276
1664595197999,40.91346805693261,-73.13255689567069,10.362829320331489,44.053230474703014
1664595198999,40.91346575155928,-73.13252386439405,9.221955353430229,44.17924698069692
1664595199999,40.91346933219769,-73.13251644080245,8.331078236971104,44.06961155310273
1664595200999,40.91346632005824,-73.1325217780739,7.984912380173731,44.24936828762293
1664595201999,40.91347474865645,-73.13250973416204,6.906766619174275,44.19047911837697
1664595202999,40.91347587268016,-73.13251516990599,7.029179825691966,44.195849060080945
1664595204999,40.913474458177404,-73.1325228641343,6.540778975277074,44.21194334514439
1664595206999,40.913474458177404,-73.1325228641343,6.318665087029596,44.21194334514439
1664595208999,40.913474458177404,-73.1325228641343,6.240926238349155,44.21194334514439
1664595210999,40.913474458177404,-73.1325228641343,6.1478491305175424,44.21194334514439
1664595212999,40.913474458177404,-73.1325228641343,6.026187894571983,44.21194334514439
1664595214999,40.913474458177404,-73.1325228641343,5.99038950261452,44.21194334514439
1664595216999,40.913474458177404,-73.1325228641343,5.723812189274612,44.21194334514439
1664595218999,40.913474458177404,-73.1325228641343,5.747190421598582,44.21194334514439
1664595220999,40.913474458177404,-73.1325228641343,5.773732804202041,44.21194334514439
1664595222999,40.913474458177404,-73.1325228641343,5.747381347647724,44.21194334514439
1664595224999,40.913474458177404,-73.1325228641343,5.6858597902009755,44.21194334514439
1664595226999,40.91347667786225,-73.13255162645315,5.954222162027458,44.239417280070484
1664595227999,40.9134792509033,-73.13255400590303,6.32945959305449,44.18570619542152
1664595228999,40.913475327264784,-73.13255231738947,7.247434073217754,44.159688032232225
1664595229999,40.91347512436715,-73.13255257737029,6.482423095159391,44.158489155583084
1664595230999,40.91348372644306,-73.13255792449536,6.653772709087322,44.085738545283675
1664595231999,40.9134837741984,-73.13255800790884,6.425017450098799,44.08411760348827
1664595233999,40.9134837741984,-73.13255800790884,6.346944573229766,44.08411760348827
1664595235999,40.9134837741984,-73.13255800790884,6.290464144900295,44.08411760348827
1664595237999,40.9134837741984,-73.13255800790884,6.193380222554158,44.08411760348827
1664595239999,40.9134837741984,-73.13255800790884,6.075681908478967,44.08411760348827
1664595241999,40.9134837741984,-73.13255800790884,5.960781086914026,44.08411760348827
1664595243999,40.9134837741984,-73.13255800790884,5.914659586050453,44.08411760348827
1664595245999,40.9134837741984,-73.13255800790884,5.824716852143814,44.08411760348827
1664595247999,40.9134837741984,-73.13255800790884,5.8073595331937025,44.08411760348827
1664595249999,40.9134837741984,-73.13255800790884,5.780204917343694,44.08411760348827
1664595251999,40.9134837741984,-73.13255800790884,5.696765752182094,44.08411760348827
1664595253999,40.9134837741984,-73.13255800790884,5.4117785968536,44.08411760348827
1664595255999,40.9134837741984,-73.13255800790884,5.412461983378737,44.08411760348827
1664595257999,40.9134837741984,-73.13255800790884,5.522012965444684,44.08411760348827
1664595259999,40.9134837741984,-73.13255800790884,5.579045673863087,44.08411760348827
1664595260999,40.913474311522165,-73.13257814474883,5.718371105944497,44.06821852829307
1664595262999,40.913474311522165,-73.13257814474883,5.6803293688622025,44.06821852829307
1664595264999,40.913474311522165,-73.13257814474883,5.495529244364405,44.06821852829307
1664595266999,40.913474311522165,-73.13257814474883,5.532046114193928,44.06821852829307
1664595268999,40.913474311522165,-73.13257814474883,5.554423512628354,44.06821852829307
1664595269999,40.913474311522165,-73.13257814474883,5.47441400695047,44.06821852829307
1664595271999,40.91347386474071,-73.132605704609,5.583460663203352,43.951902396045625
1664595272999,40.913471497672255,-73.13260639479982,6.015507836384523,44.04568734765053
1664595273999,40.91346466975949,-73.13260656331235,6.469206430596628,43.95361211709678
1664595274999,40.913460697496845,-73.13260431174487,6.757411383746425,43.882051329128444
1664595275999,40.913459585451456,-73.13260252116817,6.135557115849866,43.891738689504564
1664595277999,40.913459585451456,-73.13260252116817,5.894190671267525,43.891738689504564
1664595279999,40.913452155930344,-73.13260431806225,5.875126880966077,43.990466996096075
1664595280999,40.913448971656315,-73.13260417284168,6.038412282450019,44.01666137948632
1664595281999,40.91344726986242,-73.13260832043575,6.5862446115504225,43.966330241411924
1664595282999,40.91344261677006,-73.13259922993961,6.4291907202320635,43.948831494897604
1664595283999,40.91344469399303,-73.13260225104676,6.822938437624995,43.94128520973027
1664595284999,40.913444009084294,-73.13260081371892,7.775379738135578,43.979698814451694
1664595285999,40.913444057939586,-73.13260052349975,7.376844610732212,43.94129337090999
1664595287999,40.91344168525156,-73.13259991719352,7.800395053106876,43.76928405929357
1664595288999,40.91344166438457,-73.1325998731949,7.326292756042188,43.87552672158927
1664595289999,40.91344072588071,-73.13258721312181,7.413843681530014,43.916735514998436
1664595290999,40.91344126654565,-73.13258447245914,7.850672061244317,43.72065481636673
1664595291999,40.91344201813072,-73.13258482408831,8.866411508133709,43.91037189774215
1664595292999,40.913440688677355,-73.13258046596417,8.573039484707351,44.02021999191493
1664595294999,40.913440688677355,-73.13258046596417,8.6561320934914,44.02021999191493
1664595296999,40.913440688677355,-73.13258046596417,8.76346797364533,44.02021999191493
1664595298999,40.913440688677355,-73.13258046596417,8.977748379769878,44.02021999191493
1664595300999,40.913440688677355,-73.13258046596417,8.66044921702297,44.02021999191493
1664595301999,40.91342831510097,-73.13258183899569,8.775629782035148,43.955236330628395
1664595303999,40.91342831510097,-73.13258183899569,8.876137824444537,43.955236330628395
1664595305999,40.91342831510097,-73.13258183899569,8.959682881360083,43.955236330628395
1664595307999,40.91342831510097,-73.13258183899569,9.050755263724852,43.955236330628395
1664595309999,40.91342831510097,-73.13258183899569,9.120909423437325,43.955236330628395
1664595311999,40.91342831510097,-73.13258183899569,9.206197965308798,43.955236330628395
1664595313999,40.91342831510097,-73.13258183899569,9.300681510495819,43.955236330628395
1664595315999,40.91342831510097,-73.13258183899569,9.526297983637116,43.955236330628395
1664595316999,40.913408140656315,-73.13258399144999,9.71541469492346,44.007847976870835
1664595318999,40.913408140656315,-73.13258399144999,9.738517534604277,44.007847976870835
1664595319999,40.91340765125281,-73.13260317444957,9.793099204361118,43.99470292683691
1664595320999,40.91340770557201,-73.1326014084215,9.834088530840127,43.88211570121348
1664595321999,40.91340769200821,-73.132601428492,9.866222492207315,43.845771895721555
1664595322999,40.91340843573542,-73.13260373493173,10.062322945899915,43.89971675444394
1664595323999,40.913408454389604,-73.1326037306667,10.07821042048809,43.89998773485422
1664595325999,40.913408454389604,-73.1326037306667,10.127205125831763,43.89998773485422
1664595327999,40.913408454389604,-73.1326037306667,10.188103944195523,43.89998773485422
1664595329999,40.913408454389604,-73.1326037306667,10.26131753743607,43.89998773485422
1664595331999,40.91340265614959,-73.13257437107609,10.391738859258078,43.86808218806982
1664595332999,40.91340259174341,-73.13257425473172,10.42787998129551,43.871716463938355
1664595334999,40.91340259174341,-73.13257425473172,10.482033480622299,43.871716463938355
1664595336999,40.91341200456441,-73.13256680369946,10.46644197107043,43.92096690647304
1664595338999,40.91341200456441,-73.13256680369946,10.495599082147654,43.92096690647304
1664595340999,40.91341200456441,-73.13256680369946,10.635119257907748,43.92096690647304
1664595342999,40.91341200456441,-73.13256680369946,10.691764810450634,43.92096690647304
1664595344999,40.91341848824161,-73.13258335640384,10.620124884004134,44.05760423839092
1664595345999,40.91341150857958,-73.13258325450954,10.803933988742822,44.09932470601052
1664595346999,40.91341870108993,-73.1325637736847,11.35365696714659,43.906545700505376
1664595347999,40.913417101289646,-73.1325654151261,10.678525615835618,43.90378950256854
1664595348999,40.91341709926277,-73.1325654927333,10.442680178142572,43.89751058630645
1664595350999,40.91341709926277,-73.1325654927333,10.071068099991347,43.89751058630645
1664595352999,40.91341709926277,-73.1325654927333,9.715131060297457,43.89751058630645
1664595353999,40.913410532380155,-73.13259959056501,9.75471376391108,44.039010788314044
1664595354999,40.91340642950348,-73.13261045801293,9.697014706882095,43.93465763237327
1664595356999,40.91340642950348,-73.13261045801293,9.475111667154387,43.93465763237327
1664595358999,40.91342594731948,-73.13260002025436,9.353373846844255,43.94421649817377
1664595360999,40.91342594731948,-73.13260002025436,9.275892718792033,43.94421649817377
1664595362999,40.91342594731948,-73.13260002025436,9.131131530938957,43.94421649817377
1664595364999,40.91342594731948,-73.13260002025436,8.94059541455466,43.94421649817377
1664595366999,40.91342594731948,-73.13260002025436,8.918781833303806,43.94421649817377
1664595368999,40.91342594731948,-73.13260002025436,8.889461869093303,43.94421649817377
1664595370999,40.91342594731948,-73.13260002025436,8.913326016073148,43.94421649817377
1664595372999,40.91342594731948,-73.13260002025436,8.887727393496538,43.94421649817377
1664595374999,40.91342594731948,-73.13260002025436,8.842827640830352,43.94421649817377
1664595376999,40.91342594731948,-73.13260002025436,8.858497309756231,43.94421649817377
1664595378999,40.91342594731948,-73.13260002025436,8.984529612897663,43.94421649817377
1664595380999,40.91342594731948,-73.13260002025436,8.97112669907951,43.94421649817377
1664595382999,40.91342594731948,-73.13260002025436,8.91335780377887,43.94421649817377
1664595384999,40.913420262338356,-73.13258107517517,8.982434550473501,43.81134293694049
1664595386999,40.913420262338356,-73.13258107517517,5.495042357741863,43.81134293694049
1664595387999,40.91344517924563,-73.13258984688694,5.314022266951513,44.26493175793439
1664595388999,40.913444010318,-73.1325886659393,5.2073661006879535,44.22993754968047
1664595390999,40.913444010318,-73.1325886659393,5.086682240582298,44.22993754968047
1664595391999,40.913445648997595,-73.13257882002662,5.0556998261517805,44.24593675415963
1664595393999,40.913445648997595,-73.13257882002662,5.0040707985241895,44.24593675415963
1664595394999,40.91344597464278,-73.13257445578176,4.994137179415796,44.30257495585829
1664595395999,40.91344596971176,-73.13257445914864,4.967602861471071,44.316657952964306
1664595397999,40.91344596971176,-73.13257445914864,4.941504983834596,44.316657952964306
1664595399999,40.91344044329662,-73.13257884470985,4.930468567535994,44.30640145856887
1664595401999,40.913439747951244,-73.13257855181476,4.928083135263942,44.22346510365605
1664595403999,40.913439747951244,-73.13257855181476,4.913737753309819,44.22346510365605
1664595405999,40.913439747951244,-73.13257855181476,4.918588564697867,44.22346510365605
1664595407999,40.913439747951244,-73.13257855181476,4.915394873256696,44.22346510365605
1664595409999,40.913439747951244,-73.13257855181476,4.930727806850513,44.22346510365605
1664595411999,40.913439747951244,-73.13257855181476,4.9248746830175945,44.22346510365605
1664595413999,40.913439747951244,-73.13257855181476,4.922202513871943,44.22346510365605
1664595414999,40.91343287778781,-73.13257902873471,4.940370505478746,44.14287378359586
1664595415999,40.91343354416986,-73.13257849779491,4.936883920154379,44.23008860275149
1664595416999,40.91343341183286,-73.13257869384233,4.942571090932128,44.23829366546124
1664595418999,40.91343341183286,-73.13257869384233,4.960770033797614,44.23829366546124
1664595420999,40.91343341183286,-73.13257869384233,4.937132331174678,44.23829366546124
1664595422999,40.91343341183286,-73.13257869384233,4.922913981787025,44.23829366546124
1664595424999,40.91343341183286,-73.13257869384233,4.91448438703669,44.23829366546124
1664595426999,40.91343341183286,-73.13257869384233,4.91069061284347,44.23829366546124
1664595428999,40.91343341183286,-73.13257869384233,4.907302135588125,44.23829366546124
1664595430999,40.91343341183286,-73.13257869384233,4.913156129942151,44.23829366546124
1664595432999,40.91343341183286,-73.13257869384233,4.907320146844867,44.23829366546124
1664595434999,40.91343341183286,-73.13257869384233,4.902825529625189,44.23829366546124
1664595436999,40.91343341183286,-73.13257869384233,4.906716809729355,44.23829366546124
1664595438999,40.91343341183286,-73.13257869384233,4.909654920059937,44.23829366546124
1664595440999,40.91343341183286,-73.13257869384233,4.908244797970034,44.23829366546124
1664595442999,40.91343341183286,-73.13257869384233,4.918184300178093,44.23829366546124
1664595444999,40.91343341183286,-73.13257869384233,4.923188970974059,44.23829366546124
1664595446999,40.91343341183286,-73.13257869384233,4.9290721961164135,44.23829366546124
1664595448999,40.91343341183286,-73.13257869384233,4.920713904348688,44.23829366546124
1664595450999,40.91343341183286,-73.13257869384233,4.924295023747301,44.23829366546124
1664595452999,40.91343341183286,-73.13257869384233,4.917292644875746,44.23829366546124
1664595454999,40.91343341183286,-73.13257869384233,4.915404373282299,44.23829366546124
1664595456999,40.91343341183286,-73.13257869384233,4.920331147643238,44.23829366546124
1664595458999,40.91343341183286,-73.13257869384233,4.926317267069706,44.23829366546124
1664595460999,40.91343341183286,-73.13257869384233,4.927596696451642,44.23829366546124
1664595462999,40.91343341183286,-73.13257869384233,4.9275933804793715,44.23829366546124
1664595463999,40.913433262385304,-73.13260089514168,4.9394151187584905,44.261042680591345
1664595464999,40.91343268710481,-73.1325985619861,4.995884770349453,44.3467301717028
1664595465999,40.91343279971827,-73.13259834000199,4.978426154975309,44.35741576179862
1664595467999,40.91343273826384,-73.13259807618023,4.979740179829256,44.1920450925827
1664595469999,40.91343273826384,-73.13259807618023,5.005501911281555,44.1920450925827
1664595471999,40.91343273826384,-73.13259807618023,4.9881449676578,44.1920450925827
1664595473999,40.91343273826384,-73.13259807618023,4.975340969655462,44.1920450925827
1664595475999,40.91343273826384,-73.13259807618023,4.950835770762415,44.1920450925827
1664595477999,40.91343273826384,-73.13259807618023,4.9366489098959905,44.1920450925827
1664595479999,40.91343273826384,-73.13259807618023,4.933619274370856,44.1920450925827
1664595481999,40.91343273826384,-73.13259807618023,4.936687584749669,44.1920450925827
1664595483999,40.91343273826384,-73.13259807618023,4.929602074431029,44.1920450925827
1664595485999,40.91343273826384,-73.13259807618023,4.919435876473618,44.1920450925827
1664595487999,40.91343273826384,-73.13259807618023,4.91027339839847,44.1920450925827
1664595488999,40.91342449116734,-73.13261217017559,4.930796300582526,44.323982196860015
1664595490999,40.91342449116734,-73.13261217017559,4.9392111130170315,44.323982196860015
1664595492999,40.91342337757419,-73.13260753615563,4.957285596052719,44.24675546493381
1664595494999,40.91342337757419,-73.13260753615563,4.947898497020088,44.24675546493381
1664595496999,40.91342337757419,-73.13260753615563,4.941586275811293,44.24675546493381
1664595498999,40.91342337757419,-73.13260753615563,4.954982934098929,44.24675546493381
1664595500999,40.913413965939604,-73.13260456827557,4.955099913282916,44.181785312481225
1664595502999,40.913413965939604,-73.13260456827557,4.955452110550565,44.181785312481225
1664595504999,40.913413965939604,-73.13260456827557,4.953169123467995,44.181785312481225
1664595506999,40.913413965939604,-73.13260456827557,4.954361023058077,44.181785312481225
1664595508999,40.913409671530246,-73.13259762377605,4.963098201165038,44.159496899694204
1664595510999,40.913409671530246,-73.13259762377605,4.974098208858558,44.159496899694204
1664595512999,40.913409671530246,-73.13259762377605,4.9710388264506316,44.159496899694204
1664595514999,40.913409671530246,-73.13259762377605,4.9952164968763535,44.159496899694204
1664595516998,40.913409671530246,-73.13259762377605,4.996385147240058,44.159496899694204
1664595518998,40.91340376503985,-73.13257733943794,5.0057123285315175,44.13207527715713
1664595520998,40.91340376503985,-73.13257733943794,4.998989764523164,44.13207527715713
1664595521999,40.91340376503985,-73.13257733943794,4.986296205539204,44.13207527715713
1664595522999,40.91340376503985,-73.13257733943794,4.973451357260186,44.13207527715713
1664595523999,40.91340376503985,-73.13257733943794,4.958744585896254,44.13207527715713
1664595525999,40.91340376503985,-73.13257733943794,4.953100029115719,44.13207527715713
1664595527999,40.91340376503985,-73.13257733943794,4.952737786408614,44.13207527715713
1664595528999,40.91340376503985,-73.13257733943794,4.963336594682029,44.13207527715713
1664595529999,40.91340376503985,-73.13257733943794,4.963788844886984,44.13207527715713
1664595530999,40.91340376503985,-73.13257733943794,4.960877670386637,44.13207527715713
1664595531999,40.91340376503985,-73.13257733943794,4.954679744756735,44.13207527715713
1664595532999,40.91340376503985,-73.13257733943794,4.948061380374875,44.13207527715713
1664595533999,40.91340376503985,-73.13257733943794,4.946848266359688,44.13207527715713
1664595534999,40.91340376503985,-73.13257733943794,4.952776921206512,44.13207527715713
1664595535999,40.91340376503985,-73.13257733943794,4.9448473679727805,44.13207527715713
1664595537999,40.91340376503985,-73.13257733943794,4.956917059379984,44.13207527715713
1664595539999,40.91340376503985,-73.13257733943794,4.957427780645576,44.13207527715713
1664595541999,40.91340376503985,-73.13257733943794,4.96058346601248,44.13207527715713
1664595543999,40.91340376503985,-73.13257733943794,4.968181882248426,44.13207527715713
1664595545999,40.91340376503985,-73.13257733943794,4.980771012802756,44.13207527715713
1664595547999,40.91340376503985,-73.13257733943794,4.9800870282163086,44.13207527715713
1664595549999,40.91340376503985,-73.13257733943794,4.968140648279693,44.13207527715713
1664595551999,40.91340376503985,-73.13257733943794,4.9753789253740415,44.13207527715713
1664595553999,40.91340376503985,-73.13257733943794,4.975513615539767,44.13207527715713
1664595555999,40.91340376503985,-73.13257733943794,4.9742676091353495,44.13207527715713
1664595557999,40.91340376503985,-73.13257733943794,4.984162772616438,44.13207527715713
1664595559999,40.91339385581999,-73.13258276102404,4.99231240631583,44.05937631987035
1664595560999,40.91339390079872,-73.13258277305617,4.992832107637555,44.06431968975812
1664595562999,40.91339390079872,-73.13258277305617,5.015263047807454,44.06431968975812
1664595564999,40.91339390079872,-73.13258277305617,5.014173165285158,44.06431968975812
1664595566999,40.91339390079872,-73.13258277305617,4.999111452048444,44.06431968975812
1664595568999,40.91339390079872,-73.13258277305617,5.010553104975282,44.06431968975812
1664595570999,40.91339390079872,-73.13258277305617,5.017359778941118,44.06431968975812
1664595572999,40.913399380957124,-73.13258095153034,5.028047241110075,43.88705855421722
1664595573999,40.913397785450165,-73.13258208732604,5.030276996947388,43.99524757824838
1664595574999,40.91339779001005,-73.13257994531065,5.053056344486221,43.9677704134956
1664595575999,40.91339775571073,-73.13257981003609,5.053188654254576,43.971908387728035
1664595576999,40.91339701978647,-73.13258141893088,5.049711844264473,43.9769141394645
1664595578999,40.91339701978647,-73.13258141893088,5.0492517186607415,43.9769141394645
1664595579999,40.91340091741065,-73.1325837893675,5.044275722937117,44.00774984527379
1664595580999,40.913400314335895,-73.13258359124745,5.095974735955154,43.96931536961347
1664595581999,40.91339937199198,-73.13258529647867,5.224186891647068,44.05081250704825
1664595582999,40.91339557272049,-73.13258380199191,5.400149459572967,43.902667499147356
1664595583999,40.91339425123303,-73.13258426883917,6.832127092840295,43.94450106844306
1664595584999,40.91339390172057,-73.13258453711634,5.928159530665875,44.022269449196756
1664595586999,40.91339390172057,-73.13258453711634,6.1318182756317885,44.022269449196756
1664595588999,40.91339390172057,-73.13258453711634,6.39430918649577,44.022269449196756
1664595590999,40.91339390172057,-73.13258453711634,6.703751039517734,44.022269449196756
1664595592999,40.91339390172057,-73.13258453711634,7.12966785778321,44.022269449196756
1664595594999,40.91339390172057,-73.13258453711634,7.415972079347722,44.022269449196756
1664595596999,40.91339390172057,-73.13258453711634,7.670539985490618,44.022269449196756
1664595598999,40.91339390172057,-73.13258453711634,7.920674879556076,44.022269449196756
1664595600999,40.91339390172057,-73.13258453711634,8.167732535982918,44.022269449196756
1664595602999,40.91339390172057,-73.13258453711634,8.406870495585702,44.022269449196756
1664595604999,40.91339390172057,-73.13258453711634,8.62958520136961,44.022269449196756
1664595606999,40.91339560458218,-73.13258754895357,8.860704501148852,43.95469573978335
1664595608999,40.91339560458218,-73.13258754895357,9.181716321143245,43.95469573978335
1664595609999,40.9133956554923,-73.13258802445709,9.3053489323865,43.9780903570354
1664595611999,40.9133956554923,-73.13258802445709,9.483662164609491,43.9780903570354
1664595612999,40.91339570870505,-73.13258644384335,6.886388754767648,43.859719342552125
1664595614999,40.91339570870505,-73.13258644384335,5.422061011617474,43.859719342552125
1664595616999,40.91339570870505,-73.13258644384335,5.2181454557893865,43.859719342552125
1664595618999,40.91339570870505,-73.13258644384335,5.129032826279486,43.859719342552125
1664595620999,40.91339570870505,-73.13258644384335,5.082231684991928,43.859719342552125
1664595622999,40.91339570870505,-73.13258644384335,5.06307816333586,43.859719342552125
1664595624999,40.91339570870505,-73.13258644384335,5.03965672470859,43.859719342552125
1664595626999,40.91339570870505,-73.13258644384335,5.027005835891719,43.859719342552125
1664595628999,40.91339570870505,-73.13258644384335,5.026509607369231,43.859719342552125
1664595630999,40.91339570870505,-73.13258644384335,5.02434008729293,43.859719342552125
1664595632999,40.91339570870505,-73.13258644384335,5.023783480667112,43.859719342552125
1664595634999,40.91339570870505,-73.13258644384335,5.016788499538782,43.859719342552125
1664595636999,40.91339570870505,-73.13258644384335,5.008856682876018,43.859719342552125
1664595638999,40.91339570870505,-73.13258644384335,5.005278640821264,43.859719342552125
1664595640999,40.91339570870505,-73.13258644384335,5.01994890108519,43.859719342552125
1664595642999,40.91339570870505,-73.13258644384335,5.0187178388427345,43.859719342552125
1664595644999,40.91339570870505,-73.13258644384335,5.019164156964591,43.859719342552125
1664595646999,40.91339570870505,-73.13258644384335,5.0135724698942035,43.859719342552125
1664595647999,40.91342176520204,-73.13256187887555,5.039086320789936,43.97006216645241
1664595649999,40.91342176520204,-73.13256187887555,5.046985726399358,43.97006216645241
1664595651999,40.91342176520204,-73.13256187887555,5.042038046187808,43.97006216645241
1664595652999,40.91342176520204,-73.13256187887555,5.045091927818231,43.97006216645241
1664595653999,40.91342176520204,-73.13256187887555,5.030276335233904,43.97006216645241
1664595654999,40.91342176520204,-73.13256187887555,5.031718561973251,43.97006216645241
1664595655999,40.91342176520204,-73.13256187887555,5.028605720263689,43.97006216645241
1664595657999,40.91342176520204,-73.13256187887555,5.065780412079131,43.97006216645241
1664595659999,40.91342176520204,-73.13256187887555,5.054109943847475,43.97006216645241
1664595661999,40.91342424146916,-73.13256695694075,5.081699511531315,43.9741095546633
1664595663999,40.91342424146916,-73.13256695694075,5.111085671650325,43.9741095546633
1664595664999,40.91342173802542,-73.13256173279626,5.181360163658113,43.98988223075867
1664595665999,40.91342173802542,-73.13256173279626,5.127476196415023,43.98988223075867
1664595666999,40.91342173802542,-73.13256173279626,5.110574888307741,43.98988223075867
1664595667999,40.91342173802542,-73.13256173279626,5.070733573585191,43.98988223075867
1664595668999,40.91342173802542,-73.13256173279626,5.059965354707541,43.98988223075867
1664595669999,40.91342173802542,-73.13256173279626,5.048896668833763,43.98988223075867
1664595670999,40.91342173802542,-73.13256173279626,5.070149102804839,43.98988223075867
1664595671999,40.91342173802542,-73.13256173279626,5.071914878075014,43.98988223075867
1664595673999,40.91343106041068,-73.1325590393245,5.061784084905874,44.06674487143755
1664595674999,40.91343110225471,-73.13255900523612,5.086395843964693,44.067024344578385
1664595676999,40.91343110225471,-73.13255900523612,5.103437693486085,44.067024344578385
1664595678999,40.91343110225471,-73.13255900523612,5.085086608476637,44.067024344578385
1664595680999,40.91343110225471,-73.13255900523612,5.049208650429388,44.067024344578385
1664595682999,40.91343110225471,-73.13255900523612,5.026621493124602,44.067024344578385
1664595684999,40.91343110225471,-73.13255900523612,5.026914062811846,44.067024344578385
1664595686999,40.91343110225471,-73.13255900523612,5.012887896837565,44.067024344578385
1664595688999,40.91343110225471,-73.13255900523612,5.020128284240455,44.067024344578385
1664595690999,40.91343972451738,-73.13256936070783,5.038100147847736,43.96358298137784
1664595691999,40.91343815002241,-73.13257166555529,5.036210210267651,43.953690057620406
1664595692999,40.913439462749665,-73.13257009738615,5.14344653306992,43.96108770556748
1664595693999,40.913439673645236,-73.13257035608807,5.129223758717198,44.113621873781085
1664595695999,40.913439673645236,-73.13257035608807,5.144431661854821,44.113621873781085
1664595697999,40.913439673645236,-73.13257035608807,5.154897121143117,44.113621873781085
1664595699999,40.913439673645236,-73.13257035608807,5.1836502587695765,44.113621873781085
1664595701999,40.913439673645236,-73.13257035608807,5.198110696723517,44.113621873781085
1664595703999,40.913439673645236,-73.13257035608807,5.1766946521627455,44.113621873781085
1664595705999,40.913439673645236,-73.13257035608807,5.190038937930439,44.113621873781085
1664595707999,40.913439673645236,-73.13257035608807,5.209275806522764,44.113621873781085
1664595709999,40.913439673645236,-73.13257035608807,5.22405388500236,44.113621873781085
1664595711999,40.913439673645236,-73.13257035608807,5.233752552640175,44.113621873781085
1664595713999,40.913439673645236,-73.13257035608807,5.243020449909106,44.113621873781085
1664595715999,40.913439673645236,-73.13257035608807,5.2039303565798,44.113621873781085
1664595717999,40.913439673645236,-73.13257035608807,5.21185784131553,44.113621873781085
1664595719999,40.913439673645236,-73.13257035608807,5.232325670990795,44.113621873781085
1664595721999,40.913439673645236,-73.13257035608807,5.234382596961602,44.113621873781085
1664595723999,40.913439673645236,-73.13257035608807,5.232842440274559,44.113621873781085
1664595725999,40.913439673645236,-73.13257035608807,5.228120110510321,44.113621873781085
1664595726999,40.91345386746781,-73.13258448457057,5.229389853877438,43.99111479986459
1664595728999,40.91345386746781,-73.13258448457057,5.242787060356544,43.99111479986459
1664595730999,40.91345386746781,-73.13258448457057,5.2492322264672895,43.99111479986459
1664595732999,40.91345386746781,-73.13258448457057,5.245133174206722,43.99111479986459
1664595734999,40.91345386746781,-73.13258448457057,5.20271242989508,43.99111479986459
1664595736999,40.91345256569682,-73.13258815373113,5.2610875574342355,43.91298536863178
1664595737999,40.91345207100207,-73.13258924577579,5.4022121683563,43.924698798917234
1664595738999,40.91345959300041,-73.1325864789581,5.53454845614733,43.88100892864168
1664595739999,40.91346536420414,-73.13258480974102,5.850638868345496,43.92016358859837
1664595740999,40.91347910179417,-73.13257560309751,5.728850527353543,43.91302540432662
1664595742999,40.91347910179417,-73.13257560309751,5.231155097287722,43.91302540432662
1664595744999,40.91347910179417,-73.13257560309751,5.119463320944696,43.91302540432662
1664595746999,40.91347910179417,-73.13257560309751,5.047857922990362,43.91302540432662
1664595748999,40.91347910179417,-73.13257560309751,5.01881104419484,43.91302540432662
1664595750999,40.91347910179417,-73.13257560309751,5.010443329242882,43.91302540432662
1664595752999,40.91347910179417,-73.13257560309751,5.001089242536897,43.91302540432662
1664595754999,40.91347910179417,-73.13257560309751,5.002935889400639,43.91302540432662
1664595756999,40.91347910179417,-73.13257560309751,4.998628289555975,43.91302540432662
1664595758999,40.91347910179417,-73.13257560309751,4.98266132829681,43.91302540432662
1664595760999,40.91347910179417,-73.13257560309751,4.988593135988408,43.91302540432662
1664595762999,40.91347910179417,-73.13257560309751,5.003171306058251,43.91302540432662
1664595764999,40.91347910179417,-73.13257560309751,4.991994492849354,43.91302540432662
1664595766999,40.91347910179417,-73.13257560309751,5.012096056171391,43.91302540432662
1664595768999,40.91347910179417,-73.13257560309751,4.996892755238866,43.91302540432662
1664595770999,40.91347910179417,-73.13257560309751,4.998116152849479,43.91302540432662
1664595772999,40.91347910179417,-73.13257560309751,5.004210749481474,43.91302540432662
1664595773999,40.91347910179417,-73.13257560309751,5.020811729134477,43.91302540432662
1664595775999,40.91347910179417,-73.13257560309751,5.0518001319136605,43.91302540432662
1664595777999,40.91347910179417,-73.13257560309751,5.026544426175256,43.91302540432662
1664595779999,40.91347910179417,-73.13257560309751,5.06301779219473,43.91302540432662
1664595781999,40.91347910179417,-73.13257560309751,5.146932725110594,43.91302540432662
1664595783999,40.91347910179417,-73.13257560309751,5.237740672404484,43.91302540432662
1664595785999,40.91347910179417,-73.13257560309751,5.334482281584452,43.91302540432662
1664595787999,40.91347910179417,-73.13257560309751,5.423437207604386,43.91302540432662
1664595788999,40.91347910179417,-73.13257560309751,5.48784492897757,43.91302540432662
1664595789999,40.91347910179417,-73.13257560309751,5.622523380901016,43.91302540432662
1664595791999,40.91347910179417,-73.13257560309751,5.922780215422371,43.91302540432662
1664595793999,40.91347304862613,-73.13258174933117,6.208106771764294,44.04850921686739
1664595794999,40.91347298931674,-73.13258163023028,6.717012988394644,43.90404614619911
1664595795999,40.91347297906263,-73.13258160088614,6.773849430790258,43.9348185416311
1664595797999,40.91347297906263,-73.13258160088614,7.054494684987517,43.9348185416311
1664595799999,40.91347297906263,-73.13258160088614,7.316092277747651,43.9348185416311
1664595801999,40.91347297906263,-73.13258160088614,7.232999635918943,43.9348185416311
1664595803999,40.91347297906263,-73.13258160088614,7.506346490640176,43.9348185416311
1664595804999,40.91347297906263,-73.13258160088614,7.639154739922224,43.9348185416311
1664595806999,40.91347297906263,-73.13258160088614,7.897622578898987,43.9348185416311
1664595808999,40.91347297906263,-73.13258160088614,8.139649132636313,43.9348185416311
1664595810999,40.91347297906263,-73.13258160088614,8.382312912067917,43.9348185416311
1664595812999,40.91347297906263,-73.13258160088614,8.575643201528994,43.9348185416311
1664595814999,40.91347297906263,-73.13258160088614,8.829570512613847,43.9348185416311
1664595816999,40.91347297906263,-73.13258160088614,9.040970885044999,43.9348185416311
1664595818999,40.91347297906263,-73.13258160088614,9.251052499988203,43.9348185416311
1664595820999,40.91347297906263,-73.13258160088614,9.581124885642783,43.9348185416311
1664595822999,40.91347297906263,-73.13258160088614,9.783323547546393,43.9348185416311
1664595824999,40.91347297906263,-73.13258160088614,9.966776172402637,43.9348185416311
1664595826999,40.91347297906263,-73.13258160088614,10.166092841828005,43.9348185416311
1664595828999,40.91347297906263,-73.13258160088614,10.352671710102358,43.9348185416311
1664595830999,40.91347297906263,-73.13258160088614,10.518199064975505,43.9348185416311
1664595832999,40.91347297906263,-73.13258160088614,10.73103668231347,43.9348185416311
1664595834999,40.91347297906263,-73.13258160088614,10.892184494930227,43.9348185416311
1664595836999,40.91347297906263,-73.13258160088614,11.011355232178426,43.9348185416311
1664595838999,40.91347297906263,-73.13258160088614,11.10706563725152,43.9348185416311
1664595840999,40.91347297906263,-73.13258160088614,11.281782058802479,43.9348185416311
1664595842999,40.91347297906263,-73.13258160088614,11.458428035091261,43.9348185416311
1664595844999,40.913467286077925,-73.13257906140471,11.707357323707955,43.95084903296083
1664595845999,40.9134670543782,-73.13257903259849,12.094621482514489,44.01959276292473
1664595846999,40.913467035465544,-73.1325790435248,12.049810960057377,44.022708769887686
1664595848999,40.91346739880992,-73.13257877517549,12.342125157757598,43.84882245399058
1664595850999,40.91346739880992,-73.13257877517549,12.474489768072333,43.84882245399058
1664595852999,40.91346051156418,-73.1325797809275,12.73010257400795,43.948004241101444
1664595853999,40.91346067393789,-73.13258009541896,12.750836039547622,43.928264286369085
1664595854999,40.913457412339305,-73.13258031937652,13.11714856376683,43.905974922701716
1664595855999,40.913461238885475,-73.13257933928853,13.855754790779113,43.962268573231995
1664595857999,40.913461238885475,-73.13257933928853,13.359972864169443,43.962268573231995
1664595859999,40.913461238885475,-73.13257933928853,13.40537545923415,43.962268573231995
1664595861999,40.913461238885475,-73.13257933928853,13.525111125412002,43.962268573231995
1664595863999,40.913461238885475,-73.13257933928853,13.625173434596938,43.962268573231995
1664595865999,40.913461238885475,-73.13257933928853,13.720521951719055,43.962268573231995
1664595867999,40.913461238885475,-73.13257933928853,13.834438526173217,43.962268573231995
1664595869999,40.913461238885475,-73.13257933928853,13.952233614919331,43.962268573231995
1664595871999,40.913461238885475,-73.13257933928853,14.062454676379444,43.962268573231995
1664595873999,40.913461238885475,-73.13257933928853,14.10886686046419,43.962268573231995
1664595875999,40.913461238885475,-73.13257933928853,14.142038738207514,43.962268573231995
1664595877999,40.913461238885475,-73.13257933928853,14.19260685278535,43.962268573231995
1664595879999,40.913461238885475,-73.13257933928853,14.278321972202551,43.962268573231995
1664595881999,40.9134445564984,-73.13257017835797,14.31922387034842,43.98648718278855
1664595882999,40.91344455579472,-73.13257017466725,14.376451145631815,43.98708735406399
1664595884999,40.91344455579472,-73.13257017466725,14.447385122225489,43.98708735406399
1664595886999,40.91344455579472,-73.13257017466725,14.408852832561527,43.98708735406399
1664595888999,40.91344455579472,-73.13257017466725,14.535844324317354,43.98708735406399
1664595890999,40.91344455579472,-73.13257017466725,14.66449007689818,43.98708735406399
1664595892999,40.91344455579472,-73.13257017466725,14.782744379588907,43.98708735406399
1664595894999,40.91344455579472,-73.13257017466725,14.892912806726384,43.98708735406399
1664595896999,40.91344455579472,-73.13257017466725,15.00440550052346,43.98708735406399
1664595898999,40.91344455579472,-73.13257017466725,15.125658130120781,43.98708735406399
1664595899999,40.91344455579472,-73.13257017466725,15.194060110505674,43.98708735406399
1664595901999,40.91344455579472,-73.13257017466725,15.27058161670342,43.98708735406399
1664595903999,40.91344455579472,-73.13257017466725,10.102796646091331,43.98708735406399
1664595905999,40.91344455579472,-73.13257017466725,7.484948795033654,43.98708735406399
1664595907999,40.91344455579472,-73.13257017466725,6.328026567302298,43.98708735406399
1664595908999,40.91344455579472,-73.13257017466725,6.078792363292385,43.98708735406399
1664595909999,40.91344455579472,-73.13257017466725,5.891106871130021,43.98708735406399
1664595910999,40.913444142838074,-73.13262517372462,5.750660686072698,44.032131924293935
1664595911999,40.913444142838074,-73.13262517372462,5.647984337090392,44.032131924293935
1664595913999,40.913444142838074,-73.13262517372462,5.552971350686398,44.032131924293935
1664595915999,40.913444142838074,-73.13262517372462,5.47799230686339,44.032131924293935
1664595916999,40.91345363588624,-73.13262134102499,5.475572290019119,43.82136712316424
1664595917999,40.91345363588624,-73.13262134102499,5.453395159702181,43.82136712316424
1664595918999,40.91345363588624,-73.13262134102499,5.381898943443277,43.82136712316424
1664595919999,40.91345363588624,-73.13262134102499,5.371934120000936,43.82136712316424
1664595920999,40.91345363588624,-73.13262134102499,5.337103313273661,43.82136712316424
1664595921999,40.91345363588624,-73.13262134102499,5.307648899927703,43.82136712316424
1664595923999,40.91345363588624,-73.13262134102499,5.280265902852378,43.82136712316424
1664595925999,40.91345363588624,-73.13262134102499,5.275901854517288,43.82136712316424
1664595927999,40.91345363588624,-73.13262134102499,5.250092743421968,43.82136712316424
1664595929999,40.91345363588624,-73.13262134102499,5.268652201787552,43.82136712316424
1664595931999,40.91345363588624,-73.13262134102499,5.2301740036139845,43.82136712316424
1664595933999,40.91345363588624,-73.13262134102499,5.245284872890609,43.82136712316424
1664595935999,40.91345363588624,-73.13262134102499,5.265693291726228,43.82136712316424
1664595937999,40.91342241828438,-73.13263638536637,5.253169438486142,43.816809341311455
1664595938999,40.91342221868201,-73.13263646445922,5.260773610731397,43.82007291074842
1664595940999,40.91342221868201,-73.13263646445922,5.255637591246378,43.82007291074842
1664595942999,40.91342221868201,-73.13263646445922,5.2080747598085075,43.82007291074842
1664595944999,40.91342221868201,-73.13263646445922,5.211308974555871,43.82007291074842
1664595946999,40.91342221868201,-73.13263646445922,5.3083454500074305,43.82007291074842
1664595948999,40.91342221868201,-73.13263646445922,5.377862025754183,43.82007291074842
1664595950999,40.91342221868201,-73.13263646445922,5.471175008552883,43.82007291074842
1664595952999,40.91342221868201,-73.13263646445922,5.598756209208882,43.82007291074842
1664595954999,40.91342221868201,-73.13263646445922,5.729678896143972,43.82007291074842
1664595956999,40.91342221868201,-73.13263646445922,6.01823847741235,43.82007291074842
1664595958999,40.91342221868201,-73.13263646445922,6.3470224978036125,43.82007291074842
1664595960999,40.91342221868201,-73.13263646445922,6.659031603666592,43.82007291074842
1664595962999,40.91342221868201,-73.13263646445922,6.950814199036331,43.82007291074842
1664595964999,40.91342221868201,-73.13263646445922,7.380451836817907,43.82007291074842
1664595966999,40.91342221868201,-73.13263646445922,7.64142758673495,43.82007291074842
1664595968999,40.91342221868201,-73.13263646445922,7.424199326447963,43.82007291074842
1664595970999,40.91342221868201,-73.13263646445922,7.6792119821078515,43.82007291074842
1664595972999,40.91342221868201,-73.13263646445922,7.932920973732229,43.82007291074842
1664595974999,40.91342221868201,-73.13263646445922,6.433915192722125,43.82007291074842
1664595976999,40.91342221868201,-73.13263646445922,6.257782414524027,43.82007291074842
1664595978999,40.91342221868201,-73.13263646445922,6.127292679874376,43.82007291074842
1664595979999,40.91338081745506,-73.1326398788007,6.092052600321519,43.81292583420873
1664595981999,40.91336785728882,-73.13264274844633,6.089895102553947,43.83606838993728
1664595982999,40.91336839602179,-73.13264274173393,6.247187691307097,43.87062557134777
1664595983999,40.913364189705845,-73.132640652528,6.808325145299562,43.63359015621245
1664595984999,40.91335663307852,-73.1326507175984,6.957693634521067,43.780086267739534
1664595985999,40.91337990721559,-73.1326511817985,6.437899920740006,43.72920294292271
1664595987999,40.91337990721559,-73.1326511817985,6.255768967250632,43.72920294292271
1664595989999,40.91337990721559,-73.1326511817985,6.157790851686777,43.72920294292271
1664595991999,40.91337990721559,-73.1326511817985,5.584081709638321,43.72920294292271
1664595993999,40.91337990721559,-73.1326511817985,5.425404068575399,43.72920294292271
1664595995999,40.91337990721559,-73.1326511817985,5.313164043564041,43.72920294292271
1664595997999,40.91337990721559,-73.1326511817985,5.349326138168872,43.72920294292271
1664595999999,40.91337990721559,-73.1326511817985,5.338076013084413,43.72920294292271
1664596001999,40.91337990721559,-73.1326511817985,5.355612225255033,43.72920294292271
1664596003999,40.91337990721559,-73.1326511817985,5.381889460995531,43.72920294292271
1664596004999,40.913365418944316,-73.13264782953772,5.394038846932976,43.74963077250868
1664596006999,40.913365418944316,-73.13264782953772,5.272882371188542,43.74963077250868
1664596008999,40.913365418944316,-73.13264782953772,5.310237472122525,43.74963077250868
1664596010999,40.913365418944316,-73.13264782953772,5.313745883479934,43.74963077250868
1664596012999,40.913365418944316,-73.13264782953772,5.169259278884247,43.74963077250868
1664596014999,40.913365418944316,-73.13264782953772,5.13912605819949,43.74963077250868
1664596016999,40.913365418944316,-73.13264782953772,5.202301849578314,43.74963077250868
1664596018999,40.913365418944316,-73.13264782953772,5.170986057011055,43.74963077250868
1664596020999,40.913365418944316,-73.13264782953772,5.159158229671241,43.74963077250868
1664596022999,40.913365418944316,-73.13264782953772,5.1399594095466155,43.74963077250868
1664596024999,40.913365418944316,-73.13264782953772,5.125028879432084,43.74963077250868
1664596025999,40.913365418944316,-73.13264782953772,5.097719394226477,43.74963077250868
1664596026999,40.91337330310281,-73.1326669241534,5.141386597630846,43.775554947555065
1664596027999,40.913374839396184,-73.13266692198538,5.1907277547026,43.628550068475306
1664596029999,40.913374839396184,-73.13266692198538,5.224004490109583,43.628550068475306
1664596031999,40.913374839396184,-73.13266692198538,5.252939879192371,43.628550068475306
1664596033999,40.913374839396184,-73.13266692198538,5.148895543959586,43.628550068475306
1664596035999,40.913374839396184,-73.13266692198538,5.093942746014167,43.628550068475306
1664596037999,40.913374839396184,-73.13266692198538,5.059586632976817,43.628550068475306
1664596039999,40.913374839396184,-73.13266692198538,5.090568049095814,43.628550068475306
1664596040999,40.913374839396184,-73.13266692198538,5.066188692036737,43.628550068475306
1664596041999,40.913374839396184,-73.13266692198538,5.054501101261344,43.628550068475306
1664596043999,40.913374839396184,-73.13266692198538,5.064990803704083,43.628550068475306
1664596045999,40.913374839396184,-73.13266692198538,5.094559687480683,43.628550068475306
1664596047999,40.913374839396184,-73.13266692198538,5.09245944298815,43.628550068475306
1664596048999,40.91339851788397,-73.13265012099218,5.090450942483202,43.60994491446763
1664596049999,40.913399238804374,-73.13264877442612,5.157829768831814,43.66969870124012
1664596050999,40.913398259234526,-73.13264809024201,5.209991634964113,43.609711178578436
1664596051999,40.91339487365421,-73.13264532472036,5.494355538809152,43.66852934937924
1664596052999,40.913394685723745,-73.13264503326067,5.264795321764358,43.67130711860955
1664596054999,40.913394685723745,-73.13264503326067,5.225460632917793,43.67130711860955
1664596056999,40.913394685723745,-73.13264503326067,5.129748380093793,43.67130711860955
1664596058999,40.913394685723745,-73.13264503326067,5.073466427762055,43.67130711860955
1664596060999,40.913394685723745,-73.13264503326067,5.046145960436693,43.67130711860955
1664596062999,40.91340944764344,-73.13264109114351,5.057007121435038,43.54610665794462
1664596064999,40.91340944764344,-73.13264109114351,5.0599407531461775,43.54610665794462
1664596065999,40.91341211278193,-73.13264176601382,5.0451470488591985,43.575180682353675
1664596066999,40.91341230299945,-73.13264189179672,5.039793973607306,43.440933109261096
1664596068999,40.91341230299945,-73.13264189179672,5.044447347208899,43.440933109261096
1664596070999,40.91341230299945,-73.13264189179672,5.03788449734682,43.440933109261096
1664596072999,40.91341230299945,-73.13264189179672,5.036945163018293,43.440933109261096
1664596074999,40.91341230299945,-73.13264189179672,5.035270684431933,43.440933109261096
1664596076999,40.91341230299945,-73.13264189179672,5.0367478090830105,43.440933109261096
1664596078999,40.91341230299945,-73.13264189179672,5.072614380743027,43.440933109261096
1664596080999,40.91341230299945,-73.13264189179672,5.049879920996039,43.440933109261096
1664596082999,40.91341230299945,-73.13264189179672,5.034452755007268,43.440933109261096
1664596084999,40.91341230299945,-73.13264189179672,5.01963025954238,43.440933109261096
1664596086999,40.91341230299945,-73.13264189179672,5.037145102889451,43.440933109261096
1664596088999,40.91341230299945,-73.13264189179672,5.071520009640862,43.440933109261096
1664596090999,40.91341230299945,-73.13264189179672,5.092464374718232,43.440933109261096
1664596092999,40.91341230299945,-73.13264189179672,5.101198779933119,43.440933109261096
1664596094999,40.91341230299945,-73.13264189179672,5.052127431668288,43.440933109261096
1664596096999,40.91341230299945,-73.13264189179672,5.016601645092116,43.440933109261096
1664596098999,40.91341230299945,-73.13264189179672,5.000106722991915,43.440933109261096
1664596100999,40.91339800246413,-73.13260417910372,4.9966418761275495,43.8230636715889
1664596102999,40.91339800246413,-73.13260417910372,4.995708029788711,43.8230636715889
1664596104999,40.91339800246413,-73.13260417910372,4.979479484605736,43.8230636715889
1664596106999,40.91339800246413,-73.13260417910372,4.983982732495972,43.8230636715889
1664596107999,40.9134005035647,-73.13259385415697,4.985613189433633,43.841029312461615
1664596109999,40.9134005035647,-73.13259385415697,5.008672159932044,43.841029312461615
1664596111999,40.9134005035647,-73.13259385415697,5.009389329887891,43.841029312461615
1664596113999,40.9134005035647,-73.13259385415697,5.029387974211774,43.841029312461615
1664596115999,40.9134005035647,-73.13259385415697,5.021683971097436,43.841029312461615
1664596117999,40.9134005035647,-73.13259385415697,5.0125689015320845,43.841029312461615
1664596119999,40.9134005035647,-73.13259385415697,4.973617123882078,43.841029312461615
1664596120999,40.91340477190885,-73.13259024599432,4.969355932041818,43.8821406532079
1664596121999,40.913403937456,-73.1325964343798,5.0280580402399035,43.879806984215975
1664596122999,40.91340468203914,-73.13260295731133,5.178738954496755,43.850037794560194
1664596123999,40.91340484476734,-73.13260243392641,5.109072609324963,43.902847258374095
1664596124999,40.913407772011325,-73.13260639044964,5.318758878336034,43.92570763267577
1664596125999,40.91340876553961,-73.13260634950717,6.511419539291366,43.96285574976355
1664596126999,40.91340892708109,-73.13260651121487,5.767027158828332,43.97252100147307
1664596128999,40.91340892708109,-73.13260651121487,5.925179891310575,43.97252100147307
1664596130999,40.91341047355367,-73.13260616224903,6.504025995788181,44.020955956541
1664596131999,40.913410855270314,-73.132606332791,7.655006285763503,43.91124142613262
1664596132999,40.91341087432755,-73.13260633196414,7.234833884246866,43.90853151958436
1664596133999,40.91342189202843,-73.13260449598992,6.425019782483027,43.74315592739731
1664596135999,40.91342643944179,-73.13261284591894,5.964817830926986,43.90658079367131
1664596136999,40.91342653572012,-73.13261254223376,5.837284341207522,43.91249120887369
1664596138999,40.91342653572012,-73.13261254223376,5.8941529616876815,43.91249120887369
1664596139999,40.913429689628636,-73.13262542970645,5.8249975670179746,43.8960510417819
1664596140999,40.91342977367711,-73.13262549924865,5.754095375740387,43.91816176660359
1664596142999,40.91342977367711,-73.13262549924865,5.603577368061562,43.91816176660359
1664596144999,40.91342977367711,-73.13262549924865,5.795865109542524,43.91816176660359
1664596146999,40.91342977367711,-73.13262549924865,5.879158325216169,43.91816176660359
1664596147999,40.91342702278647,-73.13267051145974,5.831675807951559,43.857544402591884
1664596148999,40.913427497848666,-73.13267299744322,6.140612916362391,43.76591741107404
1664596149999,40.91343349861081,-73.13267065144156,6.133792244909248,43.70582646410912
1664596151999,40.91343859768631,-73.13267330038241,6.500702067760479,43.565076529979706
1664596152999,40.913442416615936,-73.13266791167077,6.9924554423285255,43.646711740642786
1664596153999,40.91344347767926,-73.13265901900769,7.146847445316255,43.70981307141483
1664596154999,40.9134413833281,-73.13262469992819,6.947548577834333,43.67824628762901
1664596155999,40.91344342737322,-73.13262428554285,6.8805369553009745,43.61644815746695
1664596156999,40.91345080767218,-73.13262939597435,6.908292267931351,43.66826074011624
1664596157999,40.913452888107074,-73.13263565052202,5.899483730441009,43.71762022189796
1664596158999,40.91344376125969,-73.13262510662024,5.720449192759611,43.902053605765104
1664596159999,40.91345143380806,-73.13262215965389,5.527037682758146,43.84429891873151
1664596160999,40.91344383573791,-73.13262648526172,5.45337386917563,43.91507092490792
1664596161999,40.91343198344056,-73.13263193805273,5.547462263184236,43.968627070076764
1664596162999,40.91343635393333,-73.13263746092237,6.529398967375085,43.93110097385943
1664596163999,40.913431897254895,-73.13264397201566,8.836056236787142,43.94004268106073
1664596164999,40.91343007353248,-73.13264981254014,11.635042162860284,43.927226399071515
1664596165999,40.913429620061805,-73.1326510894564,8.675971522260712,43.818671736866236
1664596166999,40.913429620061805,-73.1326510894564,8.633031412123525,43.818671736866236
1664596168999,40.913429620061805,-73.1326510894564,8.769224519893632,43.818671736866236
1664596170999,40.913429620061805,-73.1326510894564,8.938278148572646,43.818671736866236
1664596171999,40.913429620061805,-73.1326510894564,9.034782592638992,43.818671736866236
1664596172999,40.913429620061805,-73.1326510894564,9.155265859162178,43.818671736866236
1664596173999,40.913432827448894,-73.13264308644287,9.416540569121267,43.736287077888846
1664596174999,40.91343233380594,-73.13263985951802,9.801535155582963,43.6594133367762
1664596175999,40.913432371404845,-73.13264043944356,10.802104775772762,43.692732906900346
1664596176999,40.91342996362772,-73.13263716146075,12.321215321776956,43.785578285343945
1664596177999,40.91342262679528,-73.13261903343907,14.069718077974718,43.567310286685824
1664596178999,40.91342230066377,-73.13261848590317,12.067842536689518,43.53745531570166
1664596179999,40.91342230066377,-73.13261848590317,12.033797761842635,43.53745531570166
1664596180999,40.91342230066377,-73.13261848590317,10.342997028713006,43.53745531570166
1664596181999,40.91342230066377,-73.13261848590317,9.846217527090332,43.53745531570166
1664596182999,40.91342230066377,-73.13261848590317,9.663372205386281,43.53745531570166
1664596183999,40.91342230066377,-73.13261848590317,9.405728327732694,43.53745531570166
1664596184999,40.91342230066377,-73.13261848590317,9.263098352054328,43.53745531570166
1664596185999,40.91342230066377,-73.13261848590317,9.201022061278227,43.53745531570166
1664596186999,40.91342230066377,-73.13261848590317,9.140770651560041,43.53745531570166
1664596187999,40.91342230066377,-73.13261848590317,9.053772659302723,43.53745531570166
1664596188999,40.91342230066377,-73.13261848590317,8.906725128668066,43.53745531570166
1664596189999,40.91342230066377,-73.13261848590317,7.94853056794046,43.53745531570166
1664596190999,40.91342230066377,-73.13261848590317,6.619783467446301,43.53745531570166
1664596191999,40.91342230066377,-73.13261848590317,6.6581813251812765,43.53745531570166
1664596192999,40.91342230066377,-73.13261848590317,6.476986057525013,43.53745531570166
1664596194999,40.91342230066377,-73.13261848590317,6.018157823788322,43.53745531570166
1664596195999,40.91348675685644,-73.13258013169397,6.138273944156552,43.76862275786698
1664596196999,40.91348695384839,-73.13258050678247,6.001938343553571,43.861390536651015
1664596197999,40.91348695384839,-73.13258050678247,5.583743404963148,43.861390536651015
1664596199999,40.91348563559216,-73.1325887284654,5.704379175181535,43.86199858877808
1664596201999,40.91348563559216,-73.1325887284654,5.918502650926497,43.86199858877808
1664596203999,40.91348563559216,-73.1325887284654,5.983129078270139,43.86199858877808
1664596205999,40.91348563559216,-73.1325887284654,5.917084658309085,43.86199858877808
1664596206999,40.913489645239785,-73.1325740961766,5.987125345192317,43.90738459955901
1664596207999,40.91347777086412,-73.13258497752986,6.0196855130609475,43.87384333927184
1664596208999,40.91347742963468,-73.13258522913749,7.17812154964841,43.98990064393729
1664596209999,40.913476761230456,-73.13258550285683,9.343578605127282,43.99058001674712
1664596210999,40.91347572210009,-73.13258577519744,13.082469502795899,43.7024008827284
1664596211999,40.91347505095043,-73.132586117338,16.986535073071817,43.68255692254752
1664596212999,40.91347493974666,-73.13258616178068,11.208059122536545,43.669822523370385
1664596214999,40.91347493974666,-73.13258616178068,10.800828064734722,43.669822523370385
1664596215999,40.913478052070204,-73.13258502816029,10.878714550569457,44.40564121585339
1664596216999,40.91347810080058,-73.13258508018929,11.444605512993242,43.89478768501431
1664596217999,40.91347814992554,-73.13258498822682,12.404776677843424,43.86168704275042
1664596218999,40.91347803789692,-73.13258441501,14.696670189036109,43.77305817883462
1664596219999,40.91347793629999,-73.13258381098403,17.60872285933056,43.73504674434662
1664596220999,40.91347779720407,-73.13258319950943,20.987762837811932,43.95590590965003
1664596221999,40.91347494250631,-73.13257387357184,25.45113543365445,43.857063645496964
1664596222999,40.913440656777034,-73.13252424147946,16.643272610053288,44.04179319366813
1664596223999,40.913434347831135,-73.13251396702015,19.868039214658214,43.98902641609311
1664596224999,40.91342814630357,-73.13250396780265,23.721399774874524,44.14248245861381
1664596225999,40.91342193427271,-73.13249375395559,28.199981532526508,44.160840353928506
1664596226999,40.91341542493838,-73.13248289405146,33.46486174885318,44.15730232745409
1664596227999,40.91343871450315,-73.13252172246052,21.710664705043573,44.224728813394904
1664596228999,40.91343904841605,-73.13252228390529,21.530617836146124,44.21315611433238
1664596229999,40.91343902289553,-73.13252224111129,21.55522771065048,44.21921017020941
1664596231999,40.91343907105493,-73.13252233721654,21.730360207495245,44.17886091489345
1664596232999,40.91343906606984,-73.13252228332176,22.02566649079703,44.16267498396337
1664596233999,40.91343906992833,-73.13252232439851,21.92417894113916,44.135713960044086
1664596234999,40.913439068331414,-73.13252233545862,21.95941466628693,44.18192893080413
1664596236024,40.91343932751768,-73.1325244977547,22.116714890561983,44.10577027872205
1664596237023,40.9134393365299,-73.1325245444092,17.526936339173123,44.101912629790604
1664596239022,40.91343068716879,-73.13253069048645,13.44051322781534,44.15059708990157
1664596240022,40.91343068716879,-73.13253069048645,13.520538886272373,44.15059708990157
1664596241022,40.91343069430453,-73.13253069374834,13.691273012358224,44.23847265448421
1664596243022,40.91343069430453,-73.13253069374834,13.817347690841574,44.23847265448421
1664596244022,40.913430699831444,-73.13253069128666,13.908317811010493,44.106514123268425
1664596245023,40.91343071419463,-73.1325306928162,14.08942651136111,44.17797436658293
1664596246024,40.91343071163072,-73.13253070115736,14.165330089186606,44.153581915423274
1664596247018,40.91343070801919,-73.13253070335765,14.219816126762455,44.11367932986468
1664596248024,40.91343071300561,-73.13253069945796,14.301930226935259,44.138853680342436
1664596249025,40.91342703661299,-73.13252314668942,10.896116905805783,44.09567113220692
1664596251022,40.913451875627715,-73.13257253787722,10.092699056119207,44.097903995774686
1664596253023,40.913451875627715,-73.13257253787722,9.350902880432102,44.097903995774686
1664596254023,40.91346851451009,-73.13260575885354,9.246410802028466,44.014342000707984
1664596255024,40.91346863407383,-73.1326060004314,9.176331207789728,44.01026774290949
1664596256024,40.91346863407383,-73.1326060004314,9.12932139911466,44.01026774290949
1664596258023,40.91348249563568,-73.13263328848647,9.237646708345503,43.83718411438167
1664596259023,40.91348260290558,-73.1326335049308,9.24425780141853,43.832843109965324
1664596260022,40.91348428767413,-73.13263689200176,9.580049795436947,43.89058405440301
1664596261025,40.913480290078155,-73.13263354237459,9.541820152608619,43.712656896561384
1664596262024,40.913477636163385,-73.13262347286519,8.218880216930586,43.815799484960735
1664596263032,40.91347765923806,-73.13262351156885,8.362487982420513,43.85351411625743
1664596264022,40.91347762957814,-73.13262345428701,8.481125201229196,43.860782018862665
1664596265023,40.91347760777483,-73.13262340949011,8.856799067399814,43.89879799541086
1664596266024,40.91347821103272,-73.13262387887815,8.763930080792726,43.87475372105837
1664596267022,40.913477941293635,-73.13262330327903,8.973584522239745,43.83851821348071
1664596268024,40.913478267716705,-73.1326239327421,10.251054375484252,43.854348245076835
1664596270023,40.91348371699832,-73.13263504589467,9.852755879762539,43.77704524062574
1664596271023,40.91348309105163,-73.1326337211513,10.444138622265662,43.76192279532552
1664596272019,40.91348225875465,-73.13263859752848,12.253363850253681,43.78057565819472
1664596273013,40.913478742292696,-73.13262090892468,10.339139374872722,43.73412629496306
1664596274013,40.91347735204721,-73.13261641853528,13.187972550222955,43.75047989375889
1664596275012,40.91347608050281,-73.1326123338939,16.644098603792226,43.86978006735444
1664596276013,40.9134747315071,-73.13260796010088,20.917308628187726,43.82751262933016
1664596277013,40.91347334139211,-73.13260346682962,25.91147826665847,43.882599796168506
1664596278010,40.913472669486886,-73.13260129135178,28.513909698368437,43.77985819708556
1664596287011,40.91344254456518,-73.13254944691997,14.473725140464607,43.937315818853676
1664596288013,40.913442502609456,-73.13254940945285,14.532682227853568,43.99777093809098
1664596289011,40.91344249806114,-73.13254939977183,14.59939906003604,44.003947547636926
1664596290013,40.91344246340391,-73.13254938873115,14.686081639690611,43.94882265012711
1664596291013,40.91344244772021,-73.13254938059939,14.744001306055706,43.95208128076047
1664596292012,40.9134424832363,-73.13254939629468,14.845414005955918,44.07510787434876
1664596300013,40.91343628288117,-73.13254069733439,11.681829727272307,44.11169341020286
1664596301013,40.91343628288117,-73.13254069733439,11.760984815314021,44.11169341020286
1664596303012,40.91343628288117,-73.13254069733439,11.919849410067709,44.11169341020286
1664596304013,40.913435856350205,-73.13254078259875,12.141661023047796,44.073237450793386
1664596305999,40.913435852235885,-73.13254077932449,12.514712982211844,44.08175145741552
1664596306999,40.91343586642914,-73.132540788503,13.395273733456724,44.14852651208639
1664596308012,40.91343586642914,-73.132540788503,12.870674404305417,44.14852651208639
1664596308999,40.91343280473081,-73.13253899436982,12.0229122387854,44.082112804055214
1664596310013,40.91342996119528,-73.13253437833654,10.419605173727225,44.10525320842862
1664596312011,40.91343006659827,-73.13253450153447,10.628964936716478,44.18087078258395
1664596313013,40.91343006659827,-73.13253450153447,10.823556778849326,44.18087078258395
1664596314015,40.91343006659827,-73.13253450153447,10.9243557596937,44.18087078258395
1664596315013,40.91343008104754,-73.13253451566663,11.042645158896411,44.22242954187095
1664596316013,40.913430075764076,-73.13253451328997,11.131972737455122,44.09056624677032
1664596317012,40.91343008034499,-73.13253451616795,11.360686777265261,44.172641712240875
1664596318012,40.91343007944973,-73.13253451743567,11.451700246620156,44.16786085348576
1664596319013,40.91343007944973,-73.13253451743567,11.533811691909527,44.16786085348576
1664596320011,40.91343041689424,-73.13253410070449,11.620052008164231,44.15563387237489
1664596321012,40.91342857118998,-73.1325335419454,11.025493990566016,44.12647806480527
1664596322011,40.91342782398256,-73.13253136876567,9.722763366992071,44.16487619001418
1664596323012,40.91342785819376,-73.1325313947881,10.045742231936794,44.17916682269424
1664596324012,40.913427841745616,-73.13253137615742,10.822613900877936,44.13801087997854
1664596325014,40.9134278380065,-73.13253137254345,10.596837169480885,44.17724843136966
1664596326014,40.91342785348541,-73.13253138881252,10.98577262277882,44.027216574177146
1664596328013,40.91342785348541,-73.13253138881252,11.010064725748808,44.027216574177146
1664596329013,40.91342785348541,-73.13253138881252,11.055641551708101,44.027216574177146
1664596330013,40.91342785266179,-73.13253138915645,11.17772087560895,43.97924917843193
1664596331013,40.91342785266179,-73.13253138915645,11.266117460494849,43.97924917843193
1664596333012,40.91342785266179,-73.13253138915645,9.427258937846522,43.97924917843193
1664596334011,40.913427509484016,-73.13252737671516,9.553401572562425,44.15053270198405
1664596335012,40.913427507382245,-73.13252739239623,9.786769220804464,44.19127653632313
1664596336011,40.9134275127158,-73.13252738003183,10.338244034538693,44.099417886696756
1664596338011,40.9134275127158,-73.13252738003183,10.296056904336668,44.099417886696756
1664596339011,40.9134275127158,-73.13252738003183,10.368286790750888,44.099417886696756
1664596340012,40.9134275127158,-73.13252738003183,10.46405786883517,44.099417886696756
1664596342011,40.913427490811145,-73.1325274272044,10.833136154309383,44.1543410429731
1664596343012,40.91342749204238,-73.13252742572475,11.331544611644361,44.157423133030534
1664596344012,40.91342752138506,-73.13252737520699,11.285114646278487,44.09764387924224
1664596345015,40.91342752138506,-73.13252737520699,9.558783690071126,44.09764387924224
1664596347012,40.91342752138506,-73.13252737520699,9.723086974507382,44.09764387924224
1664596348013,40.91342752138506,-73.13252737520699,9.839917934909774,44.09764387924224
1664596349013,40.91342752138506,-73.13252737520699,9.937765034868765,44.09764387924224
1664596350012,40.91342807577791,-73.13252481947534,10.012191290739233,44.18021738529205
1664596351014,40.91342807941238,-73.1325248050749,10.386448368582258,44.11442887503654
1664596353013,40.91342807941238,-73.1325248050749,10.448597169943376,44.11442887503654
1664596354013,40.91342807941238,-73.1325248050749,10.5479460488491,44.11442887503654
1664596355013,40.91342807941238,-73.1325248050749,10.639199137795757,44.11442887503654
1664596356014,40.913426066325336,-73.1325273265901,10.741677238072397,44.113404950127006
1664596357017,40.91342504332815,-73.13252773712354,10.410660410859691,44.21193590387702
1664596358014,40.913424274000285,-73.13252903205047,9.335660811787557,44.22799847088754
1664596359013,40.91342435320644,-73.13252892150498,9.419685809639265,44.1600210852921
1664596361013,40.91342435320644,-73.13252892150498,9.799040014408096,44.1600210852921
1664596362013,40.91342435320644,-73.13252892150498,9.877726630560453,44.1600210852921
1664596363017,40.91342432837744,-73.13252896432613,10.219019487557873,44.13013945519924
1664596364013,40.913424330360215,-73.1325289610904,10.99790541536047,44.12896921951324
1664596365014,40.91342433961867,-73.13252894926798,12.339993946766825,44.201749625615776
1664596366014,40.91342434570332,-73.13252894227334,14.135305000748941,44.270060741342604
1664596367013,40.913424347133486,-73.13252893994014,12.542534513080586,44.28644817136228
1664596368013,40.913424347133486,-73.13252893994014,12.51141789515877,44.28644817136228
1664596369014,40.913424347133486,-73.13252893994014,10.020931575580706,44.28644817136228
1664596370014,40.913424347133486,-73.13252893994014,10.119932841036862,44.28644817136228
1664596370998,40.9134239458295,-73.13253301721838,10.212888820582316,44.14271689020097
1664596371998,40.91342394585417,-73.1325330209322,10.311661002775503,44.14118332322687
1664596373998,40.91342394585417,-73.1325330209322,10.498980913312204,44.14118332322687
1664596375998,40.91342394585417,-73.1325330209322,10.696788172325284,44.14118332322687
1664596377997,40.91342394585417,-73.1325330209322,10.988227974287827,44.14118332322687
1664596378997,40.913424415563334,-73.13253244929419,11.089439037674433,44.15202479530126
1664596379997,40.913424415563334,-73.13253244929419,11.176436849550464,44.15202479530126
1664596380997,40.91342288143255,-73.1325317889234,9.365932386156654,44.21426805667579
1664596381997,40.91342288005349,-73.13253178163741,9.474201527838995,44.198681463487446
1664596382997,40.91342288005349,-73.13253178163741,9.587078534659202,44.198681463487446
1664596383997,40.91342288005349,-73.13253178163741,9.816613659785293,44.198681463487446
1664596384998,40.91342288123707,-73.13253177488566,10.218422129442285,44.169797306880355
1664596385998,40.91342287726477,-73.13253176593547,11.04141499245121,44.063673994503915
1664596386998,40.91342287726477,-73.13253176593547,10.629591832871267,44.063673994503915
1664596387998,40.91342288127513,-73.13253177544854,10.726085349522176,44.15415264479816
1664596388998,40.91342288127513,-73.13253177544854,10.76785039069974,44.15415264479816
1664596389998,40.91342288127513,-73.13253177544854,10.857625233422917,44.15415264479816
1664596390998,40.91342288127513,-73.13253177544854,10.940653512325545,44.15415264479816
1664596391998,40.91342288127513,-73.13253177544854,11.053524184024935,44.15415264479816
1664596392998,40.91342288127513,-73.13253177544854,10.393559033740498,44.15415264479816
1664596393998,40.91342288127513,-73.13253177544854,9.322516250224917,44.15415264479816
1664596394998,40.91342272972665,-73.13253265789943,9.545115657762985,44.21152965910733
1664596395998,40.913422729458404,-73.13253266037131,9.63702516488482,44.215611149556935
1664596396998,40.913422729458404,-73.13253266037131,9.732163482653116,44.215611149556935
1664596397998,40.913422729458404,-73.13253266037131,9.817701724299313,44.215611149556935
1664596398998,40.913422914426825,-73.13253588030152,9.928645892927207,44.225293127819896
1664596399998,40.913422914426825,-73.13253588030152,10.030081991853539,44.225293127819896
1664596400999,40.913422914426825,-73.13253588030152,10.112686563347786,44.225293127819896
1664596401999,40.91342247460204,-73.13253503690721,10.323146053718864,44.15497743245214
1664596402999,40.913422381586095,-73.13253593135178,10.764423340957771,44.16108345799148
1664596403999,40.91342198627021,-73.13253771107433,11.808145600311391,44.06389990076423
1664596404999,40.91342175964794,-73.13254156237653,10.546346459049744,44.10108659788966
1664596405999,40.91342272536193,-73.13253515006666,9.870365961998997,44.086969315074384
1664596406999,40.91342272536193,-73.13253515006666,9.921604544581323,44.086969315074384
1664596407999,40.91342272536193,-73.13253515006666,10.006804050477315,44.086969315074384
1664596408999,40.91342225710657,-73.13253483998194,10.348820441331748,44.15611588768661
1664596409999,40.913422257196544,-73.13253485918901,10.38195911856256,44.15538027510047
1664596410999,40.9134222653727,-73.13253765212909,10.719272544419697,44.14729808550328
1664596411999,40.91342220366825,-73.13253728062949,11.349587857178529,44.09437023848295
1664596412999,40.91342220366825,-73.13253728062949,11.096549930573273,44.09437023848295
1664596413999,40.91342220366825,-73.13253728062949,11.513473426437319,44.09437023848295
1664596414999,40.91342220366825,-73.13253728062949,11.46000709029797,44.09437023848295
1664596415999,40.91342191718034,-73.13253911795336,11.835407132102365,44.10914996359497
1664596416999,40.91342270437074,-73.13253438635965,10.06341000368043,44.20597268361598
1664596417999,40.91342305413987,-73.1325330675311,11.497113762868377,44.12067053373903
1664596418999,40.91342352269239,-73.13253173635401,13.879567200115703,44.1524204313755
1664596419999,40.91342399868986,-73.132530713123,16.93992714735198,44.26382032223046
1664596420999,40.9134252586698,-73.13252706458596,20.922475461873844,44.21462413482368
1664596421999,40.913425382322444,-73.13252674135443,25.554014988077657,44.21748008392751
1664596422999,40.913425382322444,-73.13252674135443,29.637225980994653,44.21748008392751
1664596423999,40.913425712650074,-73.13252805073735,33.92134943982385,44.223178279586136
1664596424999,40.91342613011411,-73.13252717616852,21.606976404038637,44.22825758252293
1664596425999,40.91342613011411,-73.13252717616852,21.171714778280137,44.22825758252293
1664596426999,40.91342613011411,-73.13252717616852,21.07288324792586,44.22825758252293
1664596427999,40.91342613011411,-73.13252717616852,21.289825679556234,44.22825758252293
1664596428999,40.91342613011411,-73.13252717616852,17.098490988995383,44.22825758252293
1664596429999,40.91342310122247,-73.13253530394572,13.036821888626056,44.22990352939814
1664596430999,40.91342312498195,-73.13253530895894,13.11582616451186,44.152486361563206
1664596431999,40.91342312258436,-73.13253531096426,13.194462014872135,44.20070419088006
1664596432999,40.91342312258436,-73.13253531096426,13.279415248850842,44.20070419088006
1664596433999,40.91342312969675,-73.1325353125947,13.442990345477726,44.14543160237372
1664596434999,40.91342313349965,-73.13253531405608,13.516138490133915,44.21833181194961
1664596435999,40.91342313349965,-73.13253531405608,13.555281557927755,44.21833181194961
1664596437015,40.91342333823677,-73.13253280364533,13.626099665968354,44.1186289768666
1664596439014,40.91342333823677,-73.13253280364533,13.76946832176923,44.1186289768666
1664596440014,40.913423164898774,-73.13253304742366,13.93554859035299,44.137816653586924
1664596441016,40.913423164898774,-73.13253304742366,12.574710347863483,44.137816653586924
1664596442017,40.913423164898774,-73.13253304742366,10.807921747202977,44.137816653586924
1664596444015,40.913423164898774,-73.13253304742366,10.964907398091917,44.137816653586924
1664596446015,40.91342588820981,-73.13252783923365,11.325279575728608,44.18336223065853
1664596448014,40.91342588820981,-73.13252783923365,11.444134411871294,44.18336223065853
1664596449015,40.91342588820981,-73.13252783923365,11.522959962280623,44.18336223065853
1664596450016,40.91342588820981,-73.13252783923365,11.593756672095875,44.18336223065853
1664596452015,40.91342588820981,-73.13252783923365,11.751754496079974,44.18336223065853
1664596453016,40.91342588820981,-73.13252783923365,9.607909727926055,44.18336223065853
1664596455015,40.913424553451286,-73.1325268157777,9.909798028933055,44.19035267736763
1664596456016,40.913424553451286,-73.1325268157777,9.976523481303559,44.19035267736763
1664596457016,40.913424553451286,-73.1325268157777,10.108899693149448,44.19035267736763
1664596459015,40.913424553451286,-73.1325268157777,10.281728965899696,44.19035267736763
1664596460016,40.913424553451286,-73.1325268157777,10.383836658531687,44.19035267736763
1664596461014,40.91342329517625,-73.13253182671421,10.4501774703905,44.156181149184704
1664596462014,40.91342328538634,-73.13253186805245,10.582072351099088,44.21689816378057
1664596463019,40.91342328632212,-73.13253185660315,10.907966752831754,44.08892991300672
1664596464014,40.91342328942642,-73.13253184990332,10.882261938911505,44.14714295975864
1664596465017,40.91342255368569,-73.13253163386743,10.674619160437128,44.109585587866604
1664596466016,40.91342412223564,-73.13253042659812,9.437925285047188,44.25145488418639
1664596467015,40.913424119520755,-73.13253034953217,9.796454972584117,44.176046379841864
1664596468016,40.913424119520755,-73.13253034953217,9.851542466218422,44.176046379841864
1664596469018,40.913424121638755,-73.13253034843571,10.185489114903346,44.17014907673001
1664596471015,40.91342390806013,-73.13253120212543,10.64302746798105,44.11254853568971
1664596472017,40.91342390806013,-73.13253120212543,10.629514648724868,44.11254853568971
1664596474016,40.91342384179418,-73.13253143952299,10.785513988941759,44.195653717033565
1664596476016,40.9134238391797,-73.13253144108945,11.153172917047941,44.085022300481796
1664596477999,40.91342337262675,-73.13252718109294,9.373440179078615,44.19211934134364
1664596478999,40.913423372476025,-73.13252717789351,9.469396268792158,44.121831672266126
1664596479999,40.913423372476025,-73.13252717789351,9.570615967751115,44.121831672266126
1664596481016,40.91342343258918,-73.13252694272057,9.693779611086063,44.198469436727464
1664596482017,40.913423506260244,-73.1325266487897,10.062413854083513,44.21128680650145
1664596483999,40.913423506260244,-73.1325266487897,10.148842963325347,44.21128680650145
1664596485016,40.913423506260244,-73.1325266487897,10.215678739580236,44.21128680650145
1664596486017,40.913423551869705,-73.13252644968246,10.487178357263316,44.2295981887728
1664596487015,40.91342355631315,-73.13252644385108,11.192858869463784,44.11779357306659
1664596488016,40.913423557198044,-73.13252644310975,12.596197457315407,44.152440019883215
1664596490015,40.913423557198044,-73.13252644310975,9.843091425569193,44.152440019883215
1664596492016,40.913423557198044,-73.13252644310975,10.23402917180627,44.152440019883215
1664596493015,40.91342565514197,-73.13252493136991,10.71497678189503,44.08935094997287
1664596494016,40.913425699621705,-73.13252490448366,11.40858044947203,44.17496298626065
1664596495016,40.91342567020023,-73.13252493050946,11.213001506331805,44.24549354147166
1664596496017,40.91342567862907,-73.13252492656093,11.668029325618859,44.23589951079339
1664596498016,40.9134256738222,-73.13252492815842,11.674970813408986,44.18023318424821
1664596500016,40.9134256738222,-73.13252492815842,11.990552974415213,44.18023318424821
1664596501999,40.9134256738222,-73.13252492815842,9.830992486863089,44.18023318424821
1664596503014,40.91342462656823,-73.1325206130555,10.057693661729484,44.17620493285358
1664596504016,40.91342462155258,-73.13252060890353,10.166037746470959,44.17716532200575
1664596506015,40.91342462155258,-73.13252060890353,10.349458176550517,44.17716532200575
1664596507016,40.91342462155258,-73.13252060890353,10.414047918351477,44.17716532200575
1664596508016,40.91342465813201,-73.1325205115664,10.699122978902393,44.254411027766764
1664596509015,40.91342465534205,-73.13252051658075,11.260312675471301,44.26502394024283
1664596510015,40.91342474929087,-73.1325201225022,12.593113588565336,44.19412738736719
1664596511015,40.913424747162836,-73.1325201221645,11.714038937321966,44.13200143631548
1664596512016,40.91342472653888,-73.13252030625988,11.772646810225739,44.14554535318166
1664596513017,40.91342472582867,-73.13252030584451,10.94511231965248,44.125699306838214
1664596515015,40.91342472582867,-73.13252030584451,9.790346624562392,44.125699306838214
1664596516015,40.91342472582867,-73.13252030584451,10.00905367511505,44.125699306838214
1664596517015,40.913423406737536,-73.13252168201863,10.149938100557383,44.11724406294525
1664596518999,40.913423406737536,-73.13252168201863,10.47013334199569,44.11724406294525
1664596519999,40.913423408310805,-73.13252167823019,10.566626802096582,44.13953548576683
1664596520999,40.913423408310805,-73.13252167823019,10.670460764644089,44.13953548576683
1664596522000,40.913423408310805,-73.13252167823019,10.873913444562818,44.13953548576683
1664596525000,40.913423406309114,-73.13252142662009,200.0,44.13947296142578
1664596526000,40.91342447953392,-73.13252580615597,9.503957792323027,44.13223380129784
1664596527015,40.91342448458129,-73.13252582363062,9.575752796114271,44.12468252517283
1664596528000,40.913424467555814,-73.13252578469117,9.700305577309834,44.15373653173447
1664596529000,40.91342446888735,-73.13252578928352,9.79917120959384,44.15194583684206
1664596530000,40.91342446888735,-73.13252578928352,10.064024773738685,44.15194583684206
1664596532000,40.91342446888735,-73.13252578928352,10.205497654795378,44.15194583684206
1664596533000,40.91342426112099,-73.13252659838106,10.329711154592545,44.191360618919134
1664596534000,40.91342520630459,-73.13252848873043,10.438647325805322,44.19511448871344
1664596536000,40.91342520630459,-73.13252848873043,10.732749950729113,44.19511448871344
1664596538000,40.91342557674861,-73.13253151104786,9.165930262889203,44.11908420547843
1664596539000,40.91342558848299,-73.13253153645107,9.277092117465793,44.07431280426681
1664596540000,40.91342558848299,-73.13253153645107,9.396779115945897,44.07431280426681
1664596542000,40.913425831426025,-73.13253288155148,9.725682310688885,44.2010795166716
1664596543000,40.91342583467375,-73.13253288407611,9.830645411018285,44.20394079107791
1664596545000,40.913425831728,-73.13253288098687,10.163711456951376,44.1185044888407
1664596546000,40.9134258324419,-73.13253288141688,10.272804978996339,44.11566492263228
1664596547000,40.91342627417159,-73.13253374109537,10.577143363985854,44.19638192560524
1664596548000,40.91342627833117,-73.13253375003184,10.658415885353884,44.149012722074986
1664596549000,40.91342678415679,-73.13253592373108,9.180319194318548,44.17277972213924
1664596550000,40.913426793648654,-73.13253595353238,9.07812037351572,44.17709131818265
1664596551000,40.91342013571225,-73.13258167788818,8.4535719946546,44.195952186360955
1664596552000,40.91340706699938,-73.13259034785241,8.164836614881288,44.05006719287485
1664596553000,40.91339770488303,-73.13260232408592,7.735386110082037,44.134185382165015
1664596554000,40.91338369003929,-73.13260983403616,8.376965399517022,44.170418398454785
1664596555000,40.91338304112675,-73.13262330082,9.413468117135636,44.02448182459921
1664596556000,40.91337759038626,-73.13262449962656,11.077291966771385,44.01689917873591
1664596558000,40.91337759038626,-73.13262449962656,8.82772924844413,44.01689917873591
1664596559000,40.91338122543781,-73.13261892936153,9.324595470154561,43.923353081569076
1664596560000,40.91338130016651,-73.13261878256495,9.296524375957363,43.89484100230038
1664596561000,40.91339481833368,-73.1326001128535,8.495495436576054,43.83776540309191
1664596562000,40.913389721423044,-73.13260576571435,9.282668377701885,43.83252753037959
1664596563000,40.91338681109346,-73.13262040137465,7.810234542762694,43.89415724109858
1664596564000,40.91338241137625,-73.13261919354507,8.323199934758934,43.88957192376256
1664596566000,40.91338241137625,-73.13261919354507,7.35679137198128,43.88957192376256
1664596567000,40.91338241137625,-73.13261919354507,6.980091419142826,43.88957192376256
1664596568000,40.9133750159063,-73.1326388359415,7.08063092841365,43.82646931055933
1664596569000,40.91337853672756,-73.13264205773068,7.185200340740762,43.783675944432616
1664596570000,40.91337856907309,-73.1326421242519,6.714171252677322,43.782562480308115
1664596571000,40.91337856907309,-73.1326421242519,6.415878056510472,43.782562480308115
1664596572000,40.91337856907309,-73.1326421242519,6.296090418229193,43.782562480308115
1664596573000,40.91338103247551,-73.1326497290241,5.957617246843437,43.739214797504246
1664596574000,40.91338767075682,-73.13263619267879,6.5253548312203975,43.68270095810294
1664596575000,40.91338811648683,-73.13263469750697,6.5347376954474585,43.72766907885671
1664596576000,40.91338811648683,-73.13263469750697,6.199919867333986,43.72766907885671
1664596577000,40.913381590300695,-73.13264232130427,6.468444525440218,43.86329450644553
1664596578000,40.913381590300695,-73.13264232130427,6.116179474912868,43.86329450644553
1664596579000,40.91337843038949,-73.13264823802301,6.090150954328439,43.8090764535591
1664596580000,40.91337843038949,-73.13264823802301,6.0029939662854845,43.8090764535591
1664596581000,40.91337843038949,-73.13264823802301,5.946108286209101,43.8090764535591
1664596582000,40.91337843038949,-73.13264823802301,5.934262562603988,43.8090764535591
1664596583000,40.91337843038949,-73.13264823802301,5.88266532557749,43.8090764535591
1664596584000,40.91337843038949,-73.13264823802301,5.864881302026458,43.8090764535591
1664596585000,40.91336601791013,-73.13264799666753,5.854433792706607,43.745323449373245
1664596586000,40.91336601791013,-73.13264799666753,5.770230069076803,43.745323449373245
1664596587000,40.91336601791013,-73.13264799666753,5.772953030371074,43.745323449373245
1664596588000,40.91337258778781,-73.1326376985514,6.288542344138105,43.82147245854139
1664596589000,40.913371654700995,-73.13264103913824,6.0390649467511786,43.84501570649445
1664596590000,40.913363319807985,-73.13264655362892,7.163091061825254,43.70335114561021
1664596591000,40.913363208828436,-73.13264671566712,6.29737810568762,43.71780643519014
1664596593000,40.913363208828436,-73.13264671566712,6.071343302062059,43.71780643519014
1664596594000,40.913363208828436,-73.13264671566712,5.97792118179954,43.71780643519014
1664596595000,40.913363208828436,-73.13264671566712,6.0084050649261345,43.71780643519014
1664596596000,40.913363208828436,-73.13264671566712,5.8865212771023865,43.71780643519014
1664596597000,40.913363208828436,-73.13264671566712,5.9402280130987695,43.71780643519014
1664596598000,40.913363208828436,-73.13264671566712,5.835486462028048,43.71780643519014
1664596599000,40.913363208828436,-73.13264671566712,5.8380396384226065,43.71780643519014
1664596600000,40.913363208828436,-73.13264671566712,5.815322259928287,43.71780643519014
1664596601000,40.91337197507924,-73.13265670757599,5.804402283188247,43.67968125268817
1664596602000,40.91337197507924,-73.13265670757599,5.884648188742173,43.67968125268817
1664596603000,40.91337197507924,-73.13265670757599,5.844520214519131,43.67968125268817
1664596604000,40.91337197507924,-73.13265670757599,5.822957655205226,43.67968125268817
1664596605000,40.91337197507924,-73.13265670757599,5.845816341039665,43.67968125268817
1664596606000,40.91336545205601,-73.13267453541121,5.917297546844883,43.73678252380341
1664596607000,40.91336536430102,-73.13267478400952,5.890421133531627,43.74595305882394
1664596608000,40.91336536430102,-73.13267478400952,5.860380987826987,43.74595305882394
1664596609000,40.91336536430102,-73.13267478400952,5.820344059466675,43.74595305882394
1664596610000,40.91336536430102,-73.13267478400952,5.833914909524267,43.74595305882394
1664596611000,40.91336536430102,-73.13267478400952,5.828893365339274,43.74595305882394
1664596612000,40.91336536430102,-73.13267478400952,5.82864235417412,43.74595305882394
1664596613000,40.91336536430102,-73.13267478400952,5.871662059221864,43.74595305882394
1664596614000,40.913367276940946,-73.13266431237028,5.948383399038308,43.59300291631371
1664596615000,40.913367293139075,-73.13266426498,5.951637397563652,43.617982876487076
1664596616000,40.913367293139075,-73.13266426498,5.941559382936832,43.617982876487076
1664596617000,40.913367293139075,-73.13266426498,5.707179670098343,43.617982876487076
1664596618000,40.913367293139075,-73.13266426498,5.708577485400803,43.617982876487076
1664596619000,40.913367293139075,-73.13266426498,5.685533492264869,43.617982876487076
1664596620000,40.913367293139075,-73.13266426498,5.752629094300002,43.617982876487076
1664596621000,40.913367293139075,-73.13266426498,5.751370019887534,43.617982876487076
1664596622000,40.91337756311875,-73.13266549392999,5.866065842790657,43.61751913558692
1664596623000,40.91337356420557,-73.13266618371914,6.947692465718086,43.66468738671392
1664596624000,40.91337356420557,-73.13266618371914,6.034923709354727,43.66468738671392
1664596625000,40.91337356420557,-73.13266618371914,6.102616734247937,43.66468738671392
1664596626000,40.91336983630447,-73.1326706011251,5.99515057211327,43.530637515708804
1664596627000,40.91336233318998,-73.13266464613656,6.056030290395622,43.73997915908694
1664596628000,40.91336233318998,-73.13266464613656,6.171580129958552,43.73997915908694
1664596629000,40.91335816348869,-73.13267563346655,6.073019697984497,43.739615596830845
1664596630000,40.913359124226076,-73.13267752866889,6.328530459633594,43.7880169916898
1664596631000,40.91335784911794,-73.1326783767559,6.293012718950043,43.64170010574162
1664596632000,40.91335784911794,-73.1326783767559,6.220783167269433,43.64170010574162
1664596633000,40.91335389041955,-73.13267042444066,6.128100869112388,43.73083813395351
1664596634000,40.91335385880222,-73.13267036591147,6.085166325613965,43.73927428107709
1664596635000,40.91335385880222,-73.13267036591147,6.1186969455507585,43.73927428107709
1664596636000,40.91335385880222,-73.13267036591147,6.1181833962789565,43.73927428107709
1664596637000,40.91335385880222,-73.13267036591147,6.195278874225081,43.73927428107709
1664596638000,40.91335436771427,-73.13267204722678,6.392688031023942,43.680293063633144
1664596639000,40.91335436771427,-73.13267204722678,6.296998962940886,43.680293063633144
1664596640000,40.91335436771427,-73.13267204722678,6.319988822698895,43.680293063633144
1664596641000,40.91335436771427,-73.13267204722678,6.369753707554157,43.680293063633144
1664596642000,40.91335209630538,-73.13268185716748,6.577671541206997,43.70364239811897
1664596643000,40.91335209630538,-73.13268185716748,6.470749158353887,43.70364239811897
1664596644000,40.91335209630538,-73.13268185716748,6.39409259721479,43.70364239811897
1664596645000,40.91335209630538,-73.13268185716748,6.151930061603162,43.70364239811897
1664596646000,40.91335209630538,-73.13268185716748,6.183891147523397,43.70364239811897
1664596647000,40.91335209630538,-73.13268185716748,6.061815811886165,43.70364239811897
1664596648000,40.91335209630538,-73.13268185716748,6.12498551637783,43.70364239811897
1664596650000,40.91335209630538,-73.13268185716748,5.85897081016776,43.70364239811897
1664596651000,40.91335056062691,-73.13266900595937,5.940778037941315,43.70260630361736
1664596652000,40.91335058127682,-73.1326687500542,5.949214137638451,43.71289183013141
1664596654000,40.91335058127682,-73.1326687500542,5.9700313202093005,43.71289183013141
1664596656000,40.91335058127682,-73.1326687500542,6.149387323096128,43.71289183013141
1664596658000,40.913342113483424,-73.13267292757826,6.2934811581744565,43.61685623601079
1664596660000,40.9133421607197,-73.13267297462865,6.8566589124951225,43.57726068608463
1664596661000,40.91334215487129,-73.13267299922289,7.217974988384781,43.606889113783836
1664596662000,40.91334616961255,-73.1326765127787,7.511610044426623,43.50986356288195
1664596663000,40.913346034758156,-73.13267761660903,9.050157795918858,43.63373754546046
1664596665000,40.913346034758156,-73.13267761660903,7.523981074425812,43.63373754546046
1664596666000,40.91333913441647,-73.13268393156052,7.628575788986977,43.59245418943465
1664596668000,40.91333913441647,-73.13268393156052,7.778656430407258,43.59245418943465
1664596670027,40.91333937158173,-73.1326852915357,8.057216593081915,43.55292711313814
1664596672027,40.91333937158173,-73.1326852915357,7.139899689529029,43.55292711313814
1664596674000,40.91333937158173,-73.1326852915357,7.322626912946616,43.55292711313814
1664596675028,40.91336097452565,-73.13265112652604,7.3005135153485865,43.63023584149778
1664596676026,40.913360960626264,-73.1326511345879,7.441204281459163,43.65105570387095
1664596677026,40.91336102580745,-73.13265078790569,8.185373448630813,43.61064592283219
1664596678026,40.913361082143645,-73.1326504425668,9.924005948974742,43.659137485548854
1664596679022,40.913361096580466,-73.13264825084642,11.418817285287558,43.615884150378406
1664596681017,40.913361096580466,-73.13264825084642,9.269891372615028,43.615884150378406
1664596682016,40.91336100768739,-73.13264945389095,9.380953278017575,43.589107506908476
1664596683042,40.913368806859914,-73.13264138499551,8.142588939003517,43.69305657874793
1664596685016,40.913368806859914,-73.13264138499551,8.334005098125402,43.69305657874793
1664596694016,40.913381951900654,-73.1326267170284,9.61130538178956,43.72669838368893
1664596696016,40.91339522764353,-73.13260374304754,8.435018280563021,43.848708619363606
1664596697016,40.91339530969392,-73.13260352731709,8.550942490833373,43.852728008292615
1664596698015,40.91339532568869,-73.13260350210763,8.871014429179185,43.879992560483515
1664596707016,40.91339534570596,-73.13260345097649,9.121632578412534,43.78349927999079
1664596709014,40.91339534570596,-73.13260345097649,9.320332200159493,43.78349927999079
1664596710015,40.91339534570596,-73.13260345097649,9.427529183442795,43.78349927999079
1664596711015,40.913406359576754,-73.13257740023872,9.54174827581286,43.8772115316242
1664596712015,40.91340637327032,-73.13257736186002,9.709041041911238,43.87669937033206
1664596718015,40.91340635529231,-73.1325773948589,10.261334019896285,43.84025833662599
1664596719016,40.91340635529231,-73.1325773948589,8.751226578290654,43.84025833662599
1664596721014,40.91341238865793,-73.13256088993023,9.06609949207028,44.00668624043465
1664596722015,40.91341240234154,-73.13256085864549,9.165987582271251,43.90898330975324
1664596724014,40.913412401658114,-73.1325608940938,9.550452103807066,44.07435394637287
1664596725015,40.913412401658114,-73.1325608940938,9.634984469217203,44.07435394637287
1664596727013,40.913412401658114,-73.1325608940938,9.831874913568573,44.07435394637287
1664596728014,40.913412401658114,-73.1325608940938,9.93214027914815,44.07435394637287
1664596729015,40.91341239194959,-73.13256089636076,10.185111579855803,43.982377224601805
1664596730017,40.91341239194959,-73.13256089636076,10.272804211116322,43.982377224601805
1664596731027,40.91341239194959,-73.13256089636076,8.755025547281146,43.982377224601805
1664596732016,40.913416329468504,-73.13255062672651,8.887436012436682,44.09595825802535
1664596733016,40.91341636536871,-73.13255054048356,9.010683988521913,44.08197097387165
1664596734016,40.91341636536871,-73.13255054048356,9.122195741158063,44.08197097387165
1664596736016,40.91341636536871,-73.13255054048356,9.476506379316929,44.08197097387165
1664596741015,40.91341634073568,-73.13255060534584,9.959148094999193,43.922534371726215
1664596742016,40.91341634073568,-73.13255060534584,10.082689856678819,43.922534371726215
1664596743017,40.91341634073568,-73.13255060534584,8.65689214756029,43.922534371726215
1664596745016,40.91341634073568,-73.13255060534584,8.931688236935761,43.922534371726215
1664596746018,40.91341634073568,-73.13255060534584,9.068239655345794,43.922534371726215
1664596747016,40.91341815498608,-73.13254211466413,9.193034138795849,44.0296962428838
1664596748017,40.91341815498608,-73.13254211466413,9.291680274852016,44.0296962428838
1664596750013,40.91341815498608,-73.13254211466413,9.618348713309105,44.0296962428838
1664596751017,40.91341815864217,-73.13254209059315,9.905422901266776,44.00633872486651
1664596753015,40.91341815864217,-73.13254209059315,10.068368851980777,44.00633872486651
1664596754016,40.91341815864217,-73.13254209059315,10.170000155523235,44.00633872486651
1664596756015,40.91341815864217,-73.13254209059315,8.801352557982119,44.00633872486651
1664596758015,40.91341815864217,-73.13254209059315,9.019552348844384,44.00633872486651
1664596760015,40.913420032596925,-73.13253712321976,9.377068609541919,44.106090624816716
1664596762015,40.913420032596925,-73.13253712321976,9.593848776957707,44.106090624816716
1664596763022,40.913420032596925,-73.13253712321976,9.679782857529517,44.106090624816716
1664596765016,40.913420032596925,-73.13253712321976,9.884417026064245,44.106090624816716
1664596766016,40.913420032596925,-73.13253712321976,9.983142265352738,44.106090624816716
1664596767018,40.913420032596925,-73.13253712321976,8.586559003304338,44.106090624816716
1664596768017,40.91342206656039,-73.13253178982181,8.837793282674857,44.0615204796195
1664596769017,40.913422083497956,-73.13253174565368,8.94467940869925,44.05122607201338
1664596770017,40.913422083497956,-73.13253174565368,9.103201950342644,44.05122607201338
1664596773014,40.913422083497956,-73.13253174565368,9.381671883112984,44.05122607201338
1664596774015,40.913422055843185,-73.13253180148763,9.681321549060351,44.1205838304013
1664596775016,40.91342205776747,-73.13253179779463,9.824536871180513,44.136862356215715
1664596777016,40.91342205539028,-73.13253180164493,10.219546917061948,44.119463813491166
1664596778016,40.91342205540897,-73.13253180159363,10.269730193274041,44.11985587514937
1664596779017,40.9134215526081,-73.13253161353973,10.005329910419322,44.0803690534085
1664596780016,40.91342305125888,-73.13252906790883,9.030502526207313,44.12702388036996
1664596781016,40.91342305125888,-73.13252906790883,9.119373546349772,44.12702388036996
1664596782017,40.91342305125888,-73.13252906790883,9.230886606248509,44.12702388036996
1664596783060,40.91342305125888,-73.13252906790883,9.338856725771906,44.12702388036996
1664596785014,40.91342305125888,-73.13252906790883,9.56104868311604,44.12702388036996
1664596786015,40.91342301592508,-73.13252913778467,9.674361945639326,44.07975500263274
1664596787018,40.91342301592508,-73.13252913778467,9.89230157526503,44.07975500263274
1664596788017,40.91342301711686,-73.1325291358989,10.282112892557786,44.099059716798365
1664596790016,40.91342301711686,-73.1325291358989,10.354227109732454,44.099059716798365
1664596791019,40.91342239521968,-73.13252926798764,8.997980188642199,44.11706920340657
1664596793017,40.91342239521968,-73.13252926798764,9.163222500343428,44.11706920340657
1664596795015,40.91342239521968,-73.13252926798764,9.377083276171904,44.11706920340657
1664596797015,40.91342239521968,-73.13252926798764,9.587029033452934,44.11706920340657
1664596798016,40.91342239521968,-73.13252926798764,9.69105134961974,44.11706920340657
